0,1.0
1,0.99250451890637
2,0.98555344234422
3,0.9791359905111306
4,0.9697808173452657
5,0.9637532051108432
6,0.9554915425688074
7,0.9474889237692466
8,0.9410425158785648
9,0.9341782304411758
10,0.9242508101165023
11,0.9180549942561607
12,0.9053412612886428
13,0.8970531868410502
14,0.8887539543872024
15,0.8803582801401503
16,0.873336853239572
17,0.8658584010536741
18,0.8521051966931882
19,0.8465656031623747
20,0.8389044947482609
21,0.8279530534854016
22,0.818115459011354
23,0.7412131054067778
24,0.7348791440729516
25,0.7295348367318076
26,0.7214498592303366
27,0.7119098262422078
28,0.7047172603345017
29,0.6957443860009455
30,0.6891927381217351
31,0.6812253637684688
32,0.6759435739342232
33,0.6674738182642347
34,0.6598262003950794
35,0.6523960046031089
36,0.6452413104291748
37,0.6352208473798092
38,0.6299909884209804
39,0.6216773533767942
40,0.6151672966106096
41,0.6033621632166928
42,0.5948789736204748
43,0.5891751540444131
44,0.5806664812542764
45,0.5688074408883095
46,0.562141825278504
47,0.5528890347344717
48,0.5464669424560499
49,0.5361597864503991
50,0.5107489827688242
51,0.48229554444982253
52,0.47577605182464117
53,0.46985211245455233
54,0.45089420254029156
55,0.4412573204373284
56,0.4309461615196628
57,0.42347826232432606
58,0.41834195285829007
59,0.3794830783000567
60,0.35723609690718616
61,0.32419221337438253
62,0.31615911275303105
63,0.28702422109163284
64,0.2826816351670757
65,0.2756301540913974
66,0.2696942410760983
67,0.24498106657410482
68,0.23211714949796203
69,0.21097990805324318
70,0.1918541410800011
71,0.18837800873565488
72,0.1858981163647286
73,0.1691591974488498
74,0.15401319727629273
75,0.140308529586584
76,0.12887885425900525
77,0.11756603554679144
78,0.10732977387252302
79,0.09806762128883752
80,0.08968687905956044
81,0.08210366989959643
82,0.07524209850286796
83,0.06903349195658279
84,0.06341571243964095
85,0.058332535326436
86,0.053733086471904154
87,0.0495713330459811
88,0.04580562282156658
89,0.042398267305035736
90,0.03931516453712738
91,0.03652545778907366
92,0.03400122673808724
93,0.031717208031386494
94,0.029650542442069557
95,0.027780546086288258
96,0.02608850341198645
97,0.024557479887364543
98,0.023172152514393342
99,0.021918656471099543
100,0.020784446347767292
101,0.01975817058826109
102,0.018829557879836607
103,0.017989314354390416
104,0.017856215037975735
105,0.017108597330497244
106,0.01643212485438444
107,0.01582002724572614
108,0.015266178425921779
109,0.014765035289827736
110,0.014311582228497958
111,0.013901280931283821
112,0.013530024964895776
113,0.013194098674838773
114,0.012890139997893195
115,0.012615106813456133
116,0.0125735980599849
117,0.012328687823659092
118,0.012107083877771471
119,0.011906568335547936
120,0.011725134370046311
121,0.011560966129157796
122,0.011521969078888972
123,0.011377134571672465
124,0.01124608289012017
125,0.01112750242495512
126,0.011094507995513527
127,0.010990351788680174
128,0.010896107355416663
129,0.010810831465758246
130,0.010733670649939004
131,0.010663852656579573
132,0.010654230818129513
133,0.010591972524275862
134,0.010535638890414001
135,0.01048466611060185
136,0.010438544032126509
137,0.01039681104972443
138,0.010359049485680793
139,0.010324881409570549
140,0.010293964855803698
141,0.010265990401118731
142,0.010240678067770622
143,0.010217774521419453
144,0.010197050535675194
145,0.010178298697922946
146,0.010161331333467772
147,0.010145978627223277
148,0.010132086924145144
149,0.010119517191399804
150,0.010108143626877108
151,0.010097852400120526
152,0.010088540513073679
153,0.010080114769241167
154,0.010072490840946724
155,0.010065592425353488
156,0.010059350480799567
157,0.010053702535805873
158,0.01004859206384057
159,0.01004396791758254
160,0.010039783817021804
161,0.010035997886273625
162,0.010032572234470578
163,0.01002947257653802
164,0.010026667890057529
165,0.010024130104784122
166,0.010021833821709802
167,0.010019756058861755
168,0.010017876021291037
169,0.010016174892949738
170,0.010014635648373649
171,0.010013242882285694
172,0.010011982655414742
173,0.01001084235498669
174,0.010010641486918307
175,0.010009628815547225
176,0.010008712512598496
177,0.010007883407404229
178,0.010007133202000968
179,0.010006454388080885
180,0.010006383778874604
181,0.010006285593206725
182,0.010005687439927998
183,0.010005146208459685
184,0.01000508126487689
185,0.010004597718591562
186,0.010004488238112176
187,0.010004061125784952
188,0.010003674658569574
189,0.010003324968572258
190,0.010003008555977973
191,0.010002722254023126
192,0.010002463197301524
193,0.010002228793086423
194,0.010002016695381656
195,0.010001824781442103
196,0.010001651130528552
197,0.010001494004684296
198,0.010001351831341073
199,0.010001223187580276
200,0.01000110678589191
201,0.010001001461288754
202,0.010000906159646779
203,0.01000081992715512
204,0.010000741900770016
205,0.01000067129957718
206,0.010000607416976144
207,0.010000549613608366
208,0.010000497310958312
209,0.01000044998556348
210,0.010000407163775413
211,0.010000368417019262
212,0.010000333357504469
213,0.010000301634343626
214,0.010000272930040677
215,0.010000246957313311
216,0.010000241004474834
217,0.010000218069866744
218,0.010000197317775177
219,0.010000178540506223
220,0.010000175671452107
221,0.010000158954103147
222,0.010000143827620277
223,0.010000130140612575
224,0.010000117756095864
225,0.01000010655012174
226,0.010000096410537047
227,0.010000093477007888
228,0.010000091516153813
229,0.010000090307047349
230,0.010000081713195554
231,0.010000073937156885
232,0.010000066901106133
233,0.010000060534624136
234,0.010000054773993005
235,0.010000049561558406
236,0.010000044845152541
237,0.010000040577572037
238,0.010000036716105512
239,0.010000033222106111
240,0.010000030060604716
241,0.010000027199959956
242,0.010000024611541538
243,0.010000022269443699
244,0.010000020150225938
245,0.01000001823267841
246,0.010000016497609657
247,0.010000014927654526
248,0.01000001350710038
249,0.010000012221729833
250,0.010000011058678466
251,0.01000001000630607
252,0.010000009054080149
253,0.010000008192470504
254,0.010000007412853859
255,0.010000006707427546
256,0.010000006069131422
257,0.010000005491577205
258,0.01000000496898454
259,0.01000000449612314
260,0.010000004068260454
261,0.010000003681114285
262,0.010000003330809946
263,0.010000003013841472
264,0.010000002727036536
265,0.010000002467524699
266,0.010000002232708678
267,0.010000002020238355
268,0.010000001827987257
269,0.01000000165403127
270,0.010000001496629383
271,0.010000001354206266
272,0.010000001231971216
273,0.010000001114733655
274,0.010000001008652722
275,0.010000000912666725
276,0.010000000825815003
277,0.010000000747228316
278,0.01000000067612014
279,0.010000000611778801
280,0.01000000055356035
281,0.010000000500882119
282,0.010000000453216883
283,0.010000000410087594
284,0.0100000003710626
285,0.010000000335751325
286,0.010000000303800362
287,0.010000000274889936
288,0.0100000002487307
289,0.010000000225060843
290,0.010000000203643472
291,0.010000000184264234
292,0.010000000166729174
293,0.010000000150862795
294,0.010000000136506301
295,0.010000000123516008
296,0.010000000111761905
297,0.010000000101126354
298,0.01000000009150291
299,0.010000000082795257
300,0.010000000074916247
301,0.010000000067787023
302,0.010000000061336235
303,0.01000000005549932
304,0.010000000050217861
305,0.010000000045439
306,0.010000000041114907
307,0.010000000037202306
308,0.010000000033662039
309,0.010000000030458672
310,0.010000000027560147
311,0.010000000024937452
312,0.01000000002256434
313,0.010000000020417059
314,0.010000000018474118
315,0.010000000016716073
316,0.010000000015125328
317,0.010000000013685962
318,0.01000000001238357
319,0.010000000011205117
320,0.010000000010138808
321,0.010000000009173973
322,0.010000000008300954
323,0.010000000007511013
324,0.010000000006796246
325,0.010000000006149498
326,0.010000000005564296
327,0.010000000005034784
328,0.01000000000455566
329,0.010000000004122132
330,0.010000000003729859
331,0.010000000003374915
332,0.01000000000305375
333,0.010000000002763148
334,0.0100000000025002
335,0.010000000002262274
336,0.01000000000204699
337,0.010000000001852192
338,0.010000000001675932
339,0.010000000001516447
340,0.010000000001372139
341,0.010000000001241563
342,0.010000000001123412
343,0.010000000001016505
344,0.010000000000919771
345,0.010000000000832244
346,0.010000000000753045
347,0.010000000000681384
348,0.010000000000616542
349,0.01000000000055787
350,0.010000000000504782
351,0.010000000000456746
352,0.01000000000041328
353,0.010000000000373951
354,0.010000000000338365
355,0.010000000000306165
356,0.01000000000027703
357,0.010000000000250668
358,0.010000000000226814
359,0.01000000000020523
360,0.0100000000001857
361,0.010000000000168029
362,0.010000000000152038
363,0.01000000000013757
364,0.010000000000124479
365,0.010000000000112632
366,0.010000000000101913
367,0.010000000000092215
368,0.010000000000083439
369,0.010000000000075499
370,0.010000000000068314
371,0.010000000000061812
372,0.01000000000005593
373,0.010000000000050607
374,0.010000000000045792
375,0.010000000000041434
376,0.010000000000037491
377,0.010000000000033923
378,0.010000000000030694
379,0.010000000000027773
380,0.01000000000002513
381,0.010000000000022737
382,0.010000000000020574
383,0.010000000000019882
384,0.01000000000001799
385,0.010000000000016277
386,0.010000000000014728
387,0.010000000000013326
388,0.010000000000012058
389,0.010000000000011564
390,0.010000000000010464
391,0.010000000000009468
392,0.01000000000000934
393,0.010000000000008452
394,0.010000000000008205
395,0.010000000000007425
396,0.010000000000007284
397,0.010000000000006688
398,0.010000000000006051
399,0.010000000000005475
400,0.010000000000004955
401,0.010000000000004483
402,0.010000000000004056
403,0.010000000000003891
404,0.010000000000003522
405,0.010000000000003187
406,0.010000000000002883
407,0.01000000000000261
408,0.010000000000002361
409,0.010000000000002136
410,0.010000000000001962
411,0.010000000000001775
412,0.010000000000001752
413,0.010000000000001586
414,0.010000000000001435
415,0.010000000000001298
416,0.010000000000001175
417,0.010000000000001088
418,0.010000000000001067
419,0.010000000000001046
420,0.010000000000001006
421,0.010000000000000911
422,0.010000000000000824
423,0.010000000000000746
424,0.010000000000000675
425,0.01000000000000061
426,0.010000000000000554
427,0.010000000000000502
428,0.010000000000000453
429,0.01000000000000041
430,0.010000000000000371
431,0.010000000000000337
432,0.010000000000000306
433,0.010000000000000276
434,0.01000000000000025
435,0.010000000000000226
436,0.010000000000000205
437,0.0100000000000002
438,0.01000000000000018
439,0.010000000000000163
440,0.010000000000000148
441,0.010000000000000134
442,0.010000000000000122
443,0.01000000000000011
444,0.010000000000000099
445,0.01000000000000009
446,0.010000000000000082
447,0.010000000000000075
448,0.010000000000000068
449,0.010000000000000061
450,0.010000000000000056
451,0.01000000000000005
452,0.010000000000000045
453,0.010000000000000042
454,0.010000000000000038
455,0.010000000000000035
456,0.010000000000000031
457,0.010000000000000028
458,0.010000000000000024
459,0.010000000000000023
460,0.010000000000000021
461,0.01000000000000002
462,0.010000000000000018
463,0.010000000000000016
464,0.010000000000000014
465,0.010000000000000012
466,0.01000000000000001
467,0.010000000000000009
468,0.010000000000000009
469,0.010000000000000009
470,0.010000000000000009
471,0.010000000000000009
472,0.010000000000000009
473,0.010000000000000009
474,0.010000000000000009
475,0.010000000000000009
476,0.010000000000000009
477,0.010000000000000009
478,0.010000000000000009
479,0.010000000000000009
480,0.010000000000000009
481,0.010000000000000009
482,0.010000000000000009
483,0.010000000000000009
484,0.010000000000000009
485,0.010000000000000009
486,0.010000000000000009
487,0.010000000000000009
488,0.010000000000000009
489,0.010000000000000009
490,0.010000000000000009
491,0.010000000000000009
492,0.010000000000000009
493,0.010000000000000009
494,0.010000000000000009
495,0.010000000000000009
496,0.010000000000000009
497,0.010000000000000009
498,0.010000000000000009
499,0.010000000000000009
500,0.010000000000000009
501,0.010000000000000009
502,0.010000000000000009
503,0.010000000000000009
504,0.010000000000000009
505,0.010000000000000009
506,0.010000000000000009
507,0.010000000000000009
508,0.010000000000000009
509,0.010000000000000009
510,0.010000000000000009
511,0.010000000000000009
512,0.010000000000000009
513,0.010000000000000009
514,0.010000000000000009
515,0.010000000000000009
516,0.010000000000000009
517,0.010000000000000009
518,0.010000000000000009
519,0.010000000000000009
520,0.010000000000000009
521,0.010000000000000009
522,0.010000000000000009
523,0.010000000000000009
524,0.010000000000000009
525,0.010000000000000009
526,0.010000000000000009
527,0.010000000000000009
528,0.010000000000000009
529,0.010000000000000009
530,0.010000000000000009
531,0.010000000000000009
532,0.010000000000000009
533,0.010000000000000009
534,0.010000000000000009
535,0.010000000000000009
536,0.010000000000000009
537,0.010000000000000009
538,0.010000000000000009
539,0.010000000000000009
540,0.010000000000000009
541,0.010000000000000009
542,0.010000000000000009
543,0.010000000000000009
544,0.010000000000000009
545,0.010000000000000009
546,0.010000000000000009
547,0.010000000000000009
548,0.010000000000000009
549,0.010000000000000009
550,0.010000000000000009
551,0.010000000000000009
552,0.010000000000000009
553,0.010000000000000009
554,0.010000000000000009
555,0.010000000000000009
556,0.010000000000000009
557,0.010000000000000009
558,0.010000000000000009
559,0.010000000000000009
560,0.010000000000000009
561,0.010000000000000009
562,0.010000000000000009
563,0.010000000000000009
564,0.010000000000000009
565,0.010000000000000009
566,0.010000000000000009
567,0.010000000000000009
568,0.010000000000000009
569,0.010000000000000009
570,0.010000000000000009
571,0.010000000000000009
572,0.010000000000000009
573,0.010000000000000009
574,0.010000000000000009
575,0.010000000000000009
576,0.010000000000000009
577,0.010000000000000009
578,0.010000000000000009
579,0.010000000000000009
580,0.010000000000000009
581,0.010000000000000009
582,0.010000000000000009
583,0.010000000000000009
584,0.010000000000000009
585,0.010000000000000009
586,0.010000000000000009
587,0.010000000000000009
588,0.010000000000000009
589,0.010000000000000009
590,0.010000000000000009
591,0.010000000000000009
592,0.010000000000000009
593,0.010000000000000009
594,0.010000000000000009
595,0.010000000000000009
596,0.010000000000000009
597,0.010000000000000009
598,0.010000000000000009
599,0.010000000000000009
600,0.010000000000000009
601,0.010000000000000009
602,0.010000000000000009
603,0.010000000000000009
604,0.010000000000000009
605,0.010000000000000009
606,0.010000000000000009
607,0.010000000000000009
608,0.010000000000000009
609,0.010000000000000009
610,0.010000000000000009
611,0.010000000000000009
612,0.010000000000000009
613,0.010000000000000009
614,0.010000000000000009
615,0.010000000000000009
616,0.010000000000000009
617,0.010000000000000009
618,0.010000000000000009
619,0.010000000000000009
620,0.010000000000000009
621,0.010000000000000009
622,0.010000000000000009
623,0.010000000000000009
624,0.010000000000000009
625,0.010000000000000009
626,0.010000000000000009
627,0.010000000000000009
628,0.010000000000000009
629,0.010000000000000009
630,0.010000000000000009
631,0.010000000000000009
632,0.010000000000000009
633,0.010000000000000009
634,0.010000000000000009
635,0.010000000000000009
636,0.010000000000000009
637,0.010000000000000009
638,0.010000000000000009
639,0.010000000000000009
640,0.010000000000000009
641,0.010000000000000009
642,0.010000000000000009
643,0.010000000000000009
644,0.010000000000000009
645,0.010000000000000009
646,0.010000000000000009
647,0.010000000000000009
648,0.010000000000000009
649,0.010000000000000009
650,0.010000000000000009
651,0.010000000000000009
652,0.010000000000000009
653,0.010000000000000009
654,0.010000000000000009
655,0.010000000000000009
656,0.010000000000000009
657,0.010000000000000009
658,0.010000000000000009
659,0.010000000000000009
660,0.010000000000000009
661,0.010000000000000009
662,0.010000000000000009
663,0.010000000000000009
664,0.010000000000000009
665,0.010000000000000009
666,0.010000000000000009
667,0.010000000000000009
668,0.010000000000000009
669,0.010000000000000009
670,0.010000000000000009
671,0.010000000000000009
672,0.010000000000000009
673,0.010000000000000009
674,0.010000000000000009
675,0.010000000000000009
676,0.010000000000000009
677,0.010000000000000009
678,0.010000000000000009
679,0.010000000000000009
680,0.010000000000000009
681,0.010000000000000009
682,0.010000000000000009
683,0.010000000000000009
684,0.010000000000000009
685,0.010000000000000009
686,0.010000000000000009
687,0.010000000000000009
688,0.010000000000000009
689,0.010000000000000009
690,0.010000000000000009
691,0.010000000000000009
692,0.010000000000000009
693,0.010000000000000009
694,0.010000000000000009
695,0.010000000000000009
696,0.010000000000000009
697,0.010000000000000009
698,0.010000000000000009
699,0.010000000000000009
700,0.010000000000000009
701,0.010000000000000009
702,0.010000000000000009
703,0.010000000000000009
704,0.010000000000000009
705,0.010000000000000009
706,0.010000000000000009
707,0.010000000000000009
708,0.010000000000000009
709,0.010000000000000009
710,0.010000000000000009
711,0.010000000000000009
712,0.010000000000000009
713,0.010000000000000009
714,0.010000000000000009
715,0.010000000000000009
716,0.010000000000000009
717,0.010000000000000009
718,0.010000000000000009
719,0.010000000000000009
720,0.010000000000000009
721,0.010000000000000009
722,0.010000000000000009
723,0.010000000000000009
724,0.010000000000000009
725,0.010000000000000009
726,0.010000000000000009
727,0.010000000000000009
728,0.010000000000000009
729,0.010000000000000009
730,0.010000000000000009
731,0.010000000000000009
732,0.010000000000000009
733,0.010000000000000009
734,0.010000000000000009
735,0.010000000000000009
736,0.010000000000000009
737,0.010000000000000009
738,0.010000000000000009
739,0.010000000000000009
740,0.010000000000000009
741,0.010000000000000009
742,0.010000000000000009
743,0.010000000000000009
744,0.010000000000000009
745,0.010000000000000009
746,0.010000000000000009
747,0.010000000000000009
748,0.010000000000000009
749,0.010000000000000009
750,0.010000000000000009
751,0.010000000000000009
752,0.010000000000000009
753,0.010000000000000009
754,0.010000000000000009
755,0.010000000000000009
756,0.010000000000000009
757,0.010000000000000009
758,0.010000000000000009
759,0.010000000000000009
760,0.010000000000000009
761,0.010000000000000009
762,0.010000000000000009
763,0.010000000000000009
764,0.010000000000000009
765,0.010000000000000009
766,0.010000000000000009
767,0.010000000000000009
768,0.010000000000000009
769,0.010000000000000009
770,0.010000000000000009
771,0.010000000000000009
772,0.010000000000000009
773,0.010000000000000009
774,0.010000000000000009
775,0.010000000000000009
776,0.010000000000000009
777,0.010000000000000009
778,0.010000000000000009
779,0.010000000000000009
780,0.010000000000000009
781,0.010000000000000009
782,0.010000000000000009
783,0.010000000000000009
784,0.010000000000000009
785,0.010000000000000009
786,0.010000000000000009
787,0.010000000000000009
788,0.010000000000000009
789,0.010000000000000009
790,0.010000000000000009
791,0.010000000000000009
792,0.010000000000000009
793,0.010000000000000009
794,0.010000000000000009
795,0.010000000000000009
796,0.010000000000000009
797,0.010000000000000009
798,0.010000000000000009
799,0.010000000000000009
800,0.010000000000000009
801,0.010000000000000009
802,0.010000000000000009
803,0.010000000000000009
804,0.010000000000000009
805,0.010000000000000009
806,0.010000000000000009
807,0.010000000000000009
808,0.010000000000000009
809,0.010000000000000009
810,0.010000000000000009
811,0.010000000000000009
812,0.010000000000000009
813,0.010000000000000009
814,0.010000000000000009
815,0.010000000000000009
816,0.010000000000000009
817,0.010000000000000009
818,0.010000000000000009
819,0.010000000000000009
820,0.010000000000000009
821,0.010000000000000009
822,0.010000000000000009
823,0.010000000000000009
824,0.010000000000000009
825,0.010000000000000009
826,0.010000000000000009
827,0.010000000000000009
828,0.010000000000000009
829,0.010000000000000009
830,0.010000000000000009
831,0.010000000000000009
832,0.010000000000000009
833,0.010000000000000009
834,0.010000000000000009
835,0.010000000000000009
836,0.010000000000000009
837,0.010000000000000009
838,0.010000000000000009
839,0.010000000000000009
840,0.010000000000000009
841,0.010000000000000009
842,0.010000000000000009
843,0.010000000000000009
844,0.010000000000000009
845,0.010000000000000009
846,0.010000000000000009
847,0.010000000000000009
848,0.010000000000000009
849,0.010000000000000009
850,0.010000000000000009
851,0.010000000000000009
852,0.010000000000000009
853,0.010000000000000009
854,0.010000000000000009
855,0.010000000000000009
856,0.010000000000000009
857,0.010000000000000009
858,0.010000000000000009
859,0.010000000000000009
860,0.010000000000000009
861,0.010000000000000009
862,0.010000000000000009
863,0.010000000000000009
864,0.010000000000000009
865,0.010000000000000009
866,0.010000000000000009
867,0.010000000000000009
868,0.010000000000000009
869,0.010000000000000009
870,0.010000000000000009
871,0.010000000000000009
872,0.010000000000000009
873,0.010000000000000009
874,0.010000000000000009
875,0.010000000000000009
876,0.010000000000000009
877,0.010000000000000009
878,0.010000000000000009
879,0.010000000000000009
880,0.010000000000000009
881,0.010000000000000009
882,0.010000000000000009
883,0.010000000000000009
884,0.010000000000000009
885,0.010000000000000009
886,0.010000000000000009
887,0.010000000000000009
888,0.010000000000000009
889,0.010000000000000009
890,0.010000000000000009
891,0.010000000000000009
892,0.010000000000000009
893,0.010000000000000009
894,0.010000000000000009
895,0.010000000000000009
896,0.010000000000000009
897,0.010000000000000009
898,0.010000000000000009
899,0.010000000000000009
900,0.010000000000000009
901,0.010000000000000009
902,0.010000000000000009
903,0.010000000000000009
904,0.010000000000000009
905,0.010000000000000009
906,0.010000000000000009
907,0.010000000000000009
908,0.010000000000000009
909,0.010000000000000009
910,0.010000000000000009
911,0.010000000000000009
912,0.010000000000000009
913,0.010000000000000009
914,0.010000000000000009
915,0.010000000000000009
916,0.010000000000000009
917,0.010000000000000009
918,0.010000000000000009
919,0.010000000000000009
920,0.010000000000000009
921,0.010000000000000009
922,0.010000000000000009
923,0.010000000000000009
924,0.010000000000000009
925,0.010000000000000009
926,0.010000000000000009
927,0.010000000000000009
928,0.010000000000000009
929,0.010000000000000009
930,0.010000000000000009
931,0.010000000000000009
932,0.010000000000000009
933,0.010000000000000009
934,0.010000000000000009
935,0.010000000000000009
936,0.010000000000000009
937,0.010000000000000009
938,0.010000000000000009
939,0.010000000000000009
940,0.010000000000000009
941,0.010000000000000009
942,0.010000000000000009
943,0.010000000000000009
944,0.010000000000000009
945,0.010000000000000009
946,0.010000000000000009
947,0.010000000000000009
948,0.010000000000000009
949,0.010000000000000009
950,0.010000000000000009
951,0.010000000000000009
952,0.010000000000000009
953,0.010000000000000009
954,0.010000000000000009
955,0.010000000000000009
956,0.010000000000000009
957,0.010000000000000009
958,0.010000000000000009
959,0.010000000000000009
960,0.010000000000000009
961,0.010000000000000009
962,0.010000000000000009
963,0.010000000000000009
964,0.010000000000000009
965,0.010000000000000009
966,0.010000000000000009
967,0.010000000000000009
968,0.010000000000000009
969,0.010000000000000009
