,0
0,1.0
1,0.9911299749851548
2,0.9847733116842156
3,0.9774898589355442
4,0.967480105342382
5,0.9590912455345623
6,0.9483330435975836
7,0.9380679416847663
8,0.930120779166059
9,0.9190544043246061
10,0.9123522303604972
11,0.9032843427507555
12,0.8943075798514499
13,0.8843711507551834
14,0.879053721383612
15,0.8696324748919171
16,0.8623565652781806
17,0.8553958195039092
18,0.8483242368480879
19,0.8401487844743736
20,0.8340283569805158
21,0.8237107371889966
22,0.8151309565473893
23,0.8089552551454531
24,0.8021137008016087
25,0.7918828671934748
26,0.7866617622162212
27,0.7780116813542163
28,0.7686988625461335
29,0.7612248014536289
30,0.7456135722383204
31,0.7371297560658018
32,0.72967875809081
33,0.7220904523272972
34,0.7100172258716084
35,0.7042311284182884
36,0.6982863399439984
37,0.6935535112349142
38,0.6872936584073261
39,0.6816282198314628
40,0.6705051645795029
41,0.6546483298892221
42,0.6498315529073558
43,0.6421362416393295
44,0.6341588748716537
45,0.6259125216425941
46,0.6201500698931667
47,0.61082574043276
48,0.5983987963709873
49,0.5841581856611819
50,0.5722265840622222
51,0.5661872082861593
52,0.55752325908133
53,0.5498033697361638
54,0.5353711384046294
55,0.5312370575313256
56,0.5095985835746635
57,0.50166861515675
58,0.4964358064265401
59,0.4887626404277917
60,0.4783448779058209
61,0.4671012605879756
62,0.4508942025402917
63,0.4381634191404905
64,0.43128305318757837
65,0.41858703154625926
66,0.41286637977304236
67,0.4007253732989912
68,0.3964895936666934
69,0.38379403723002026
70,0.37441923271701344
71,0.34515896549122727
72,0.32193815379011953
73,0.31515045288508703
74,0.30128580796598053
75,0.27356629839045615
76,0.24848464891691563
77,0.23950043917805447
78,0.21766058482398956
79,0.2117652601357784
80,0.19256475703061143
81,0.18523097189982307
82,0.17903485616077822
83,0.17227703108054293
84,0.16535377618333033
85,0.15056990972386095
86,0.1372438015105435
87,0.1349614066872935
88,0.12709726838453422
89,0.12438900259115901
90,0.12056515034852021
91,0.11004348516611269
92,0.10562219354133118
93,0.10270338088226871
94,0.09388148780071616
95,0.0924263315182863
96,0.08740914632041619
97,0.08479155242653692
98,0.08344265834230792
99,0.08250133265417836
100,0.08166517627844826
101,0.07829284093371972
102,0.07179391786080744
103,0.0705097762643501
104,0.06905711007667459
105,0.06343708299844368
106,0.062018787069425846
107,0.05960069983106565
108,0.05794262306678644
109,0.056782300789256536
110,0.05558163723160373
111,0.05485813449247039
112,0.05058931859207672
113,0.04767530888412687
114,0.04618356257257076
115,0.04449812390966278
116,0.043118927380184635
117,0.03996724473880671
118,0.037115484355113554
119,0.0345351048526754
120,0.032200280926136346
121,0.03008764487287817
122,0.028176052721198358
123,0.0264463726143346
124,0.024881293332411833
125,0.02348671252218197
126,0.022203282136364376
127,0.02104198629983229
128,0.019991202373528687
129,0.019079371236451145
130,0.01821535482698041
131,0.017433560449894213
132,0.016756499585371374
133,0.016128223741594876
134,0.01573280501941303
135,0.015268285318642601
136,0.014766941685197325
137,0.014313307206361932
138,0.013902841755800428
139,0.013569069591255421
140,0.01327299328253308
141,0.012961526791016273
142,0.012782375176959045
143,0.012517597171126969
144,0.012335684376712236
145,0.012113414620771229
146,0.011928234742390152
147,0.011744738945671539
148,0.01164609356273727
149,0.011489447049152805
150,0.011347707422256704
151,0.011219456104222654
152,0.011103409512753015
153,0.010998406214555754
154,0.010903395301329685
155,0.01081742587192097
156,0.010739637515384762
157,0.010689633448315344
158,0.010624006148764891
159,0.010564624112486987
160,0.01051089302410357
161,0.010467248026235082
162,0.01042278349764095
163,0.01038255032839365
164,0.010346145851412518
165,0.010313205718455962
166,0.01028340025360179
167,0.01025643115373978
168,0.010232028503053884
169,0.010209948071614025
170,0.010189968871040863
171,0.01017189094277982
172,0.01015553335684866
173,0.010140732401029407
174,0.01012733994238145
175,0.010115221944677278
176,0.01010425712692287
177,0.010094335749536738
178,0.01008535851603931
179,0.01007723557926039
180,0.010069885642118482
181,0.010063235143972272
182,0.010057217524401002
183,0.010051772557045412
184,0.01004684574684209
185,0.010042387784618563
186,0.010038354053590525
187,0.010034704182822063
188,0.010031401643179763
189,0.010028413381736864
190,0.010025709490968454
191,0.010023262909426916
192,0.010021049150901854
193,0.010019046059353883
194,0.010017233587169527
195,0.010015593594517973
196,0.010014109667801542
197,0.010012766955382892
198,0.010011552018944837
199,0.01001045269899515
200,0.010009457993170278
201,0.010008557946119996
202,0.010007743549870909
203,0.010007006653671626
204,0.010006339882417307
205,0.010005736562837127
206,0.010005190656705947
207,0.01000469670041172
208,0.010004249750273829
209,0.01000384533306507
210,0.010003479401242086
211,0.0100031482924362
212,0.010002848692799193
213,0.0100025776038372
214,0.010002332312400771
215,0.010002110363530768
216,0.010001909535888297
217,0.010001727819522814
218,0.010001563395755855
219,0.010001414618979096
220,0.01000128000018455
221,0.010001158192062074
222,0.010001047975515038
223,0.010000948247459191
224,0.010000858009782634
225,0.010000776359356369
226,0.010000702478995484
227,0.010000635629280498
228,0.010000575141156993
229,0.0100005204092395
230,0.010000470885752592
231,0.010000426075048566
232,0.010000385528646833
233,0.01000034884074538
234,0.010000315644159355
235,0.010000285606646168
236,0.010000258427580294
237,0.010000233834944503
238,0.010000211582607431
239,0.01000019144786021
240,0.01000017322918752
241,0.010000156744250765
242,0.010000141828063153
243,0.01000012833133847
244,0.010000116118996955
245,0.01000010506881339
246,0.010000095070193823
247,0.010000086023068712
248,0.010000077836891386
249,0.01000007042973183
250,0.010000063727456703
251,0.01000005766298738
252,0.010000052175628616
253,0.010000047210461082
254,0.01000004271779171
255,0.010000038652656355
256,0.010000034974369777
257,0.010000031646118446
258,0.010000028634592106
259,0.010000025909650387
260,0.010000023444021159
261,0.010000021213027574
262,0.0100000191943411
263,0.010000017367758041
264,0.010000017075001635
265,0.010000015450100392
266,0.010000013979828947
267,0.01000001264947233
268,0.01000001199050997
269,0.010000010849462082
270,0.010000009981321547
271,0.010000009836652904
272,0.010000008900571615
273,0.01000000805357024
274,0.010000007287171701
275,0.010000006593705627
276,0.010000005966231575
277,0.010000005887994818
278,0.010000005327678028
279,0.010000004820682432
280,0.010000004560879608
281,0.010000004126854528
282,0.010000003734132396
283,0.010000003378782716
284,0.010000003057249029
285,0.010000002766313318
286,0.0100000025030638
287,0.010000002264865786
288,0.01000000212381819
289,0.010000001921710166
290,0.010000001738835265
291,0.01000000171157757
292,0.01000000154869943
293,0.010000001401321193
294,0.01000000126796785
295,0.010000001147304757
296,0.010000001038124274
297,0.010000000939333687
298,0.010000000849944268
299,0.010000000769061377
300,0.01000000069587551
301,0.0100000006296542
302,0.010000000569734682
303,0.010000000515517258
304,0.010000000466459304
305,0.010000000434619433
306,0.010000000393259925
307,0.010000000355836295
308,0.010000000321973995
309,0.010000000291334118
310,0.01000000026361001
311,0.010000000238524202
312,0.010000000215825623
313,0.0100000001952871
314,0.010000000176703074
315,0.010000000159887553
316,0.010000000144672241
317,0.010000000130904857
318,0.010000000118447613
319,0.010000000107175833
320,0.010000000096976703
321,0.01000000008774815
322,0.010000000079397808
323,0.010000000071842107
324,0.010000000065005427
325,0.010000000058819342
326,0.010000000053221941
327,0.010000000048157204
328,0.01000000004357444
329,0.010000000039427782
330,0.010000000035675733
331,0.010000000032280739
332,0.010000000029208821
333,0.010000000026429234
334,0.010000000023914159
335,0.010000000021638426
336,0.010000000019579257
337,0.010000000017716044
338,0.01000000001603014
339,0.01000000001450467
340,0.010000000013184879
341,0.010000000011930172
342,0.01000000001082297
343,0.010000000009793028
344,0.010000000008861098
345,0.010000000008017852
346,0.010000000007254853
347,0.010000000006564463
348,0.010000000005939771
349,0.010000000005374527
350,0.010000000004863074
351,0.010000000004400291
352,0.010000000003981548
353,0.010000000003602653
354,0.010000000003259815
355,0.010000000002949603
356,0.01000000000266891
357,0.01000000000241493
358,0.010000000002185119
359,0.010000000001977177
360,0.010000000001789024
361,0.010000000001642912
362,0.010000000001486568
363,0.010000000001345103
364,0.010000000001218926
365,0.01000000000115093
366,0.010000000001041405
367,0.010000000000989922
368,0.010000000000895718
369,0.010000000000810479
370,0.010000000000733351
371,0.010000000000671506
372,0.010000000000646016
373,0.01000000000058454
374,0.010000000000528914
375,0.010000000000478581
376,0.010000000000433037
377,0.01000000000039183
378,0.010000000000354541
379,0.010000000000333327
380,0.010000000000301608
381,0.010000000000272907
382,0.010000000000246936
383,0.010000000000223438
384,0.010000000000202175
385,0.010000000000182935
386,0.010000000000165528
387,0.010000000000149776
388,0.010000000000135524
389,0.010000000000122628
390,0.010000000000110958
391,0.010000000000100399
392,0.010000000000090844
393,0.0100000000000822
394,0.010000000000074378
395,0.0100000000000673
396,0.010000000000060896
397,0.0100000000000551
398,0.010000000000049856
399,0.010000000000045112
400,0.010000000000040818
401,0.010000000000036934
402,0.01000000000003342
403,0.01000000000003024
404,0.010000000000027362
405,0.010000000000026448
406,0.01000000000002393
407,0.010000000000021653
408,0.010000000000019592
409,0.01000000000001879
410,0.010000000000018109
411,0.010000000000016386
412,0.010000000000014827
413,0.010000000000013417
414,0.01000000000001214
415,0.010000000000010984
416,0.010000000000009938
417,0.010000000000008993
418,0.010000000000008138
419,0.010000000000007364
420,0.010000000000006663
421,0.010000000000006028
422,0.010000000000005454
423,0.010000000000004935
424,0.010000000000004465
425,0.01000000000000411
426,0.01000000000000372
427,0.010000000000003366
428,0.010000000000003045
429,0.010000000000002755
430,0.010000000000002493
431,0.010000000000002255
432,0.01000000000000211
433,0.010000000000001908
434,0.010000000000001726
435,0.010000000000001561
436,0.010000000000001466
437,0.010000000000001327
438,0.0100000000000012
439,0.010000000000001086
440,0.010000000000000982
441,0.010000000000000935
442,0.010000000000000847
443,0.010000000000000767
444,0.010000000000000694
445,0.010000000000000635
446,0.010000000000000607
447,0.01000000000000055
448,0.010000000000000498
449,0.010000000000000451
450,0.010000000000000408
451,0.01000000000000037
452,0.010000000000000335
453,0.010000000000000304
454,0.010000000000000274
455,0.010000000000000248
456,0.010000000000000224
457,0.010000000000000203
458,0.010000000000000184
459,0.010000000000000167
460,0.010000000000000151
461,0.010000000000000137
462,0.010000000000000123
463,0.010000000000000115
464,0.010000000000000104
465,0.010000000000000094
466,0.010000000000000085
467,0.010000000000000077
468,0.01000000000000007
469,0.010000000000000063
470,0.010000000000000057
471,0.010000000000000052
472,0.010000000000000047
473,0.010000000000000042
474,0.010000000000000038
475,0.010000000000000035
476,0.010000000000000031
477,0.01000000000000003
478,0.010000000000000026
479,0.010000000000000024
480,0.010000000000000023
481,0.010000000000000021
482,0.01000000000000002
483,0.010000000000000018
484,0.010000000000000016
485,0.010000000000000014
486,0.010000000000000012
487,0.01000000000000001
488,0.01000000000000001
489,0.010000000000000009
490,0.010000000000000009
491,0.010000000000000009
492,0.010000000000000009
493,0.010000000000000009
494,0.010000000000000009
495,0.010000000000000009
496,0.010000000000000009
497,0.010000000000000009
498,0.010000000000000009
499,0.010000000000000009
500,0.010000000000000009
501,0.010000000000000009
502,0.010000000000000009
503,0.010000000000000009
504,0.010000000000000009
505,0.010000000000000009
506,0.010000000000000009
507,0.010000000000000009
508,0.010000000000000009
509,0.010000000000000009
510,0.010000000000000009
511,0.010000000000000009
512,0.010000000000000009
513,0.010000000000000009
514,0.010000000000000009
515,0.010000000000000009
516,0.010000000000000009
517,0.010000000000000009
518,0.010000000000000009
519,0.010000000000000009
520,0.010000000000000009
521,0.010000000000000009
522,0.010000000000000009
523,0.010000000000000009
524,0.010000000000000009
525,0.010000000000000009
526,0.010000000000000009
527,0.010000000000000009
528,0.010000000000000009
529,0.010000000000000009
530,0.010000000000000009
531,0.010000000000000009
532,0.010000000000000009
533,0.010000000000000009
534,0.010000000000000009
535,0.010000000000000009
536,0.010000000000000009
537,0.010000000000000009
538,0.010000000000000009
539,0.010000000000000009
540,0.010000000000000009
541,0.010000000000000009
542,0.010000000000000009
543,0.010000000000000009
544,0.010000000000000009
545,0.010000000000000009
546,0.010000000000000009
547,0.010000000000000009
548,0.010000000000000009
549,0.010000000000000009
550,0.010000000000000009
551,0.010000000000000009
552,0.010000000000000009
553,0.010000000000000009
554,0.010000000000000009
555,0.010000000000000009
556,0.010000000000000009
557,0.010000000000000009
558,0.010000000000000009
559,0.010000000000000009
560,0.010000000000000009
561,0.010000000000000009
562,0.010000000000000009
563,0.010000000000000009
564,0.010000000000000009
565,0.010000000000000009
566,0.010000000000000009
567,0.010000000000000009
568,0.010000000000000009
569,0.010000000000000009
570,0.010000000000000009
571,0.010000000000000009
572,0.010000000000000009
573,0.010000000000000009
574,0.010000000000000009
575,0.010000000000000009
576,0.010000000000000009
577,0.010000000000000009
578,0.010000000000000009
579,0.010000000000000009
580,0.010000000000000009
581,0.010000000000000009
582,0.010000000000000009
583,0.010000000000000009
584,0.010000000000000009
585,0.010000000000000009
586,0.010000000000000009
587,0.010000000000000009
588,0.010000000000000009
589,0.010000000000000009
590,0.010000000000000009
591,0.010000000000000009
592,0.010000000000000009
593,0.010000000000000009
594,0.010000000000000009
595,0.010000000000000009
596,0.010000000000000009
597,0.010000000000000009
598,0.010000000000000009
599,0.010000000000000009
600,0.010000000000000009
601,0.010000000000000009
602,0.010000000000000009
603,0.010000000000000009
604,0.010000000000000009
605,0.010000000000000009
606,0.010000000000000009
607,0.010000000000000009
608,0.010000000000000009
609,0.010000000000000009
610,0.010000000000000009
611,0.010000000000000009
612,0.010000000000000009
613,0.010000000000000009
614,0.010000000000000009
615,0.010000000000000009
616,0.010000000000000009
617,0.010000000000000009
618,0.010000000000000009
619,0.010000000000000009
620,0.010000000000000009
621,0.010000000000000009
622,0.010000000000000009
623,0.010000000000000009
624,0.010000000000000009
625,0.010000000000000009
626,0.010000000000000009
627,0.010000000000000009
628,0.010000000000000009
629,0.010000000000000009
630,0.010000000000000009
631,0.010000000000000009
632,0.010000000000000009
633,0.010000000000000009
634,0.010000000000000009
635,0.010000000000000009
636,0.010000000000000009
637,0.010000000000000009
638,0.010000000000000009
639,0.010000000000000009
640,0.010000000000000009
641,0.010000000000000009
642,0.010000000000000009
643,0.010000000000000009
644,0.010000000000000009
645,0.010000000000000009
646,0.010000000000000009
647,0.010000000000000009
648,0.010000000000000009
649,0.010000000000000009
650,0.010000000000000009
651,0.010000000000000009
652,0.010000000000000009
653,0.010000000000000009
654,0.010000000000000009
655,0.010000000000000009
656,0.010000000000000009
657,0.010000000000000009
658,0.010000000000000009
659,0.010000000000000009
660,0.010000000000000009
661,0.010000000000000009
662,0.010000000000000009
663,0.010000000000000009
664,0.010000000000000009
665,0.010000000000000009
666,0.010000000000000009
667,0.010000000000000009
668,0.010000000000000009
669,0.010000000000000009
670,0.010000000000000009
671,0.010000000000000009
672,0.010000000000000009
673,0.010000000000000009
674,0.010000000000000009
675,0.010000000000000009
676,0.010000000000000009
677,0.010000000000000009
678,0.010000000000000009
679,0.010000000000000009
680,0.010000000000000009
681,0.010000000000000009
682,0.010000000000000009
683,0.010000000000000009
684,0.010000000000000009
685,0.010000000000000009
686,0.010000000000000009
687,0.010000000000000009
688,0.010000000000000009
689,0.010000000000000009
690,0.010000000000000009
691,0.010000000000000009
692,0.010000000000000009
693,0.010000000000000009
694,0.010000000000000009
695,0.010000000000000009
696,0.010000000000000009
697,0.010000000000000009
698,0.010000000000000009
699,0.010000000000000009
700,0.010000000000000009
701,0.010000000000000009
702,0.010000000000000009
703,0.010000000000000009
704,0.010000000000000009
705,0.010000000000000009
706,0.010000000000000009
707,0.010000000000000009
708,0.010000000000000009
709,0.010000000000000009
710,0.010000000000000009
711,0.010000000000000009
712,0.010000000000000009
713,0.010000000000000009
714,0.010000000000000009
715,0.010000000000000009
716,0.010000000000000009
717,0.010000000000000009
718,0.010000000000000009
719,0.010000000000000009
720,0.010000000000000009
721,0.010000000000000009
722,0.010000000000000009
723,0.010000000000000009
724,0.010000000000000009
725,0.010000000000000009
726,0.010000000000000009
727,0.010000000000000009
728,0.010000000000000009
729,0.010000000000000009
730,0.010000000000000009
731,0.010000000000000009
732,0.010000000000000009
733,0.010000000000000009
734,0.010000000000000009
735,0.010000000000000009
736,0.010000000000000009
737,0.010000000000000009
738,0.010000000000000009
739,0.010000000000000009
740,0.010000000000000009
741,0.010000000000000009
742,0.010000000000000009
743,0.010000000000000009
744,0.010000000000000009
745,0.010000000000000009
746,0.010000000000000009
747,0.010000000000000009
748,0.010000000000000009
749,0.010000000000000009
750,0.010000000000000009
751,0.010000000000000009
752,0.010000000000000009
753,0.010000000000000009
754,0.010000000000000009
755,0.010000000000000009
756,0.010000000000000009
757,0.010000000000000009
758,0.010000000000000009
759,0.010000000000000009
760,0.010000000000000009
761,0.010000000000000009
762,0.010000000000000009
763,0.010000000000000009
764,0.010000000000000009
765,0.010000000000000009
766,0.010000000000000009
767,0.010000000000000009
768,0.010000000000000009
769,0.010000000000000009
770,0.010000000000000009
771,0.010000000000000009
772,0.010000000000000009
773,0.010000000000000009
774,0.010000000000000009
775,0.010000000000000009
776,0.010000000000000009
777,0.010000000000000009
778,0.010000000000000009
779,0.010000000000000009
780,0.010000000000000009
781,0.010000000000000009
782,0.010000000000000009
783,0.010000000000000009
784,0.010000000000000009
785,0.010000000000000009
786,0.010000000000000009
787,0.010000000000000009
788,0.010000000000000009
789,0.010000000000000009
790,0.010000000000000009
791,0.010000000000000009
792,0.010000000000000009
793,0.010000000000000009
794,0.010000000000000009
795,0.010000000000000009
796,0.010000000000000009
797,0.010000000000000009
798,0.010000000000000009
799,0.010000000000000009
800,0.010000000000000009
801,0.010000000000000009
802,0.010000000000000009
803,0.010000000000000009
804,0.010000000000000009
805,0.010000000000000009
806,0.010000000000000009
807,0.010000000000000009
808,0.010000000000000009
809,0.010000000000000009
810,0.010000000000000009
811,0.010000000000000009
812,0.010000000000000009
813,0.010000000000000009
814,0.010000000000000009
815,0.010000000000000009
816,0.010000000000000009
817,0.010000000000000009
818,0.010000000000000009
819,0.010000000000000009
820,0.010000000000000009
821,0.010000000000000009
822,0.010000000000000009
823,0.010000000000000009
824,0.010000000000000009
825,0.010000000000000009
826,0.010000000000000009
827,0.010000000000000009
828,0.010000000000000009
829,0.010000000000000009
830,0.010000000000000009
831,0.010000000000000009
832,0.010000000000000009
833,0.010000000000000009
834,0.010000000000000009
835,0.010000000000000009
836,0.010000000000000009
837,0.010000000000000009
838,0.010000000000000009
839,0.010000000000000009
840,0.010000000000000009
841,0.010000000000000009
842,0.010000000000000009
843,0.010000000000000009
844,0.010000000000000009
845,0.010000000000000009
846,0.010000000000000009
847,0.010000000000000009
848,0.010000000000000009
849,0.010000000000000009
850,0.010000000000000009
851,0.010000000000000009
852,0.010000000000000009
853,0.010000000000000009
854,0.010000000000000009
855,0.010000000000000009
856,0.010000000000000009
857,0.010000000000000009
858,0.010000000000000009
859,0.010000000000000009
860,0.010000000000000009
861,0.010000000000000009
862,0.010000000000000009
863,0.010000000000000009
864,0.010000000000000009
865,0.010000000000000009
866,0.010000000000000009
867,0.010000000000000009
868,0.010000000000000009
869,0.010000000000000009
870,0.010000000000000009
871,0.010000000000000009
872,0.010000000000000009
873,0.010000000000000009
874,0.010000000000000009
875,0.010000000000000009
876,0.010000000000000009
877,0.010000000000000009
878,0.010000000000000009
879,0.010000000000000009
880,0.010000000000000009
881,0.010000000000000009
882,0.010000000000000009
883,0.010000000000000009
884,0.010000000000000009
885,0.010000000000000009
886,0.010000000000000009
887,0.010000000000000009
888,0.010000000000000009
889,0.010000000000000009
890,0.010000000000000009
891,0.010000000000000009
892,0.010000000000000009
893,0.010000000000000009
894,0.010000000000000009
895,0.010000000000000009
896,0.010000000000000009
897,0.010000000000000009
898,0.010000000000000009
899,0.010000000000000009
900,0.010000000000000009
901,0.010000000000000009
902,0.010000000000000009
903,0.010000000000000009
904,0.010000000000000009
905,0.010000000000000009
906,0.010000000000000009
907,0.010000000000000009
908,0.010000000000000009
909,0.010000000000000009
910,0.010000000000000009
911,0.010000000000000009
912,0.010000000000000009
913,0.010000000000000009
914,0.010000000000000009
915,0.010000000000000009
916,0.010000000000000009
917,0.010000000000000009
918,0.010000000000000009
919,0.010000000000000009
920,0.010000000000000009
921,0.010000000000000009
922,0.010000000000000009
923,0.010000000000000009
924,0.010000000000000009
925,0.010000000000000009
926,0.010000000000000009
927,0.010000000000000009
928,0.010000000000000009
929,0.010000000000000009
930,0.010000000000000009
931,0.010000000000000009
932,0.010000000000000009
933,0.010000000000000009
934,0.010000000000000009
935,0.010000000000000009
936,0.010000000000000009
937,0.010000000000000009
938,0.010000000000000009
939,0.010000000000000009
940,0.010000000000000009
941,0.010000000000000009
942,0.010000000000000009
943,0.010000000000000009
944,0.010000000000000009
945,0.010000000000000009
946,0.010000000000000009
947,0.010000000000000009
948,0.010000000000000009
949,0.010000000000000009
950,0.010000000000000009
951,0.010000000000000009
952,0.010000000000000009
953,0.010000000000000009
954,0.010000000000000009
955,0.010000000000000009
956,0.010000000000000009
957,0.010000000000000009
958,0.010000000000000009
959,0.010000000000000009
960,0.010000000000000009
961,0.010000000000000009
962,0.010000000000000009
963,0.010000000000000009
964,0.010000000000000009
965,0.010000000000000009
966,0.010000000000000009
967,0.010000000000000009
968,0.010000000000000009
969,0.010000000000000009
970,0.010000000000000009
971,0.010000000000000009
972,0.010000000000000009
973,0.010000000000000009
974,0.010000000000000009
975,0.010000000000000009
976,0.010000000000000009
977,0.010000000000000009
978,0.010000000000000009
979,0.010000000000000009
980,0.010000000000000009
981,0.010000000000000009
982,0.010000000000000009
983,0.010000000000000009
984,0.010000000000000009
985,0.010000000000000009
986,0.010000000000000009
987,0.010000000000000009
988,0.010000000000000009
989,0.010000000000000009
990,0.010000000000000009
991,0.010000000000000009
992,0.010000000000000009
993,0.010000000000000009
994,0.010000000000000009
995,0.010000000000000009
996,0.010000000000000009
997,0.010000000000000009
998,0.010000000000000009
999,0.010000000000000009
1000,0.010000000000000009
1001,0.010000000000000009
1002,0.010000000000000009
1003,0.010000000000000009
1004,0.010000000000000009
1005,0.010000000000000009
1006,0.010000000000000009
1007,0.010000000000000009
1008,0.010000000000000009
1009,0.010000000000000009
1010,0.010000000000000009
1011,0.010000000000000009
1012,0.010000000000000009
1013,0.010000000000000009
1014,0.010000000000000009
1015,0.010000000000000009
1016,0.010000000000000009
1017,0.010000000000000009
1018,0.010000000000000009
1019,0.010000000000000009
1020,0.010000000000000009
1021,0.010000000000000009
1022,0.010000000000000009
1023,0.010000000000000009
1024,0.010000000000000009
1025,0.010000000000000009
1026,0.010000000000000009
1027,0.010000000000000009
1028,0.010000000000000009
1029,0.010000000000000009
1030,0.010000000000000009
1031,0.010000000000000009
1032,0.010000000000000009
1033,0.010000000000000009
1034,0.010000000000000009
1035,0.010000000000000009
1036,0.010000000000000009
1037,0.010000000000000009
1038,0.010000000000000009
1039,0.010000000000000009
1040,0.010000000000000009
1041,0.010000000000000009
1042,0.010000000000000009
1043,0.010000000000000009
1044,0.010000000000000009
1045,0.010000000000000009
1046,0.010000000000000009
1047,0.010000000000000009
1048,0.010000000000000009
1049,0.010000000000000009
1050,0.010000000000000009
1051,0.010000000000000009
1052,0.010000000000000009
1053,0.010000000000000009
1054,0.010000000000000009
1055,0.010000000000000009
1056,0.010000000000000009
1057,0.010000000000000009
1058,0.010000000000000009
1059,0.010000000000000009
1060,0.010000000000000009
1061,0.010000000000000009
1062,0.010000000000000009
1063,0.010000000000000009
1064,0.010000000000000009
1065,0.010000000000000009
1066,0.010000000000000009
1067,0.010000000000000009
1068,0.010000000000000009
1069,0.010000000000000009
1070,0.010000000000000009
1071,0.010000000000000009
1072,0.010000000000000009
1073,0.010000000000000009
1074,0.010000000000000009
1075,0.010000000000000009
1076,0.010000000000000009
1077,0.010000000000000009
1078,0.010000000000000009
1079,0.010000000000000009
1080,0.010000000000000009
1081,0.010000000000000009
1082,0.010000000000000009
1083,0.010000000000000009
1084,0.010000000000000009
1085,0.010000000000000009
1086,0.010000000000000009
1087,0.010000000000000009
1088,0.010000000000000009
1089,0.010000000000000009
1090,0.010000000000000009
1091,0.010000000000000009
1092,0.010000000000000009
1093,0.010000000000000009
1094,0.010000000000000009
1095,0.010000000000000009
1096,0.010000000000000009
1097,0.010000000000000009
1098,0.010000000000000009
1099,0.010000000000000009
1100,0.010000000000000009
1101,0.010000000000000009
1102,0.010000000000000009
1103,0.010000000000000009
1104,0.010000000000000009
1105,0.010000000000000009
1106,0.010000000000000009
1107,0.010000000000000009
1108,0.010000000000000009
1109,0.010000000000000009
1110,0.010000000000000009
1111,0.010000000000000009
1112,0.010000000000000009
1113,0.010000000000000009
1114,0.010000000000000009
1115,0.010000000000000009
1116,0.010000000000000009
1117,0.010000000000000009
1118,0.010000000000000009
1119,0.010000000000000009
1120,0.010000000000000009
1121,0.010000000000000009
1122,0.010000000000000009
1123,0.010000000000000009
1124,0.010000000000000009
1125,0.010000000000000009
1126,0.010000000000000009
1127,0.010000000000000009
1128,0.010000000000000009
1129,0.010000000000000009
1130,0.010000000000000009
1131,0.010000000000000009
1132,0.010000000000000009
1133,0.010000000000000009
1134,0.010000000000000009
1135,0.010000000000000009
1136,0.010000000000000009
1137,0.010000000000000009
1138,0.010000000000000009
1139,0.010000000000000009
1140,0.010000000000000009
1141,0.010000000000000009
1142,0.010000000000000009
1143,0.010000000000000009
1144,0.010000000000000009
1145,0.010000000000000009
1146,0.010000000000000009
1147,0.010000000000000009
1148,0.010000000000000009
1149,0.010000000000000009
1150,0.010000000000000009
1151,0.010000000000000009
1152,0.010000000000000009
1153,0.010000000000000009
1154,0.010000000000000009
1155,0.010000000000000009
1156,0.010000000000000009
1157,0.010000000000000009
1158,0.010000000000000009
1159,0.010000000000000009
1160,0.010000000000000009
1161,0.010000000000000009
1162,0.010000000000000009
1163,0.010000000000000009
1164,0.010000000000000009
1165,0.010000000000000009
1166,0.010000000000000009
1167,0.010000000000000009
1168,0.010000000000000009
1169,0.010000000000000009
1170,0.010000000000000009
1171,0.010000000000000009
1172,0.010000000000000009
1173,0.010000000000000009
1174,0.010000000000000009
1175,0.010000000000000009
1176,0.010000000000000009
1177,0.010000000000000009
1178,0.010000000000000009
1179,0.010000000000000009
1180,0.010000000000000009
1181,0.010000000000000009
1182,0.010000000000000009
1183,0.010000000000000009
1184,0.010000000000000009
1185,0.010000000000000009
1186,0.010000000000000009
1187,0.010000000000000009
1188,0.010000000000000009
1189,0.010000000000000009
1190,0.010000000000000009
1191,0.010000000000000009
1192,0.010000000000000009
1193,0.010000000000000009
1194,0.010000000000000009
1195,0.010000000000000009
1196,0.010000000000000009
1197,0.010000000000000009
1198,0.010000000000000009
1199,0.010000000000000009
1200,0.010000000000000009
1201,0.010000000000000009
1202,0.010000000000000009
1203,0.010000000000000009
1204,0.010000000000000009
1205,0.010000000000000009
1206,0.010000000000000009
1207,0.010000000000000009
1208,0.010000000000000009
1209,0.010000000000000009
1210,0.010000000000000009
1211,0.010000000000000009
1212,0.010000000000000009
1213,0.010000000000000009
1214,0.010000000000000009
1215,0.010000000000000009
1216,0.010000000000000009
1217,0.010000000000000009
1218,0.010000000000000009
1219,0.010000000000000009
1220,0.010000000000000009
1221,0.010000000000000009
1222,0.010000000000000009
1223,0.010000000000000009
1224,0.010000000000000009
1225,0.010000000000000009
1226,0.010000000000000009
1227,0.010000000000000009
1228,0.010000000000000009
