0,1.0
1,0.9911299749851548
2,0.9820477639590061
3,0.9750741551760836
4,0.9636578345589393
5,0.9534137475876794
6,0.9412287430038324
7,0.9276398038861311
8,0.9193271615574429
9,0.9128035192885078
10,0.9034630174861839
11,0.8935120610667344
12,0.8829732755123828
13,0.8764504670533971
14,0.8675718307142988
15,0.8607386253338294
16,0.8551422387970659
17,0.8438094867651694
18,0.834110763936493
19,0.8268087204305681
20,0.8169041944983336
21,0.8074386813620068
22,0.8015594152336296
23,0.7958806555111692
24,0.7889173503486491
25,0.7832519575339206
26,0.7754814200331389
27,0.7660480581409601
28,0.7562830435038377
29,0.7484142216766448
30,0.7411399877521807
31,0.7287437835704059
32,0.7202414219323802
33,0.7141595353009254
34,0.7055514214434692
35,0.6982863399439986
36,0.6899402611959846
37,0.6833093909693542
38,0.6767431858941667
39,0.6661601846991491
40,0.6590468766423758
41,0.6496396322310246
42,0.6418834377068311
43,0.6340340555790248
44,0.6291236083449163
45,0.6210659817601732
46,0.6129926111253446
47,0.6034215023999241
48,0.5948789736204747
49,0.5868053972339258
50,0.5766857646481972
51,0.5668550335511225
52,0.5615899594321374
53,0.5557194103138204
54,0.551100453701689
55,0.5410227920109706
56,0.5356338896561705
57,0.5305078362248024
58,0.5247621468126892
59,0.5148720057189782
60,0.5094986738492541
61,0.5016194507534953
62,0.4947362570504116
63,0.48395147504350705
64,0.4734529840746155
65,0.4631870449985391
66,0.44333233161824187
67,0.4372652194001111
68,0.4314094570631678
69,0.42302368629842
70,0.416427248759139
71,0.40770278029661017
72,0.36985635686930723
73,0.35619594961750956
74,0.32325104918641445
75,0.3102468420377124
76,0.3050677358780345
77,0.2825453284290165
78,0.27277678435846814
79,0.2677022743337365
80,0.24317866053013265
81,0.23491103929926607
82,0.21350792408733213
83,0.20898012455503656
84,0.20539144235519755
85,0.18679748820699896
86,0.17895035985853366
87,0.17534016257958077
88,0.1719366068857841
89,0.15652630126003708
90,0.15255172882409035
91,0.1495056278039938
92,0.14316712830175715
93,0.14080464401944462
94,0.13826583460416494
95,0.12605972660546003
96,0.11501518335964381
97,0.11242234924413343
98,0.10267557403923899
99,0.09385632712866541
100,0.09124789743310685
101,0.08351613773422287
102,0.07652015225141019
103,0.07018992281052493
104,0.06446209434765908
105,0.059279340830366664
106,0.05478194044712179
107,0.050520375368813784
108,0.0473788465121613
109,0.043821778967226464
110,0.04060321115408811
111,0.03769093056427436
112,0.03505579011479105
113,0.03267141643431845
114,0.030513945909646727
115,0.02856178585061408
116,0.02710729435683905
117,0.025479320055423384
118,0.02400626799190154
119,0.022673395366111897
120,0.021467362340821583
121,0.020775822240791837
122,0.019750367173572553
123,0.018822497058237964
124,0.0185780356591113
125,0.017761727637610657
126,0.017023101595113974
127,0.016354765113927156
128,0.015750029257910837
129,0.015202841627359267
130,0.014707725784549769
131,0.014259726443713323
132,0.013854359876869064
133,0.013487569039167603
134,0.013155682964622566
135,0.012855380025849145
136,0.012583654690100792
137,0.012337787438887297
138,0.012158913191800904
139,0.012039500537108833
140,0.01184541640008051
141,0.011822127807380385
142,0.011650709083426424
143,0.011552093932004941
144,0.011404392665984631
145,0.011314958285572706
146,0.0111898234599426
147,0.011165680390975164
148,0.011128179129401125
149,0.011020818690529371
150,0.010998306378926162
151,0.010903304966316377
152,0.010884356464825499
153,0.01085061551448261
154,0.010837783925786468
155,0.010807675381406609
156,0.010730814906723165
157,0.01066126867326158
158,0.010598340638942072
159,0.010541400998846331
160,0.010489879881918204
161,0.010476305865339087
162,0.010430979369388802
163,0.01038996625982453
164,0.010363384034789145
165,0.010354482940501616
166,0.010320749428621276
167,0.010290226084830184
168,0.01026260742124443
169,0.010237617020995892
170,0.01021500477175932
171,0.010194544362544113
172,0.010176031018697866
173,0.010159279452452817
174,0.010144122008503589
175,0.010140016492901614
176,0.010126692161919547
177,0.010114635808676676
178,0.010103726769137468
179,0.010093855861967559
180,0.010084924295810265
181,0.010076842680549482
182,0.010069530132663356
183,0.010062913465714808
184,0.01005692645787708
185,0.01005150918916343
186,0.010046607441727765
187,0.010042172157234212
188,0.01003815894586481
189,0.010034527642051289
190,0.010031241902484557
191,0.010028268842378658
192,0.01002557870634877
193,0.010023144570609321
194,0.01002094207351169
195,0.010018949171724637
196,0.010017145919617242
197,0.010015514269636316
198,0.010014037891680438
199,0.010012702009662797
200,0.010011493253627152
201,0.010010399525936825
202,0.010009409880197474
203,0.01000851441170191
204,0.010007704158300452
205,0.010006971010704722
206,0.010006307631327161
207,0.01000570738084399
208,0.010005164251746624
209,0.010004672808216503
210,0.010004228131721598
211,0.010003825771790086
212,0.010003461701468536
213,0.010003132277018802
214,0.010002834201450267
215,0.010002564491522453
216,0.010002320447887752
217,0.01000209962807544
218,0.010001899822046616
219,0.010001719030075388
220,0.01000155544273494
221,0.010001407422788185
222,0.010001273488801747
223,0.01000115230031927
224,0.010001042644445691
225,0.010000944556496156
226,0.010000854670061171
227,0.010000773337451424
228,0.010000699744662818
229,0.010000633155153989
230,0.010000572902474752
231,0.010000518383596042
232,0.010000469052874595
233,0.01000042441659197
234,0.010000384028013249
235,0.010000347482915962
236,0.010000314415544491
237,0.010000284494949467
238,0.01000025742167552
239,0.010000232924764223
240,0.010000210759042257
241,0.010000190702667623
242,0.010000172554909384
243,0.010000156134138677
244,0.010000141276010907
245,0.01000012783182094
246,0.010000115667014801
247,0.010000104659843025
248,0.010000094700142135
249,0.010000085688232097
250,0.010000077533918687
251,0.010000070155590795
252,0.010000063479403637
253,0.010000057438539685
254,0.010000051972539944
255,0.010000047026698851
256,0.010000042551516767
257,0.01000004095260822
258,0.01000003978999509
259,0.010000036003476421
260,0.010000032577292645
261,0.010000029477153364
262,0.01000002667203134
263,0.010000024133851973
264,0.010000021837212306
265,0.0100000197591268
266,0.010000017878797276
267,0.010000016177404765
268,0.010000014637921158
269,0.010000013611506499
270,0.010000012316200397
271,0.010000011144158967
272,0.010000010083652026
273,0.010000009124065665
274,0.010000008255796018
275,0.010000007470153153
276,0.01000000675927409
277,0.010000006116044116
278,0.010000005534025566
279,0.010000005007393405
280,0.010000004530876919
281,0.010000004099706972
282,0.01000000370956827
283,0.010000003417179491
284,0.010000003365967703
285,0.010000003045653525
286,0.010000002755821271
287,0.010000002602611854
288,0.01000000235494059
289,0.010000002130838364
290,0.010000002004341344
291,0.010000001906588464
292,0.010000001725152583
293,0.010000001649406459
294,0.010000001568179671
295,0.010000001449640365
296,0.010000001377011404
297,0.010000001326064458
298,0.010000001244850574
299,0.01000000118829024
300,0.010000001142039274
301,0.010000001083520543
302,0.010000001045834888
303,0.010000000977961967
304,0.010000000918710247
305,0.01000000088101159
306,0.010000000841908031
307,0.010000000811651274
308,0.010000000776091778
309,0.010000000743873343
310,0.010000000714419827
311,0.010000000646433792
312,0.010000000604239586
313,0.01000000058386558
314,0.010000000556836012
315,0.010000000527564315
316,0.010000000511460718
317,0.010000000493523651
318,0.010000000479608806
319,0.010000000463947214
320,0.010000000439910273
321,0.010000000429091757
322,0.010000000420048753
323,0.010000000409800635
324,0.010000000392121126
325,0.01000000037576757
326,0.010000000362589299
327,0.010000000351486318
328,0.010000000338042216
329,0.010000000326317485
330,0.010000000318292505
331,0.010000000307314235
332,0.010000000298112459
333,0.010000000288464143
334,0.010000000280330929
335,0.01000000027357363
336,0.010000000265807083
337,0.010000000248233738
338,0.010000000241186573
339,0.01000000023593841
340,0.01000000022584994
341,0.010000000214770667
342,0.010000000207632729
343,0.010000000205957697
344,0.01000000019577593
345,0.010000000191133243
346,0.01000000018476242
347,0.01000000017844328
348,0.010000000172064738
349,0.010000000167029557
350,0.010000000164526358
351,0.010000000159823613
352,0.010000000156095935
353,0.010000000151709997
354,0.010000000147786814
355,0.010000000145761363
356,0.01000000014179336
357,0.010000000138610908
358,0.010000000134797113
359,0.010000000131561021
360,0.01000000012725218
361,0.01000000012294914
362,0.01000000011863728
363,0.01000000011329225
364,0.01000000010637502
365,0.010000000103251812
366,0.010000000100070084
367,0.010000000096444797
368,0.010000000094876001
369,0.010000000092969436
370,0.010000000090366244
371,0.01000000008790624
372,0.010000000085821605
373,0.010000000082629832
374,0.010000000079239173
375,0.010000000075995245
376,0.010000000073601896
377,0.010000000071319572
378,0.010000000067267069
379,0.010000000065455518
380,0.010000000063362411
381,0.010000000062176106
382,0.010000000060926656
383,0.01000000006048351
384,0.010000000059202915
385,0.010000000058854647
386,0.010000000058286516
387,0.01000000005672249
388,0.01000000005506811
389,0.01000000005256081
390,0.010000000048534302
391,0.01000000004769234
392,0.010000000046822825
393,0.010000000045398125
394,0.010000000044166686
395,0.010000000042929997
396,0.010000000041532274
397,0.010000000040523045
398,0.010000000039609573
399,0.010000000038712821
400,0.010000000037587473
401,0.010000000036429207
402,0.010000000035331356
403,0.01000000003383754
404,0.010000000032647584
405,0.010000000032235582
406,0.010000000031267239
407,0.010000000030379586
408,0.010000000030119442
409,0.010000000029873472
410,0.01000000002894423
411,0.010000000028693506
412,0.01000000002846772
413,0.010000000027428176
414,0.010000000026508643
415,0.010000000025750933
416,0.010000000025385316
417,0.010000000024825489
418,0.010000000024627677
419,0.010000000024089375
420,0.010000000023525168
421,0.010000000022068932
422,0.010000000021161233
423,0.010000000020748436
424,0.010000000019914954
425,0.01000000001951866
426,0.01000000001894369
427,0.010000000018501853
428,0.010000000017946065
429,0.010000000017583674
430,0.010000000017045239
431,0.010000000016900969
432,0.010000000016162131
433,0.010000000016031746
434,0.010000000015542385
435,0.010000000015073991
436,0.010000000014916542
437,0.01000000001435317
438,0.010000000014039443
439,0.010000000013887244
440,0.010000000013025001
441,0.010000000012595892
442,0.010000000012202864
443,0.010000000012072989
444,0.010000000011747855
445,0.010000000011140316
446,0.01000000001075715
447,0.010000000010300276
448,0.010000000009988862
449,0.010000000009742237
450,0.01000000000906092
451,0.010000000008550338
452,0.01000000000806046
453,0.01000000000776379
454,0.010000000007700387
455,0.010000000007561507
456,0.01000000000737039
457,0.010000000007297052
458,0.010000000006939088
459,0.010000000006809852
460,0.010000000006506296
461,0.010000000006050678
462,0.010000000005667059
463,0.01000000000561797
464,0.01000000000551389
465,0.010000000004989174
466,0.010000000004802662
467,0.010000000004345628
468,0.01000000000421593
469,0.01000000000414238
470,0.010000000003962877
471,0.010000000003867353
472,0.010000000003613476
473,0.010000000003269609
474,0.0100000000032481
475,0.010000000003023365
476,0.010000000002995378
477,0.010000000002824328
478,0.010000000002555557
479,0.010000000002407455
480,0.0100000000023835
481,0.010000000002236182
482,0.010000000002221471
483,0.01000000000214764
484,0.010000000002054782
485,0.010000000002037797
486,0.01000000000197086
487,0.01000000000194813
488,0.010000000001916249
489,0.010000000001834495
490,0.010000000001758162
491,0.010000000001590851
492,0.010000000001528014
493,0.010000000001481223
494,0.010000000001445953
495,0.01000000000135333
496,0.010000000001327197
497,0.010000000001290164
498,0.010000000001275286
499,0.010000000001220633
500,0.010000000001198498
501,0.010000000001115127
502,0.010000000001075482
503,0.010000000001044845
504,0.010000000000989624
505,0.010000000000932178
506,0.01000000000089751
507,0.010000000000845666
508,0.010000000000822563
509,0.010000000000806114
510,0.010000000000786448
511,0.01000000000076031
512,0.010000000000737029
513,0.010000000000729694
514,0.010000000000692996
515,0.010000000000673795
516,0.010000000000638056
517,0.010000000000621928
518,0.01000000000060228
519,0.010000000000573135
520,0.010000000000537657
521,0.010000000000531615
522,0.010000000000522967
523,0.01000000000051077
524,0.010000000000505436
525,0.01000000000049207
526,0.010000000000476192
527,0.010000000000465225
528,0.010000000000448685
529,0.010000000000439888
530,0.010000000000425013
531,0.010000000000413773
532,0.010000000000383261
533,0.010000000000372083
534,0.010000000000349785
535,0.010000000000347136
536,0.01000000000032981
537,0.010000000000315801
538,0.010000000000310323
539,0.010000000000301422
540,0.0100000000002804
541,0.010000000000271812
542,0.010000000000261284
543,0.010000000000254172
544,0.01000000000025079
545,0.010000000000243377
546,0.010000000000240643
547,0.010000000000230769
548,0.010000000000228312
549,0.010000000000218048
550,0.010000000000211774
551,0.010000000000204592
552,0.010000000000193507
553,0.010000000000183206
554,0.01000000000016934
555,0.010000000000160134
556,0.010000000000153135
557,0.010000000000145086
558,0.010000000000137184
559,0.010000000000130285
560,0.010000000000126486
561,0.010000000000115658
562,0.01000000000011026
563,0.010000000000106073
564,0.01000000000010392
565,0.010000000000096711
566,0.010000000000093899
567,0.010000000000085364
568,0.010000000000079228
569,0.010000000000075584
570,0.010000000000072532
571,0.010000000000070038
572,0.010000000000067353
573,0.01000000000006627
574,0.010000000000063805
575,0.0100000000000615
576,0.010000000000059676
577,0.010000000000059277
578,0.010000000000057135
579,0.01000000000005478
580,0.010000000000050725
581,0.010000000000049518
582,0.010000000000048078
583,0.010000000000046281
584,0.010000000000045273
585,0.010000000000043311
586,0.010000000000041939
587,0.010000000000040692
588,0.010000000000038691
589,0.010000000000037349
590,0.010000000000035755
591,0.010000000000033813
592,0.010000000000033416
593,0.010000000000032377
594,0.010000000000031534
595,0.01000000000003011
596,0.01000000000002908
597,0.010000000000028078
598,0.01000000000002699
599,0.010000000000025674
600,0.010000000000024769
601,0.010000000000023898
602,0.010000000000021624
603,0.010000000000021016
604,0.010000000000020184
605,0.01000000000001958
606,0.010000000000018988
607,0.010000000000017955
608,0.010000000000017413
609,0.01000000000001673
610,0.010000000000016121
611,0.010000000000015406
612,0.010000000000014888
613,0.010000000000014412
614,0.010000000000014019
615,0.010000000000013437
616,0.010000000000013052
617,0.010000000000012286
618,0.010000000000011626
619,0.010000000000011344
620,0.01000000000001065
621,0.010000000000010287
622,0.010000000000009826
623,0.010000000000009522
624,0.010000000000008993
625,0.010000000000008736
626,0.010000000000008464
627,0.010000000000008181
628,0.010000000000007935
629,0.010000000000007711
630,0.010000000000007392
631,0.010000000000007196
632,0.01000000000000678
633,0.0100000000000065
634,0.010000000000006145
635,0.010000000000005916
636,0.010000000000005753
637,0.010000000000005565
638,0.010000000000005312
639,0.01000000000000517
640,0.01000000000000491
641,0.010000000000004625
642,0.010000000000004486
643,0.010000000000004302
644,0.010000000000004044
645,0.010000000000003938
646,0.010000000000003817
647,0.01000000000000372
648,0.01000000000000358
649,0.01000000000000349
650,0.010000000000003395
651,0.010000000000003303
652,0.010000000000003208
653,0.010000000000003072
654,0.010000000000003
655,0.010000000000002856
656,0.010000000000002762
657,0.010000000000002689
658,0.010000000000002604
659,0.010000000000002519
660,0.010000000000002434
661,0.010000000000002358
662,0.010000000000002283
663,0.010000000000002186
664,0.010000000000002106
665,0.01000000000000203
666,0.010000000000001957
667,0.010000000000001898
668,0.010000000000001842
669,0.010000000000001782
670,0.010000000000001683
671,0.010000000000001603
672,0.01000000000000155
673,0.010000000000001508
674,0.010000000000001463
675,0.010000000000001386
676,0.010000000000001336
677,0.010000000000001296
678,0.010000000000001256
679,0.010000000000001216
680,0.010000000000001178
681,0.010000000000001143
682,0.010000000000001112
