0,1.0
1,0.9890717639157014
2,0.9841886231213146
3,0.9760397120292232
4,0.9687256389007275
5,0.9567214808608204
6,0.9471140031888541
7,0.9375112679385795
8,0.9298447843336041
9,0.9209654244425117
10,0.9148823571299679
11,0.9082109423656956
12,0.8997183421356489
13,0.8895451889482949
14,0.8807064930901535
15,0.8714395999063369
16,0.863038723357253
17,0.8547197733028422
18,0.8448106587323273
19,0.8396508446005893
20,0.8295905965896289
21,0.8232226571853266
22,0.8140045618684759
23,0.8082365188956492
24,0.8006101136302275
25,0.7958806555111692
26,0.7881388223271886
27,0.7814755217158954
28,0.774563393255329
29,0.7668044843491696
30,0.7615253514802084
31,0.7553135058832793
32,0.7490051894095611
33,0.7432633711344286
34,0.7369116498565493
35,0.7328523213455564
36,0.7265191278392991
37,0.7223041115102706
38,0.7162045618085116
39,0.7119098262422078
40,0.7056905456397138
41,0.6992506156554199
42,0.6946480722682106
43,0.6856701026733364
44,0.6804874218108095
45,0.6747459536827255
46,0.6684607690196445
47,0.6614527982962575
48,0.6566498404503726
49,0.6517539296894689
50,0.6474685504120066
51,0.640368735825649
52,0.6357837994328757
53,0.6308595836795803
54,0.625789351455695
55,0.6206383852491802
56,0.616560783288198
57,0.6124501619140923
58,0.6064556826452064
59,0.60057990447928
60,0.5947620095225504
61,0.5881335764681778
62,0.5828391393189344
63,0.5792415968987125
64,0.5741978247653626
65,0.5692546657070957
66,0.5645211470027717
67,0.556483952542945
68,0.5515876633214628
69,0.5457164142289567
70,0.5371077269565214
71,0.5309765041463343
72,0.5254317727661099
73,0.5209158722705223
74,0.5157815937128782
75,0.5077534843539458
76,0.5039848966455989
77,0.5002448416422192
78,0.49551245585514697
79,0.4900570462184125
80,0.4859462573492026
81,0.48003395798622034
82,0.4763353185797718
83,0.46829127020763767
84,0.4625077740116447
85,0.4583637940274956
86,0.4537693489597625
87,0.4496614254664963
88,0.44659454210309957
89,0.443072410203493
90,0.4397505581878871
91,0.43645418620876847
92,0.4334794306965084
93,0.43014712313961395
94,0.4274250232479078
95,0.4238919473947119
96,0.42088153754340435
97,0.41821946864598314
98,0.41541244966465046
99,0.4129066684254187
100,0.410096169967237
101,0.406551112958517
102,0.4034307010220194
103,0.4004519612430657
104,0.3974570264379529
105,0.39429286959402743
106,0.39145959839162964
107,0.3887608272177946
108,0.38649506633441655
109,0.3842802854712961
110,0.3806673179234635
111,0.37867110902149737
112,0.37540449414973726
113,0.37300076551836114
114,0.37100974164270506
115,0.36895783959170875
116,0.3669532936571559
117,0.36435702253266017
118,0.36174445897307644
119,0.3592209942428573
120,0.3561959496175096
121,0.35395297351447014
122,0.35066682372531083
123,0.3487982993470979
124,0.34694002364327536
125,0.3451254512704171
126,0.3432539937151972
127,0.34145927225823997
128,0.3392459181501545
129,0.33596986652715266
130,0.33405230667871366
131,0.33224268542995045
132,0.32858997880255225
133,0.3266841620972994
134,0.3243179153984613
135,0.3225939122184373
136,0.31976221139705524
137,0.31784762703097635
138,0.3160672787949878
139,0.31344638618897164
140,0.31081785332652934
141,0.30910806907691785
142,0.3071107435263533
143,0.3044781901485233
144,0.3025117811008409
145,0.3006747496050949
146,0.2981280337929284
147,0.2956036307596901
148,0.2936113863348506
149,0.2907894058901899
150,0.2886634950991379
151,0.28644308063838564
152,0.28369242602714156
153,0.2818648161027853
154,0.2803736640413329
155,0.27832661284230537
156,0.2758427432389917
157,0.27419961718515395
158,0.27227798248002794
159,0.2699540652075884
160,0.2683473360106976
161,0.26667352410851874
162,0.265087071344548
163,0.2635864886953679
164,0.2617924011729916
165,0.2599110221544695
166,0.25754810905228626
167,0.256091875322669
168,0.25444857097489526
169,0.25284052280264
170,0.25088145948553986
171,0.2484131142529767
172,0.24653707077907938
173,0.2443006086219583
174,0.2429921921989861
175,0.24164474884728268
176,0.24037419994095546
177,0.23897319473148546
178,0.23721687165359395
179,0.23506853214284
180,0.2334985537529446
181,0.23182858481130075
182,0.23021513240851527
183,0.22798035479924397
184,0.22576825606271078
185,0.2245633307684533
186,0.2233011342580447
187,0.22215241247326276
188,0.2205040605854693
189,0.21832616305263222
190,0.21648028653626877
191,0.21499896762059625
192,0.21306069878255623
193,0.21100000704898175
194,0.20985756605878192
195,0.20864214570671077
196,0.20727623272039275
197,0.20564561640759732
198,0.2044169234708793
199,0.20311868404220418
200,0.2019250522831934
201,0.2006243891940553
202,0.19910547782682378
203,0.19741116437352257
204,0.19569488863513057
205,0.19410475994670973
206,0.1925282477302571
207,0.19087477538540215
208,0.18950533754781038
209,0.18734641081088133
210,0.18633841179560867
211,0.18516089352767198
212,0.18406084867811967
213,0.1823978596498814
214,0.18136656945643118
215,0.17988214690325
216,0.17869712429290183
217,0.17753712074981487
218,0.17630192192852384
219,0.17525751316236723
220,0.17400631663157043
221,0.1730578332558106
222,0.171985195155726
223,0.17063021838610434
224,0.16966932264569445
225,0.16868243535721236
226,0.16763857979639837
227,0.1663981411997712
228,0.1649658768191082
229,0.16366961537390587
230,0.16270453997653675
231,0.1612909710385998
232,0.16016053319664006
233,0.1585772378350665
234,0.15771798410022744
235,0.15640912709494448
236,0.15414286749668799
237,0.1529800261353066
238,0.15185493389459961
239,0.15086541670801568
240,0.14917121575224415
241,0.14826953648214258
242,0.1467022144757432
243,0.14573506619219734
244,0.14458620769525288
245,0.1434871132380122
246,0.1422514378814241
247,0.14139459130338536
248,0.14019130466908178
249,0.13901193805329617
250,0.13809919735685844
251,0.13674851711699265
252,0.13565058793519522
253,0.1342263050700155
254,0.1326586069498022
255,0.13153532279585856
256,0.13055486290443097
257,0.12957035502742997
258,0.12845165979507794
259,0.12736690206168394
260,0.12622232401433642
261,0.12523862092106622
262,0.12430895830811282
263,0.12312630559543826
264,0.12191111533404543
265,0.12087516658968987
266,0.1199037456447534
267,0.11910436957409734
268,0.1179431762824951
269,0.11699744365787744
270,0.1160706034987829
271,0.1149626888926745
272,0.11401186125101474
273,0.11328632057723785
274,0.11261713669717925
275,0.11172823991562293
276,0.11077647476477878
277,0.1098236314265352
278,0.10904803585639732
279,0.10850476701798228
280,0.10742715232750831
281,0.1064288029838792
282,0.10576573446041866
283,0.1050026649325466
284,0.1044532443358764
285,0.10392578443374927
286,0.10336391701500425
287,0.10233330799793877
288,0.10135060842085322
289,0.10078598678438713
290,0.09965822514419163
291,0.09881050505131492
292,0.09820864226959994
293,0.0976722073416798
294,0.0969562347409696
295,0.09637557534931553
296,0.0956188049596414
297,0.09487715222386188
298,0.09419242418315991
299,0.09367204599255892
300,0.09304685305173199
301,0.09255831921071221
302,0.09180226585211206
303,0.09128853153950357
304,0.09068114808800766
305,0.0902225737224373
306,0.08954357169257662
307,0.08898081249277424
308,0.08842987732805144
309,0.08796070698262959
310,0.08743237254807232
311,0.08687686170456758
312,0.08617283805139665
313,0.0856112395271151
314,0.08510633753271746
315,0.08471679825742454
316,0.0841659346594042
317,0.08356761704629409
318,0.08313484603559836
319,0.08258112799949192
320,0.08200279539036977
321,0.08152198916073818
322,0.08098048237535119
323,0.08045012010213146
324,0.080014680614766
325,0.07958889104151602
326,0.07906892666245686
327,0.0784843288463064
328,0.07810869896672043
329,0.07753222849583302
330,0.0768001244208631
331,0.0760561371332907
332,0.07523557461921743
333,0.0745670967714463
334,0.07409106374981302
335,0.07351683209457173
336,0.0728722533473062
337,0.07248989996531607
338,0.07214714894483093
339,0.07172598192277674
340,0.07136900745430108
341,0.07079484159155397
342,0.07029836223778985
343,0.06978799827840863
344,0.06946601322975986
345,0.06903349195658288
346,0.06870382832132525
347,0.06828267871535791
348,0.06778359680661779
349,0.06724297589568308
350,0.06673010051374481
351,0.06619371641737133
352,0.06573481202216067
353,0.06543465519006839
354,0.06497645172682995
355,0.06466397734998494
356,0.06433154204665102
357,0.06400652880912283
358,0.0636727241940996
359,0.06330898777500124
360,0.06288950590661188
361,0.06259415243511172
362,0.06228998927681737
363,0.0619512065830693
364,0.061465153270723764
365,0.06113682805117633
366,0.06076996518038893
367,0.06049149686174493
368,0.06002410269255605
369,0.059690061492128875
370,0.0592941268504079
371,0.05896006388914836
372,0.058589377794982675
373,0.05809147580082503
374,0.05776078680683614
375,0.057158060229282485
376,0.05665149356262462
377,0.05633533954829336
378,0.05591100933636215
379,0.05565006099244232
380,0.05525010285258406
381,0.05492097986225395
382,0.054607631003729805
383,0.05435409078309712
384,0.05404029204228213
385,0.05362389030780256
386,0.053401974832695875
387,0.0531552873035138
388,0.05285854077398734
389,0.05261920371488568
390,0.052279610270108814
391,0.052026692121687416
392,0.051700159057609114
393,0.05140513649772723
394,0.051190388616329026
395,0.050878528233386636
396,0.05052037536881379
397,0.05030215506691241
398,0.049945057328890624
399,0.049599042676352484
400,0.0493464180642739
401,0.04902119433984984
402,0.0487994062287204
403,0.048521053775187895
404,0.04817591972409283
405,0.04783009474473691
406,0.04748740249714516
407,0.047244524589246426
408,0.0470254288621247
409,0.04682971319381401
410,0.0463394868886591
411,0.04609321664560321
412,0.04571264912041722
413,0.04550256484862764
414,0.04525491468150952
415,0.044942538078669894
416,0.04452228105041239
417,0.04433636316281692
418,0.044113900588877014
419,0.04389965858608085
420,0.0434317130872395
421,0.04315206287254971
422,0.042897772263681494
423,0.042485860824797994
424,0.04201501281105676
425,0.04178851125212696
426,0.04144389803347173
427,0.040966468046389926
428,0.04045666772613886
429,0.04020190322615273
430,0.039877477722440095
431,0.039669065671576215
432,0.03941794737805485
433,0.03918937996027101
434,0.039026376268812335
435,0.03871744974703836
436,0.038568506596164454
437,0.038338036357297586
438,0.03815443646704264
439,0.037980418972615386
440,0.03781582054351513
441,0.03764389597304515
442,0.037418142878721326
443,0.037275938587343085
444,0.03713175852749011
445,0.03698834060051819
446,0.03680008189052199
447,0.03664242694678239
448,0.03640108065269303
449,0.03597423131094764
450,0.035774997763390215
451,0.035393797292722455
452,0.03501573290492082
453,0.034843718480109157
454,0.03460882068569608
455,0.034434716858793686
456,0.03410947563575845
457,0.03398203343504164
458,0.03368175553718271
459,0.03353067627107981
460,0.033178032222458916
461,0.032589946069798995
462,0.032320486706644926
463,0.032067478047623436
464,0.031725896652207354
465,0.03147962782974579
466,0.030855233900141298
467,0.030730477141287064
468,0.030618834271763866
469,0.030003453689657816
470,0.029810358215942703
471,0.029548624836798716
472,0.029274923356569713
473,0.029043102130776502
474,0.028836659473980862
475,0.02837158069447593
476,0.028223371946609968
477,0.028069129743094202
478,0.027776990332658173
479,0.027559672595476606
480,0.02730343338076229
481,0.02682565732517362
482,0.026388910926796363
483,0.026253445923548543
484,0.02611104309085692
485,0.025874355461889015
486,0.02566619087858287
487,0.025431408464586504
488,0.02521687399144589
489,0.024885758390136674
490,0.024736168928808915
491,0.024579332492552078
492,0.024329279237591782
493,0.024252109675049597
494,0.024002066741722956
495,0.023887719259842875
496,0.023614085334219923
497,0.02350425664967283
498,0.023287250190180526
499,0.02313006899588812
500,0.023020238350835314
501,0.022802045247581657
502,0.02265186889667277
503,0.02257744264352721
504,0.022474729314037573
505,0.022386472418638767
506,0.022320997775888425
507,0.022194742827975504
508,0.022086691159959305
509,0.02195327074129866
510,0.02183670081362602
511,0.021762364005315185
512,0.021700188387018194
513,0.02163834142778233
514,0.021409027672727322
515,0.02107737725131381
516,0.02090154958757684
517,0.02071671790438466
518,0.020537127187744537
519,0.02014118589129177
520,0.019987206691768872
521,0.01993044154797714
522,0.01969688735842316
523,0.019553474813484226
524,0.019438574318116415
525,0.01936055836535607
526,0.019184386687156635
527,0.01907301790051261
528,0.018929004791245103
529,0.018823379352057714
530,0.018718131549618256
531,0.018569461911040676
532,0.018457088311233598
533,0.018356209733505192
534,0.018216998062263838
535,0.018175198052771978
536,0.018096281993315155
537,0.01803096699203387
538,0.017976541672293893
539,0.017838166507155216
540,0.01770912693475249
541,0.017490270735433196
542,0.017351504183688794
543,0.01723481611066887
544,0.01702731672048218
545,0.016931005823378628
546,0.016881969965320043
547,0.016774089341066833
548,0.016720112820295854
549,0.016594954870301347
550,0.01596736193690715
551,0.015399492367477126
552,0.015294692708695563
553,0.01505968861631744
554,0.014971417164019136
555,0.014930818226407513
556,0.014853523534477074
557,0.01477171101114804
558,0.01431762267094095
559,0.01425291633094641
560,0.014216919744355565
561,0.014145838015275431
562,0.014117741951651296
563,0.014066183900891482
564,0.014030558464386778
565,0.013998042807016754
566,0.01397372897846412
567,0.013948378321633988
568,0.01392554401088184
569,0.013902061265500885
570,0.013870582231449666
571,0.013818680496292614
572,0.013759571330770538
573,0.013538153366393479
574,0.01349385231669138
575,0.013450796048519972
576,0.013399760347568616
577,0.013338110549344008
578,0.013317810054450846
579,0.013250812428585425
580,0.013232982038747678
581,0.01321010916107338
582,0.013173087038257732
583,0.013150952988544552
584,0.013133983700718891
585,0.01310714700409151
586,0.013090722687854422
587,0.013064869353299006
588,0.013043490182222891
589,0.013016824967642778
590,0.012916851972549027
591,0.012892742294749224
592,0.012617461469024304
593,0.012514326421252546
594,0.01235468024958893
595,0.012215781012944762
596,0.012004921570686042
597,0.011949367465190309
598,0.011763860624006103
599,0.011752607962936942
600,0.011585825264013125
601,0.01143491403734583
602,0.011298363912655556
603,0.011282235377101005
604,0.011255965931565831
605,0.011217628291268749
606,0.011106835389608119
607,0.011097906234849167
608,0.01103458972082555
609,0.010952185836463943
610,0.010879593810654948
611,0.010864421262321514
612,0.01081628227640393
613,0.01080236227642233
614,0.010797562516443007
615,0.010755711902432283
616,0.01074916572603839
617,0.010741340639512102
618,0.01073609576231844
619,0.010722675445833172
620,0.01070448019732722
621,0.010698657210513439
622,0.01067672177579344
623,0.010668649644139192
624,0.010663852656579573
625,0.010600678723735773
626,0.010543516585454212
627,0.01049179414384211
628,0.0104449937433193
629,0.010402646989747192
630,0.010364330062582802
631,0.010329659473140301
632,0.010298288226507364
633,0.010269902348703449
634,0.01024421774432267
635,0.010242199125899784
636,0.010238211806720753
637,0.010235935915134668
638,0.010213483644272403
639,0.01019316798947635
640,0.010174785624844977
641,0.01015815257349453
642,0.01015698656400666
643,0.010142047317242124
644,0.010128529727772298
645,0.01011629850701835
646,0.010105231240811922
647,0.010104142507135696
648,0.010094232037264455
649,0.010085264673294639
650,0.0100771506668336
651,0.010069808810177468
652,0.010063165623557142
653,0.010057154619728077
654,0.010056472863012693
655,0.010055832728076133
656,0.01005344538129856
657,0.010050388361314532
658,0.010049971868750772
659,0.010045216416694881
660,0.010040913505735034
661,0.010040607802263025
662,0.01003674345895179
663,0.010033246856527648
664,0.01003008299981829
665,0.010027220223882357
666,0.010024629877096073
667,0.010022286034398155
668,0.010020165237823087
669,0.010018246261725924
670,0.010018135298311887
671,0.010017976407830233
672,0.01001626572644667
673,0.010014717837920484
674,0.010013317250463043
675,0.010012049946524318
676,0.010010903242500535
677,0.010009865661792404
678,0.010008926819943455
679,0.010008077320708908
680,0.010007308662014897
681,0.010006613150866856
682,0.010005983826355449
683,0.01000592191704776
684,0.010005358372131318
685,0.010004848455604178
686,0.010004387064050347
687,0.010003969579708075
688,0.010003591824253743
689,0.010003554307407209
690,0.010003216070337245
691,0.010002910020780175
692,0.010002633095689164
693,0.010002382523504825
694,0.010002155796416516
695,0.010001950645263331
696,0.010001765016823577
697,0.010001597053265435
698,0.010001524642905194
699,0.010001492959246962
700,0.010001475888560204
701,0.010001458283737674
702,0.01000142969369512
703,0.010001293640351674
704,0.010001170534195676
705,0.010001100605212967
706,0.010000995868779177
707,0.010000901099334854
708,0.010000815348395543
709,0.010000737757737023
710,0.01000070163652627
711,0.010000695767464022
712,0.010000629556435698
713,0.010000616227060973
714,0.010000610156511868
715,0.010000604508360919
716,0.010000576696136394
717,0.01000057112922703
718,0.010000564881232504
719,0.010000540565330947
720,0.010000536687238451
721,0.010000527851767593
722,0.010000504978321735
723,0.010000493595078095
724,0.010000469850942646
725,0.010000466107130321
726,0.010000460869766584
727,0.010000434291297391
728,0.01000042984105512
729,0.010000406309628654
730,0.010000402628983369
731,0.010000378386250678
732,0.010000345300654932
733,0.010000327738325246
734,0.010000296549900008
735,0.010000271704614774
736,0.010000247872747883
737,0.010000224284537196
738,0.010000212175868911
739,0.010000209770798952
740,0.010000193004885317
741,0.010000190321643442
742,0.010000185140593462
743,0.010000183647011827
744,0.010000166170688012
745,0.010000161275728755
746,0.010000145928313999
747,0.01000013892239962
748,0.01000013748509361
749,0.010000135519494541
750,0.010000122623109535
751,0.01000012168253744
752,0.010000110102912997
753,0.010000109302088299
754,0.010000098900619363
755,0.01000009327158452
756,0.010000090941414377
757,0.010000089488981068
758,0.010000080972978572
759,0.010000079943129542
760,0.010000078839607289
761,0.010000077906976124
762,0.010000070493147124
763,0.010000064451661014
764,0.010000063957288998
765,0.010000060880656754
766,0.010000060124385089
767,0.010000054402793364
768,0.01000005395311891
769,0.01000005326692003
770,0.010000052552648788
771,0.010000051962146478
772,0.010000051198769634
773,0.010000046326562522
774,0.010000045513796563
775,0.010000044603641388
776,0.010000043764172411
777,0.01000004293620894
778,0.010000041863549214
779,0.01000004109619348
780,0.010000040218033966
781,0.010000039508486666
782,0.010000038575428296
783,0.010000037766236952
784,0.010000037397935455
785,0.010000036503768475
786,0.010000035734460422
787,0.010000034967375603
788,0.010000034012071345
789,0.010000033720821701
790,0.01000003304319025
791,0.01000003270132187
792,0.010000032421296337
793,0.010000032066616394
794,0.010000031306179345
795,0.010000030867859633
796,0.010000030003543797
797,0.010000028922374544
798,0.010000028537399817
799,0.010000028036731824
800,0.01000002766354555
801,0.010000027344502449
802,0.010000026645372648
803,0.010000026317010082
804,0.010000025757233525
805,0.010000025460175881
806,0.010000025031011127
807,0.010000024525551715
808,0.010000024097678336
809,0.010000023738910645
810,0.010000023390161874
811,0.01000002319682698
812,0.01000002294994411
813,0.010000022703418349
814,0.010000022461786806
815,0.010000022043449902
816,0.010000021630741082
817,0.010000021428364776
818,0.01000002106505489
819,0.010000020670664085
820,0.010000020314105585
821,0.010000019941749545
822,0.010000019703878631
823,0.01000001942606073
824,0.010000019225076628
825,0.010000018887786594
826,0.010000018628925389
827,0.010000018366263958
828,0.010000018103684864
829,0.010000017823458825
830,0.010000017653172304
831,0.010000017482764348
832,0.010000017177759609
833,0.010000017008538814
834,0.010000016690096192
835,0.010000016375977938
836,0.010000016109602152
837,0.010000015812732995
838,0.010000015493421294
839,0.010000015142653565
840,0.01000001484429329
841,0.01000001450822168
842,0.010000014201044257
843,0.010000013991017284
844,0.010000013738683968
845,0.010000013596542075
846,0.010000013321982644
847,0.010000013039921039
848,0.01000001277660164
849,0.010000012408919162
850,0.010000012204631384
851,0.010000012059051036
852,0.010000011908060233
853,0.010000011763664503
854,0.010000011630320233
855,0.010000011507689928
856,0.010000011255034068
857,0.01000001108635975
858,0.010000010961789036
859,0.01000001086683512
860,0.010000010717902791
861,0.010000010588997616
862,0.01000001046896851
863,0.01000001006048628
864,0.010000009841572463
865,0.010000009684391846
866,0.010000009342888834
867,0.01000000922590697
868,0.010000009067671463
869,0.010000008928206202
870,0.010000008750540777
871,0.010000008637519974
872,0.010000008469025946
873,0.010000008313789333
874,0.010000008179373035
875,0.010000008003792579
876,0.01000000787360087
877,0.010000007653901376
878,0.010000007494095933
879,0.010000007298840511
880,0.010000007203128903
881,0.010000007064028526
882,0.010000006966517799
883,0.010000006759950053
884,0.010000006603603609
885,0.010000006398832176
886,0.010000006272754054
887,0.010000006015957375
888,0.010000005905685325
889,0.010000005832906984
890,0.010000005764483176
891,0.010000005676390191
892,0.010000005136210244
893,0.010000004647435215
894,0.010000004570010492
895,0.010000004135116494
896,0.010000003741608131
897,0.010000003681482413
898,0.01000000333114304
899,0.010000003276957829
900,0.010000003232369633
901,0.010000002924768993
902,0.01000000285284146
903,0.010000002819657718
904,0.01000000255133181
905,0.010000002522159556
906,0.01000000228214434
907,0.01000000223896902
908,0.010000002207400329
909,0.010000001997338415
910,0.010000001807266535
911,0.01000000178999979
912,0.010000001733973338
913,0.010000001568963959
914,0.010000001419657298
915,0.01000000140062071
916,0.010000001372886562
917,0.01000000134893515
918,0.010000001220566998
919,0.010000001104414692
920,0.010000000999315738
921,0.010000000975227505
922,0.01000000094602669
923,0.010000000931848997
924,0.010000000843171842
925,0.010000000831948701
926,0.010000000752778314
927,0.010000000681141985
928,0.010000000616322755
929,0.01000000055767189
930,0.010000000504602393
931,0.010000000456583126
932,0.010000000413133496
933,0.01000000040657596
934,0.010000000403497696
935,0.010000000399962494
936,0.010000000393732118
937,0.010000000390087384
938,0.010000000384741152
939,0.010000000348128191
940,0.010000000314999414
941,0.010000000312302035
942,0.010000000282582567
943,0.010000000277819266
944,0.01000000027212752
945,0.010000000246231162
946,0.010000000241741936
947,0.010000000218737148
948,0.010000000197921556
949,0.01000000017908683
950,0.010000000162044465
951,0.010000000146623896
952,0.01000000014464331
953,0.01000000013087868
954,0.010000000118423927
955,0.0100000001071544
956,0.01000000009695731
957,0.010000000087730603
958,0.010000000079381932
959,0.010000000071827742
960,0.010000000064992428
961,0.01000000005880758
962,0.0100000000532113
963,0.010000000048147575
964,0.010000000043565728
965,0.0100000000394199
966,0.0100000000356686
967,0.010000000032274284
968,0.01000000002920298
969,0.01000000002642395
970,0.010000000023909378
971,0.0100000000216341
972,0.010000000019575343
973,0.010000000017712504
974,0.010000000016026935
975,0.010000000014501772
976,0.010000000013121745
977,0.010000000011873046
978,0.010000000010743176
979,0.010000000009720827
980,0.010000000008795768
981,0.01000000000795874
982,0.010000000007201365
983,0.010000000006516064
984,0.010000000005895978
985,0.010000000005334901
986,0.010000000004827219
987,0.010000000004367848
988,0.010000000003952193
989,0.010000000003576093
990,0.010000000003235783
991,0.010000000002927858
992,0.010000000002649235
993,0.010000000002397128
994,0.010000000002169012
995,0.010000000001962602
996,0.010000000001775837
997,0.010000000001606843
998,0.010000000001453933
999,0.010000000001315573
1000,0.01000000000119038
1001,0.0100000000010771
1002,0.0100000000009746
1003,0.010000000000881856
1004,0.010000000000797937
1005,0.010000000000722003
1006,0.010000000000653295
1007,0.010000000000591126
1008,0.010000000000534873
1009,0.010000000000483972
1010,0.010000000000437916
1011,0.010000000000396242
1012,0.010000000000358535
1013,0.010000000000324416
1014,0.010000000000293543
1015,0.010000000000265609
1016,0.010000000000240332
1017,0.010000000000217462
1018,0.010000000000196768
1019,0.010000000000178044
1020,0.0100000000001611
1021,0.010000000000145769
1022,0.010000000000131896
1023,0.010000000000119346
1024,0.010000000000107988
1025,0.010000000000097712
1026,0.010000000000088414
1027,0.01000000000008
1028,0.010000000000072387
1029,0.010000000000065498
1030,0.010000000000059265
1031,0.010000000000053626
1032,0.010000000000048522
1033,0.010000000000043904
1034,0.010000000000039727
1035,0.010000000000035947
1036,0.010000000000032526
1037,0.010000000000029432
1038,0.010000000000028528
1039,0.010000000000025813
1040,0.010000000000023357
1041,0.010000000000021134
1042,0.010000000000019124
1043,0.010000000000017304
1044,0.010000000000015658
1045,0.010000000000014168
1046,0.01000000000001282
1047,0.010000000000012483
1048,0.010000000000011295
1049,0.01000000000001022
1050,0.010000000000009246
1051,0.010000000000008367
1052,0.01000000000000757
1053,0.01000000000000685
1054,0.010000000000006773
1055,0.010000000000006127
1056,0.010000000000005544
1057,0.010000000000005017
1058,0.01000000000000496
1059,0.010000000000004488
1060,0.010000000000004061
1061,0.01000000000000401
1062,0.010000000000003628
1063,0.010000000000003282
1064,0.01000000000000297
1065,0.010000000000002687
1066,0.010000000000002432
1067,0.010000000000002202
1068,0.010000000000001992
1069,0.010000000000001803
1070,0.01000000000000163
1071,0.010000000000001612
1072,0.010000000000001459
1073,0.01000000000000132
1074,0.010000000000001195
1075,0.010000000000001081
1076,0.010000000000000979
1077,0.010000000000000885
1078,0.0100000000000008
1079,0.01000000000000079
1080,0.010000000000000715
1081,0.010000000000000647
1082,0.010000000000000587
1083,0.010000000000000574
1084,0.01000000000000052
1085,0.01000000000000047
1086,0.010000000000000425
1087,0.010000000000000385
1088,0.010000000000000349
1089,0.010000000000000316
1090,0.010000000000000286
1091,0.010000000000000259
1092,0.010000000000000234
1093,0.010000000000000212
1094,0.010000000000000191
1095,0.010000000000000174
1096,0.010000000000000156
1097,0.01000000000000014
1098,0.010000000000000127
1099,0.010000000000000115
1100,0.010000000000000104
1101,0.010000000000000094
1102,0.010000000000000085
1103,0.010000000000000077
1104,0.01000000000000007
1105,0.010000000000000063
1106,0.010000000000000057
1107,0.010000000000000052
1108,0.010000000000000047
1109,0.010000000000000042
1110,0.010000000000000038
1111,0.010000000000000035
1112,0.010000000000000031
1113,0.010000000000000028
1114,0.010000000000000024
1115,0.010000000000000023
1116,0.010000000000000021
1117,0.01000000000000002
1118,0.010000000000000018
1119,0.010000000000000016
1120,0.010000000000000014
1121,0.010000000000000012
1122,0.01000000000000001
1123,0.010000000000000009
1124,0.010000000000000009
1125,0.010000000000000009
1126,0.010000000000000009
1127,0.010000000000000009
1128,0.010000000000000009
1129,0.010000000000000009
1130,0.010000000000000009
1131,0.010000000000000009
1132,0.010000000000000009
1133,0.010000000000000009
1134,0.010000000000000009
1135,0.010000000000000009
1136,0.010000000000000009
1137,0.010000000000000009
1138,0.010000000000000009
1139,0.010000000000000009
1140,0.010000000000000009
1141,0.010000000000000009
1142,0.010000000000000009
1143,0.010000000000000009
1144,0.010000000000000009
1145,0.010000000000000009
1146,0.010000000000000009
1147,0.010000000000000009
1148,0.010000000000000009
1149,0.010000000000000009
1150,0.010000000000000009
1151,0.010000000000000009
1152,0.010000000000000009
1153,0.010000000000000009
1154,0.010000000000000009
1155,0.010000000000000009
1156,0.010000000000000009
1157,0.010000000000000009
1158,0.010000000000000009
1159,0.010000000000000009
1160,0.010000000000000009
1161,0.010000000000000009
1162,0.010000000000000009
1163,0.010000000000000009
1164,0.010000000000000009
1165,0.010000000000000009
1166,0.010000000000000009
1167,0.010000000000000009
1168,0.010000000000000009
1169,0.010000000000000009
1170,0.010000000000000009
1171,0.010000000000000009
1172,0.010000000000000009
1173,0.010000000000000009
1174,0.010000000000000009
1175,0.010000000000000009
1176,0.010000000000000009
1177,0.010000000000000009
1178,0.010000000000000009
1179,0.010000000000000009
1180,0.010000000000000009
1181,0.010000000000000009
1182,0.010000000000000009
1183,0.010000000000000009
1184,0.010000000000000009
1185,0.010000000000000009
1186,0.010000000000000009
1187,0.010000000000000009
1188,0.010000000000000009
1189,0.010000000000000009
1190,0.010000000000000009
1191,0.010000000000000009
1192,0.010000000000000009
1193,0.010000000000000009
1194,0.010000000000000009
1195,0.010000000000000009
1196,0.010000000000000009
1197,0.010000000000000009
1198,0.010000000000000009
1199,0.010000000000000009
1200,0.010000000000000009
1201,0.010000000000000009
1202,0.010000000000000009
1203,0.010000000000000009
1204,0.010000000000000009
1205,0.010000000000000009
1206,0.010000000000000009
1207,0.010000000000000009
1208,0.010000000000000009
1209,0.010000000000000009
1210,0.010000000000000009
1211,0.010000000000000009
1212,0.010000000000000009
1213,0.010000000000000009
1214,0.010000000000000009
1215,0.010000000000000009
1216,0.010000000000000009
1217,0.010000000000000009
1218,0.010000000000000009
1219,0.010000000000000009
1220,0.010000000000000009
1221,0.010000000000000009
1222,0.010000000000000009
1223,0.010000000000000009
1224,0.010000000000000009
1225,0.010000000000000009
1226,0.010000000000000009
1227,0.010000000000000009
1228,0.010000000000000009
1229,0.010000000000000009
1230,0.010000000000000009
1231,0.010000000000000009
1232,0.010000000000000009
1233,0.010000000000000009
1234,0.010000000000000009
1235,0.010000000000000009
1236,0.010000000000000009
1237,0.010000000000000009
1238,0.010000000000000009
1239,0.010000000000000009
1240,0.010000000000000009
1241,0.010000000000000009
1242,0.010000000000000009
1243,0.010000000000000009
1244,0.010000000000000009
1245,0.010000000000000009
1246,0.010000000000000009
1247,0.010000000000000009
1248,0.010000000000000009
1249,0.010000000000000009
1250,0.010000000000000009
1251,0.010000000000000009
1252,0.010000000000000009
1253,0.010000000000000009
1254,0.010000000000000009
1255,0.010000000000000009
1256,0.010000000000000009
1257,0.010000000000000009
1258,0.010000000000000009
1259,0.010000000000000009
1260,0.010000000000000009
1261,0.010000000000000009
1262,0.010000000000000009
1263,0.010000000000000009
1264,0.010000000000000009
1265,0.010000000000000009
1266,0.010000000000000009
1267,0.010000000000000009
1268,0.010000000000000009
1269,0.010000000000000009
1270,0.010000000000000009
1271,0.010000000000000009
1272,0.010000000000000009
1273,0.010000000000000009
1274,0.010000000000000009
1275,0.010000000000000009
1276,0.010000000000000009
1277,0.010000000000000009
1278,0.010000000000000009
1279,0.010000000000000009
1280,0.010000000000000009
1281,0.010000000000000009
1282,0.010000000000000009
1283,0.010000000000000009
1284,0.010000000000000009
1285,0.010000000000000009
1286,0.010000000000000009
1287,0.010000000000000009
1288,0.010000000000000009
1289,0.010000000000000009
1290,0.010000000000000009
1291,0.010000000000000009
1292,0.010000000000000009
1293,0.010000000000000009
1294,0.010000000000000009
1295,0.010000000000000009
1296,0.010000000000000009
1297,0.010000000000000009
1298,0.010000000000000009
1299,0.010000000000000009
1300,0.010000000000000009
1301,0.010000000000000009
1302,0.010000000000000009
1303,0.010000000000000009
1304,0.010000000000000009
1305,0.010000000000000009
1306,0.010000000000000009
1307,0.010000000000000009
1308,0.010000000000000009
1309,0.010000000000000009
1310,0.010000000000000009
1311,0.010000000000000009
1312,0.010000000000000009
1313,0.010000000000000009
1314,0.010000000000000009
1315,0.010000000000000009
1316,0.010000000000000009
1317,0.010000000000000009
1318,0.010000000000000009
1319,0.010000000000000009
1320,0.010000000000000009
1321,0.010000000000000009
1322,0.010000000000000009
1323,0.010000000000000009
1324,0.010000000000000009
1325,0.010000000000000009
1326,0.010000000000000009
1327,0.010000000000000009
1328,0.010000000000000009
1329,0.010000000000000009
1330,0.010000000000000009
1331,0.010000000000000009
1332,0.010000000000000009
1333,0.010000000000000009
1334,0.010000000000000009
1335,0.010000000000000009
1336,0.010000000000000009
1337,0.010000000000000009
1338,0.010000000000000009
1339,0.010000000000000009
1340,0.010000000000000009
1341,0.010000000000000009
1342,0.010000000000000009
1343,0.010000000000000009
1344,0.010000000000000009
1345,0.010000000000000009
1346,0.010000000000000009
1347,0.010000000000000009
1348,0.010000000000000009
1349,0.010000000000000009
1350,0.010000000000000009
1351,0.010000000000000009
1352,0.010000000000000009
1353,0.010000000000000009
1354,0.010000000000000009
1355,0.010000000000000009
1356,0.010000000000000009
1357,0.010000000000000009
1358,0.010000000000000009
1359,0.010000000000000009
1360,0.010000000000000009
1361,0.010000000000000009
1362,0.010000000000000009
1363,0.010000000000000009
1364,0.010000000000000009
1365,0.010000000000000009
1366,0.010000000000000009
1367,0.010000000000000009
1368,0.010000000000000009
1369,0.010000000000000009
1370,0.010000000000000009
1371,0.010000000000000009
1372,0.010000000000000009
1373,0.010000000000000009
1374,0.010000000000000009
1375,0.010000000000000009
1376,0.010000000000000009
1377,0.010000000000000009
1378,0.010000000000000009
1379,0.010000000000000009
1380,0.010000000000000009
1381,0.010000000000000009
1382,0.010000000000000009
1383,0.010000000000000009
1384,0.010000000000000009
1385,0.010000000000000009
1386,0.010000000000000009
1387,0.010000000000000009
1388,0.010000000000000009
1389,0.010000000000000009
1390,0.010000000000000009
1391,0.010000000000000009
1392,0.010000000000000009
1393,0.010000000000000009
1394,0.010000000000000009
1395,0.010000000000000009
1396,0.010000000000000009
1397,0.010000000000000009
1398,0.010000000000000009
1399,0.010000000000000009
1400,0.010000000000000009
1401,0.010000000000000009
1402,0.010000000000000009
1403,0.010000000000000009
1404,0.010000000000000009
1405,0.010000000000000009
1406,0.010000000000000009
1407,0.010000000000000009
1408,0.010000000000000009
1409,0.010000000000000009
1410,0.010000000000000009
1411,0.010000000000000009
1412,0.010000000000000009
1413,0.010000000000000009
1414,0.010000000000000009
1415,0.010000000000000009
1416,0.010000000000000009
1417,0.010000000000000009
1418,0.010000000000000009
1419,0.010000000000000009
1420,0.010000000000000009
1421,0.010000000000000009
1422,0.010000000000000009
1423,0.010000000000000009
1424,0.010000000000000009
1425,0.010000000000000009
1426,0.010000000000000009
1427,0.010000000000000009
1428,0.010000000000000009
1429,0.010000000000000009
1430,0.010000000000000009
1431,0.010000000000000009
1432,0.010000000000000009
1433,0.010000000000000009
1434,0.010000000000000009
1435,0.010000000000000009
1436,0.010000000000000009
1437,0.010000000000000009
1438,0.010000000000000009
1439,0.010000000000000009
1440,0.010000000000000009
1441,0.010000000000000009
1442,0.010000000000000009
1443,0.010000000000000009
1444,0.010000000000000009
1445,0.010000000000000009
1446,0.010000000000000009
1447,0.010000000000000009
1448,0.010000000000000009
1449,0.010000000000000009
1450,0.010000000000000009
1451,0.010000000000000009
1452,0.010000000000000009
1453,0.010000000000000009
1454,0.010000000000000009
1455,0.010000000000000009
1456,0.010000000000000009
1457,0.010000000000000009
1458,0.010000000000000009
1459,0.010000000000000009
1460,0.010000000000000009
1461,0.010000000000000009
1462,0.010000000000000009
1463,0.010000000000000009
1464,0.010000000000000009
1465,0.010000000000000009
1466,0.010000000000000009
1467,0.010000000000000009
1468,0.010000000000000009
1469,0.010000000000000009
1470,0.010000000000000009
1471,0.010000000000000009
1472,0.010000000000000009
1473,0.010000000000000009
1474,0.010000000000000009
1475,0.010000000000000009
1476,0.010000000000000009
1477,0.010000000000000009
1478,0.010000000000000009
1479,0.010000000000000009
1480,0.010000000000000009
1481,0.010000000000000009
1482,0.010000000000000009
1483,0.010000000000000009
1484,0.010000000000000009
1485,0.010000000000000009
1486,0.010000000000000009
1487,0.010000000000000009
1488,0.010000000000000009
1489,0.010000000000000009
1490,0.010000000000000009
1491,0.010000000000000009
1492,0.010000000000000009
1493,0.010000000000000009
1494,0.010000000000000009
1495,0.010000000000000009
1496,0.010000000000000009
1497,0.010000000000000009
1498,0.010000000000000009
1499,0.010000000000000009
1500,0.010000000000000009
1501,0.010000000000000009
1502,0.010000000000000009
1503,0.010000000000000009
1504,0.010000000000000009
1505,0.010000000000000009
1506,0.010000000000000009
1507,0.010000000000000009
1508,0.010000000000000009
1509,0.010000000000000009
1510,0.010000000000000009
1511,0.010000000000000009
1512,0.010000000000000009
1513,0.010000000000000009
1514,0.010000000000000009
1515,0.010000000000000009
1516,0.010000000000000009
1517,0.010000000000000009
1518,0.010000000000000009
1519,0.010000000000000009
1520,0.010000000000000009
1521,0.010000000000000009
1522,0.010000000000000009
1523,0.010000000000000009
1524,0.010000000000000009
1525,0.010000000000000009
1526,0.010000000000000009
1527,0.010000000000000009
1528,0.010000000000000009
1529,0.010000000000000009
1530,0.010000000000000009
1531,0.010000000000000009
1532,0.010000000000000009
1533,0.010000000000000009
1534,0.010000000000000009
1535,0.010000000000000009
1536,0.010000000000000009
1537,0.010000000000000009
1538,0.010000000000000009
1539,0.010000000000000009
1540,0.010000000000000009
1541,0.010000000000000009
1542,0.010000000000000009
1543,0.010000000000000009
1544,0.010000000000000009
1545,0.010000000000000009
1546,0.010000000000000009
1547,0.010000000000000009
1548,0.010000000000000009
1549,0.010000000000000009
1550,0.010000000000000009
1551,0.010000000000000009
1552,0.010000000000000009
1553,0.010000000000000009
1554,0.010000000000000009
1555,0.010000000000000009
1556,0.010000000000000009
1557,0.010000000000000009
1558,0.010000000000000009
1559,0.010000000000000009
1560,0.010000000000000009
1561,0.010000000000000009
1562,0.010000000000000009
1563,0.010000000000000009
1564,0.010000000000000009
1565,0.010000000000000009
1566,0.010000000000000009
1567,0.010000000000000009
1568,0.010000000000000009
1569,0.010000000000000009
1570,0.010000000000000009
1571,0.010000000000000009
1572,0.010000000000000009
1573,0.010000000000000009
1574,0.010000000000000009
1575,0.010000000000000009
1576,0.010000000000000009
1577,0.010000000000000009
1578,0.010000000000000009
1579,0.010000000000000009
1580,0.010000000000000009
1581,0.010000000000000009
1582,0.010000000000000009
1583,0.010000000000000009
1584,0.010000000000000009
1585,0.010000000000000009
1586,0.010000000000000009
1587,0.010000000000000009
1588,0.010000000000000009
1589,0.010000000000000009
1590,0.010000000000000009
1591,0.010000000000000009
1592,0.010000000000000009
1593,0.010000000000000009
1594,0.010000000000000009
1595,0.010000000000000009
1596,0.010000000000000009
1597,0.010000000000000009
1598,0.010000000000000009
1599,0.010000000000000009
1600,0.010000000000000009
1601,0.010000000000000009
1602,0.010000000000000009
1603,0.010000000000000009
1604,0.010000000000000009
1605,0.010000000000000009
1606,0.010000000000000009
1607,0.010000000000000009
1608,0.010000000000000009
1609,0.010000000000000009
1610,0.010000000000000009
1611,0.010000000000000009
1612,0.010000000000000009
1613,0.010000000000000009
1614,0.010000000000000009
1615,0.010000000000000009
1616,0.010000000000000009
1617,0.010000000000000009
1618,0.010000000000000009
1619,0.010000000000000009
1620,0.010000000000000009
1621,0.010000000000000009
1622,0.010000000000000009
1623,0.010000000000000009
1624,0.010000000000000009
1625,0.010000000000000009
1626,0.010000000000000009
1627,0.010000000000000009
1628,0.010000000000000009
1629,0.010000000000000009
1630,0.010000000000000009
1631,0.010000000000000009
1632,0.010000000000000009
1633,0.010000000000000009
1634,0.010000000000000009
1635,0.010000000000000009
1636,0.010000000000000009
1637,0.010000000000000009
1638,0.010000000000000009
1639,0.010000000000000009
1640,0.010000000000000009
1641,0.010000000000000009
1642,0.010000000000000009
1643,0.010000000000000009
1644,0.010000000000000009
1645,0.010000000000000009
1646,0.010000000000000009
1647,0.010000000000000009
1648,0.010000000000000009
1649,0.010000000000000009
1650,0.010000000000000009
1651,0.010000000000000009
1652,0.010000000000000009
1653,0.010000000000000009
1654,0.010000000000000009
1655,0.010000000000000009
1656,0.010000000000000009
1657,0.010000000000000009
1658,0.010000000000000009
1659,0.010000000000000009
1660,0.010000000000000009
1661,0.010000000000000009
1662,0.010000000000000009
1663,0.010000000000000009
1664,0.010000000000000009
1665,0.010000000000000009
1666,0.010000000000000009
1667,0.010000000000000009
1668,0.010000000000000009
1669,0.010000000000000009
1670,0.010000000000000009
1671,0.010000000000000009
1672,0.010000000000000009
1673,0.010000000000000009
1674,0.010000000000000009
1675,0.010000000000000009
1676,0.010000000000000009
1677,0.010000000000000009
1678,0.010000000000000009
1679,0.010000000000000009
1680,0.010000000000000009
1681,0.010000000000000009
1682,0.010000000000000009
1683,0.010000000000000009
1684,0.010000000000000009
1685,0.010000000000000009
1686,0.010000000000000009
1687,0.010000000000000009
1688,0.010000000000000009
1689,0.010000000000000009
1690,0.010000000000000009
1691,0.010000000000000009
1692,0.010000000000000009
1693,0.010000000000000009
1694,0.010000000000000009
1695,0.010000000000000009
1696,0.010000000000000009
1697,0.010000000000000009
1698,0.010000000000000009
1699,0.010000000000000009
1700,0.010000000000000009
1701,0.010000000000000009
1702,0.010000000000000009
1703,0.010000000000000009
1704,0.010000000000000009
1705,0.010000000000000009
1706,0.010000000000000009
1707,0.010000000000000009
1708,0.010000000000000009
1709,0.010000000000000009
1710,0.010000000000000009
1711,0.010000000000000009
1712,0.010000000000000009
1713,0.010000000000000009
1714,0.010000000000000009
1715,0.010000000000000009
1716,0.010000000000000009
1717,0.010000000000000009
1718,0.010000000000000009
1719,0.010000000000000009
1720,0.010000000000000009
1721,0.010000000000000009
1722,0.010000000000000009
1723,0.010000000000000009
1724,0.010000000000000009
1725,0.010000000000000009
1726,0.010000000000000009
1727,0.010000000000000009
1728,0.010000000000000009
1729,0.010000000000000009
1730,0.010000000000000009
1731,0.010000000000000009
1732,0.010000000000000009
1733,0.010000000000000009
1734,0.010000000000000009
1735,0.010000000000000009
1736,0.010000000000000009
1737,0.010000000000000009
1738,0.010000000000000009
1739,0.010000000000000009
1740,0.010000000000000009
1741,0.010000000000000009
1742,0.010000000000000009
1743,0.010000000000000009
1744,0.010000000000000009
1745,0.010000000000000009
1746,0.010000000000000009
1747,0.010000000000000009
1748,0.010000000000000009
1749,0.010000000000000009
1750,0.010000000000000009
1751,0.010000000000000009
1752,0.010000000000000009
1753,0.010000000000000009
1754,0.010000000000000009
1755,0.010000000000000009
1756,0.010000000000000009
1757,0.010000000000000009
1758,0.010000000000000009
1759,0.010000000000000009
1760,0.010000000000000009
1761,0.010000000000000009
1762,0.010000000000000009
1763,0.010000000000000009
1764,0.010000000000000009
1765,0.010000000000000009
1766,0.010000000000000009
1767,0.010000000000000009
1768,0.010000000000000009
1769,0.010000000000000009
1770,0.010000000000000009
1771,0.010000000000000009
1772,0.010000000000000009
1773,0.010000000000000009
1774,0.010000000000000009
1775,0.010000000000000009
1776,0.010000000000000009
1777,0.010000000000000009
1778,0.010000000000000009
1779,0.010000000000000009
1780,0.010000000000000009
1781,0.010000000000000009
1782,0.010000000000000009
1783,0.010000000000000009
1784,0.010000000000000009
1785,0.010000000000000009
1786,0.010000000000000009
1787,0.010000000000000009
1788,0.010000000000000009
1789,0.010000000000000009
1790,0.010000000000000009
1791,0.010000000000000009
1792,0.010000000000000009
1793,0.010000000000000009
1794,0.010000000000000009
1795,0.010000000000000009
1796,0.010000000000000009
1797,0.010000000000000009
1798,0.010000000000000009
1799,0.010000000000000009
1800,0.010000000000000009
1801,0.010000000000000009
1802,0.010000000000000009
1803,0.010000000000000009
1804,0.010000000000000009
1805,0.010000000000000009
1806,0.010000000000000009
1807,0.010000000000000009
1808,0.010000000000000009
1809,0.010000000000000009
1810,0.010000000000000009
1811,0.010000000000000009
1812,0.010000000000000009
1813,0.010000000000000009
1814,0.010000000000000009
1815,0.010000000000000009
1816,0.010000000000000009
1817,0.010000000000000009
1818,0.010000000000000009
1819,0.010000000000000009
1820,0.010000000000000009
1821,0.010000000000000009
1822,0.010000000000000009
1823,0.010000000000000009
1824,0.010000000000000009
1825,0.010000000000000009
1826,0.010000000000000009
1827,0.010000000000000009
1828,0.010000000000000009
1829,0.010000000000000009
1830,0.010000000000000009
1831,0.010000000000000009
1832,0.010000000000000009
1833,0.010000000000000009
1834,0.010000000000000009
1835,0.010000000000000009
1836,0.010000000000000009
1837,0.010000000000000009
1838,0.010000000000000009
1839,0.010000000000000009
1840,0.010000000000000009
1841,0.010000000000000009
1842,0.010000000000000009
1843,0.010000000000000009
1844,0.010000000000000009
1845,0.010000000000000009
1846,0.010000000000000009
1847,0.010000000000000009
1848,0.010000000000000009
1849,0.010000000000000009
1850,0.010000000000000009
1851,0.010000000000000009
1852,0.010000000000000009
1853,0.010000000000000009
1854,0.010000000000000009
1855,0.010000000000000009
1856,0.010000000000000009
1857,0.010000000000000009
1858,0.010000000000000009
1859,0.010000000000000009
1860,0.010000000000000009
1861,0.010000000000000009
1862,0.010000000000000009
1863,0.010000000000000009
1864,0.010000000000000009
1865,0.010000000000000009
1866,0.010000000000000009
1867,0.010000000000000009
1868,0.010000000000000009
1869,0.010000000000000009
1870,0.010000000000000009
1871,0.010000000000000009
1872,0.010000000000000009
1873,0.010000000000000009
1874,0.010000000000000009
1875,0.010000000000000009
1876,0.010000000000000009
1877,0.010000000000000009
1878,0.010000000000000009
1879,0.010000000000000009
1880,0.010000000000000009
1881,0.010000000000000009
1882,0.010000000000000009
1883,0.010000000000000009
1884,0.010000000000000009
1885,0.010000000000000009
1886,0.010000000000000009
1887,0.010000000000000009
1888,0.010000000000000009
1889,0.010000000000000009
1890,0.010000000000000009
1891,0.010000000000000009
1892,0.010000000000000009
1893,0.010000000000000009
1894,0.010000000000000009
1895,0.010000000000000009
1896,0.010000000000000009
1897,0.010000000000000009
1898,0.010000000000000009
1899,0.010000000000000009
1900,0.010000000000000009
1901,0.010000000000000009
1902,0.010000000000000009
1903,0.010000000000000009
1904,0.010000000000000009
1905,0.010000000000000009
1906,0.010000000000000009
1907,0.010000000000000009
1908,0.010000000000000009
1909,0.010000000000000009
1910,0.010000000000000009
1911,0.010000000000000009
1912,0.010000000000000009
1913,0.010000000000000009
1914,0.010000000000000009
1915,0.010000000000000009
1916,0.010000000000000009
1917,0.010000000000000009
1918,0.010000000000000009
1919,0.010000000000000009
1920,0.010000000000000009
1921,0.010000000000000009
1922,0.010000000000000009
1923,0.010000000000000009
1924,0.010000000000000009
1925,0.010000000000000009
1926,0.010000000000000009
1927,0.010000000000000009
1928,0.010000000000000009
1929,0.010000000000000009
1930,0.010000000000000009
1931,0.010000000000000009
1932,0.010000000000000009
1933,0.010000000000000009
1934,0.010000000000000009
1935,0.010000000000000009
1936,0.010000000000000009
1937,0.010000000000000009
1938,0.010000000000000009
1939,0.010000000000000009
1940,0.010000000000000009
1941,0.010000000000000009
1942,0.010000000000000009
1943,0.010000000000000009
1944,0.010000000000000009
1945,0.010000000000000009
1946,0.010000000000000009
1947,0.010000000000000009
1948,0.010000000000000009
1949,0.010000000000000009
1950,0.010000000000000009
1951,0.010000000000000009
1952,0.010000000000000009
1953,0.010000000000000009
1954,0.010000000000000009
1955,0.010000000000000009
1956,0.010000000000000009
1957,0.010000000000000009
1958,0.010000000000000009
1959,0.010000000000000009
1960,0.010000000000000009
1961,0.010000000000000009
1962,0.010000000000000009
1963,0.010000000000000009
1964,0.010000000000000009
1965,0.010000000000000009
1966,0.010000000000000009
1967,0.010000000000000009
1968,0.010000000000000009
1969,0.010000000000000009
1970,0.010000000000000009
1971,0.010000000000000009
1972,0.010000000000000009
1973,0.010000000000000009
1974,0.010000000000000009
1975,0.010000000000000009
1976,0.010000000000000009
1977,0.010000000000000009
1978,0.010000000000000009
1979,0.010000000000000009
1980,0.010000000000000009
1981,0.010000000000000009
1982,0.010000000000000009
1983,0.010000000000000009
1984,0.010000000000000009
1985,0.010000000000000009
1986,0.010000000000000009
1987,0.010000000000000009
1988,0.010000000000000009
1989,0.010000000000000009
1990,0.010000000000000009
1991,0.010000000000000009
1992,0.010000000000000009
1993,0.010000000000000009
1994,0.010000000000000009
1995,0.010000000000000009
1996,0.010000000000000009
1997,0.010000000000000009
1998,0.010000000000000009
