0,1.0
1,0.990443424323431
2,0.9817561933675939
3,0.9755568129080493
4,0.9640393739955628
5,0.9531307659127765
6,0.9458029615276893
7,0.9374185214491875
8,0.9310413601590066
9,0.9224241357794978
10,0.9119913616469074
11,0.9060578208832951
12,0.8991846712476443
13,0.8860340351815725
14,0.8750652547714494
15,0.8683439927827518
16,0.8555649155768538
17,0.8474863316336727
18,0.8392361228673626
19,0.8318064812986286
20,0.8218413531092406
21,0.8127994590787226
22,0.8059249863330668
23,0.7980842048760596
24,0.7892289796104862
25,0.7817069990922809
26,0.775711098909258
27,0.769002402795155
28,0.7594989698774027
29,0.7481927306354597
30,0.7385854708074373
31,0.7322020469237291
32,0.7265907833347984
33,0.7191059442816445
34,0.7083391989672552
35,0.693006887104732
36,0.6874968769861115
37,0.6801522618968652
38,0.6732851200907776
39,0.6669480495451522
40,0.6571026538048722
41,0.6514331329304974
42,0.6463221391009762
43,0.6386690358664326
44,0.6329740989029884
45,0.6244361040005033
46,0.6183223626151849
47,0.6106455197450854
48,0.5999306237542212
49,0.5946450688151069
50,0.5831256305054223
51,0.5753838851248706
52,0.5693105939700334
53,0.5579066595371913
54,0.5477560093795008
55,0.5410227920109709
56,0.5342690166468553
57,0.5281708132073055
58,0.5157815937128785
59,0.5083013144380422
60,0.49338089392455087
61,0.482295544449823
62,0.4717875529067148
63,0.46664438780185363
64,0.4593962175857246
65,0.4465945421031
66,0.43343708487076577
67,0.42817706492421187
68,0.42059402110961647
69,0.415250317113457
70,0.39687627656958824
71,0.37756675305664733
72,0.3722030416522224
73,0.3661688596049562
74,0.36156863070432044
75,0.3532657550150137
76,0.34944262803427484
77,0.3418904495166697
78,0.33434408503529006
79,0.32662083159814115
80,0.31533359809488687
81,0.3087194812239486
82,0.2944634980223028
83,0.2911827863605134
84,0.2798604417951827
85,0.2588884845980312
86,0.24755637010641343
87,0.24000589594282007
88,0.2348435761074613
89,0.23096513814595257
90,0.22693655621689782
91,0.2062923134049106
92,0.18934385542187418
93,0.17227703108054304
94,0.15683432980945972
95,0.15537330381652611
96,0.1415392048767026
97,0.14021734553401533
98,0.1278255267164948
99,0.11661294537288013
100,0.11491022066637781
101,0.10492669319334806
102,0.10347602096433936
103,0.10254591901527793
104,0.0937390104115491
105,0.0908992815354833
106,0.0865852839786346
107,0.0838624768409222
108,0.08142907098472957
109,0.07463169616252997
110,0.06848117707898825
111,0.06291595727185546
112,0.057880338150766854
113,0.05332392154702853
114,0.04934248361919303
115,0.045598551297112655
116,0.04221090124150007
117,0.03914562871197021
118,0.03637205543077385
119,0.03458422416532031
120,0.03250426716774795
121,0.03149466883296361
122,0.029895726165825816
123,0.02800239749383631
124,0.026289242866779874
125,0.02473911645733777
126,0.023336504079388826
127,0.02206736791682023
128,0.02091900602834559
129,0.0198799252222073
130,0.018939726028450406
131,0.01808899861753193
132,0.017319228623584038
133,0.01662271192977867
134,0.015992477562936876
135,0.015567827506569324
136,0.01503797866511378
137,0.014558551607461803
138,0.014335361263157058
139,0.013932223111327182
140,0.013558022607194615
141,0.013354171996616357
142,0.013312505802896552
143,0.013256343509800995
144,0.012946461453646486
145,0.012666068574059967
146,0.012412358604859234
147,0.012182792331397659
148,0.012023249623139292
149,0.011830711965043584
150,0.011656496687617575
151,0.011498860185809005
152,0.011356224780524319
153,0.01122716292868601
154,0.011110382935901697
155,0.011004716028752479
156,0.010909104657315736
157,0.010822591910850035
158,0.010744311940710813
159,0.010673481294646106
160,0.010609391075743099
161,0.01055139984754954
162,0.010498927214362148
163,0.01045144801243132
164,0.010408487053945821
165,0.010369614371193452
166,0.010334440913299667
167,0.010302614652475658
168,0.010273817060805924
169,0.010254744280928717
170,0.01024304830804231
171,0.010219919203507013
172,0.01019899112427781
173,0.010180054615103606
174,0.010162920153035805
175,0.010147416250618942
176,0.010133387739586585
177,0.010120694217885178
178,0.010109208644483093
179,0.010098816067901289
180,0.010089412475740269
181,0.010080903753689028
182,0.010073933069825245
183,0.010066897408008146
184,0.010060968675879566
185,0.010055166739263937
186,0.010049916929917043
187,0.01004516670598242
188,0.010040868525622321
189,0.010036979371203038
190,0.01003346031875995
191,0.010030739861178481
192,0.010028105357656856
193,0.010025430779255207
194,0.010023311812867352
195,0.010021103949902029
196,0.010019095643539712
197,0.010017834953687913
198,0.010016137733445762
199,0.010014602025064016
200,0.01001321245865702
201,0.010011955126977126
202,0.010010817446226275
203,0.010009788030113126
204,0.010008856575895219
205,0.01000801376126567
206,0.010007251151052386
207,0.010006609184166466
208,0.01000598023713651
209,0.010005411142329843
210,0.01000489620405436
211,0.010004430268634724
212,0.010004008672832649
213,0.010003627197175645
214,0.010003282023727118
215,0.010002969697875178
216,0.01000273754141039
217,0.010002477029901544
218,0.010002241309340512
219,0.010002028020556688
220,0.010001835028884238
221,0.010001660402797635
222,0.010001502394580312
223,0.010001359422832921
224,0.01000123005664616
225,0.01000111300127975
226,0.010001007085204239
227,0.010000934410174757
228,0.010000845489289914
229,0.010000765030346062
230,0.010000692228083051
231,0.01000062635387136
232,0.010000566748419738
233,0.010000518642852648
234,0.010000469287459672
235,0.010000424628853326
236,0.010000384220075266
237,0.010000347656700862
238,0.01000031457279157
239,0.01000028463723251
240,0.01000026449318916
241,0.01000025422393211
242,0.010000239251548136
243,0.010000216483753077
244,0.010000196314016285
245,0.01000017763226762
246,0.010000160728322393
247,0.01000014543300024
248,0.010000131593220435
249,0.010000119070469809
250,0.010000107739416467
251,0.010000097486655417
252,0.01000008820957358
253,0.010000079815322804
254,0.010000072219890606
255,0.010000065347259347
256,0.010000059128645423
257,0.010000053501810857
258,0.010000048410440396
259,0.010000043803577894
260,0.010000039635116321
261,0.010000035863336315
262,0.010000032450488633
263,0.01000002936241635
264,0.010000026568212996
265,0.01000002403991325
266,0.010000021752213034
267,0.010000019682216279
268,0.01000001780920576
269,0.010000016114435756
270,0.010000014580944443
271,0.010000014343767124
272,0.01000001297877721
273,0.010000011743683259
274,0.010000010626124038
275,0.010000009614914639
276,0.010000008699934537
277,0.010000007872026304
278,0.010000007122903956
279,0.010000006445070025
280,0.01000000583174052
281,0.010000005276777035
282,0.010000004774625308
283,0.010000004320259636
284,0.010000003909132575
285,0.010000003537129426
286,0.010000003200527057
287,0.010000002895956638
288,0.010000002620369926
289,0.01000000237100876
290,0.01000000216932379
291,0.010000001962885337
292,0.0100000017760921
293,0.01000000160707459
294,0.010000001459385566
295,0.010000001320506668
296,0.010000001194843844
297,0.01000000108113942
298,0.0100000010620654
299,0.010000000962342851
300,0.010000000937925744
301,0.01000000084867031
302,0.010000000767908652
303,0.010000000694832482
304,0.01000000062871043
305,0.010000000568880722
306,0.010000000556836013
307,0.01000000050384606
308,0.010000000455898769
309,0.010000000412514264
310,0.010000000373258341
311,0.010000000337738114
312,0.010000000305598084
313,0.01000000027651658
314,0.010000000269042884
315,0.01000000026161417
316,0.01000000023671829
317,0.010000000214191566
318,0.010000000193808544
319,0.010000000175365223
320,0.010000000158677014
321,0.0100000001435769
322,0.010000000129913752
323,0.010000000117550823
324,0.010000000106364383
325,0.010000000096242474
326,0.010000000087083792
327,0.010000000078796673
328,0.010000000071298178
329,0.010000000068701482
330,0.010000000062163672
331,0.010000000056248017
332,0.01000000005089531
333,0.010000000046051982
334,0.010000000041669557
335,0.010000000037704175
336,0.010000000034116148
337,0.010000000030869568
338,0.01000000002793194
339,0.010000000025273865
340,0.010000000022868738
341,0.01000000002069249
342,0.010000000018723339
343,0.010000000016941579
344,0.010000000015329373
345,0.01000000001387059
346,0.01000000001255063
347,0.010000000011356279
348,0.010000000010275586
349,0.010000000009297735
350,0.010000000008412939
351,0.010000000007612342
352,0.010000000006887931
353,0.010000000006232457
354,0.01000000000563936
355,0.010000000005102705
356,0.010000000004617118
357,0.010000000004177742
358,0.010000000003780178
359,0.01000000000349688
360,0.010000000003195269
361,0.0100000000028912
362,0.010000000002616066
363,0.010000000002367114
364,0.010000000002141853
365,0.010000000001938028
366,0.010000000001753601
367,0.010000000001586724
368,0.010000000001435727
369,0.0100000000012991
370,0.010000000001175475
371,0.010000000001079689
372,0.010000000000976943
373,0.010000000000883974
374,0.010000000000799852
375,0.010000000000776912
376,0.010000000000753347
377,0.010000000000722506
378,0.01000000000071303
379,0.01000000000066257
380,0.010000000000656371
381,0.01000000000064958
382,0.01000000000064228
383,0.010000000000634364
384,0.01000000000062843
385,0.010000000000596766
386,0.010000000000558595
387,0.010000000000527118
388,0.010000000000520882
389,0.010000000000485813
390,0.010000000000460505
391,0.010000000000454512
392,0.010000000000433341
393,0.010000000000412207
394,0.010000000000392573
395,0.010000000000364571
396,0.010000000000350766
397,0.010000000000333659
398,0.010000000000301906
399,0.010000000000273176
400,0.010000000000259905
401,0.010000000000236918
402,0.010000000000214372
403,0.010000000000198048
404,0.010000000000180803
405,0.010000000000163599
406,0.010000000000155558
407,0.010000000000140754
408,0.010000000000130805
409,0.010000000000118879
410,0.010000000000108996
411,0.010000000000100305
412,0.010000000000093693
413,0.010000000000088343
414,0.010000000000080224
415,0.010000000000075093
416,0.010000000000067948
417,0.010000000000061482
418,0.010000000000055631
419,0.010000000000053418
420,0.010000000000049256
421,0.010000000000045872
422,0.010000000000044414
423,0.010000000000040189
424,0.010000000000038362
425,0.010000000000035243
426,0.010000000000033104
427,0.010000000000029954
428,0.01000000000002769
429,0.01000000000002627
430,0.010000000000024855
431,0.010000000000023636
432,0.010000000000022496
433,0.010000000000020753
434,0.010000000000019002
435,0.010000000000017972
436,0.010000000000016305
437,0.010000000000015281
438,0.010000000000014619
439,0.01000000000001374
440,0.01000000000001314
441,0.01000000000001255
442,0.01000000000001188
443,0.010000000000011283
444,0.010000000000010762
445,0.010000000000010032
446,0.010000000000009628
447,0.010000000000009121
448,0.010000000000008459
449,0.010000000000008027
450,0.010000000000007525
451,0.010000000000006982
452,0.010000000000006611
453,0.010000000000006254
454,0.01000000000000581
455,0.010000000000005439
456,0.010000000000005197
457,0.010000000000004937
458,0.010000000000004686
459,0.010000000000004505
460,0.010000000000004268
461,0.010000000000003978
462,0.010000000000003723
463,0.01000000000000351
464,0.010000000000003324
465,0.010000000000003156
466,0.01000000000000301
467,0.010000000000002757
468,0.010000000000002516
469,0.01000000000000242
470,0.01000000000000229
471,0.010000000000002085
472,0.010000000000001922
473,0.010000000000001827
474,0.010000000000001653
475,0.010000000000001496
476,0.010000000000001409
477,0.010000000000001327
478,0.010000000000001254
479,0.01000000000000118
480,0.010000000000001091
481,0.010000000000000987
482,0.010000000000000925
483,0.01000000000000087
484,0.010000000000000807
485,0.010000000000000796
486,0.01000000000000076
487,0.010000000000000711
488,0.01000000000000068
489,0.010000000000000649
490,0.010000000000000633
491,0.010000000000000593
492,0.010000000000000562
493,0.010000000000000533
494,0.010000000000000502
495,0.010000000000000476
496,0.010000000000000455
497,0.01000000000000043
498,0.010000000000000397
499,0.010000000000000384
500,0.010000000000000365
501,0.010000000000000335
502,0.010000000000000326
503,0.010000000000000307
504,0.010000000000000285
505,0.010000000000000266
506,0.010000000000000245
507,0.010000000000000234
508,0.010000000000000224
509,0.01000000000000021
510,0.010000000000000201
511,0.010000000000000196
512,0.01000000000000019
513,0.010000000000000179
514,0.010000000000000172
515,0.010000000000000163
516,0.010000000000000153
517,0.010000000000000144
518,0.010000000000000134
519,0.010000000000000125
520,0.010000000000000116
521,0.010000000000000106
522,0.0100000000000001
523,0.010000000000000096
524,0.01000000000000009
525,0.010000000000000083
526,0.010000000000000075
527,0.010000000000000073
528,0.010000000000000068
529,0.010000000000000064
530,0.010000000000000061
531,0.010000000000000057
532,0.010000000000000052
533,0.010000000000000049
534,0.010000000000000047
535,0.010000000000000044
536,0.010000000000000042
537,0.01000000000000004
538,0.010000000000000037
539,0.010000000000000035
540,0.010000000000000033
541,0.010000000000000031
542,0.01000000000000003
543,0.010000000000000026
544,0.010000000000000024
545,0.010000000000000023
546,0.010000000000000021
547,0.01000000000000002
548,0.010000000000000018
549,0.010000000000000018
550,0.010000000000000016
551,0.010000000000000014
552,0.010000000000000014
553,0.010000000000000012
554,0.01000000000000001
555,0.010000000000000009
556,0.010000000000000009
557,0.010000000000000009
558,0.010000000000000009
559,0.010000000000000009
560,0.010000000000000009
561,0.010000000000000009
562,0.010000000000000009
563,0.010000000000000009
564,0.010000000000000009
565,0.010000000000000009
566,0.010000000000000009
567,0.010000000000000009
568,0.010000000000000009
569,0.010000000000000009
570,0.010000000000000009
571,0.010000000000000009
572,0.010000000000000009
573,0.010000000000000009
574,0.010000000000000009
575,0.010000000000000009
576,0.010000000000000009
577,0.010000000000000009
578,0.010000000000000009
579,0.010000000000000009
580,0.010000000000000009
581,0.010000000000000009
582,0.010000000000000009
583,0.010000000000000009
584,0.010000000000000009
585,0.010000000000000009
586,0.010000000000000009
587,0.010000000000000009
588,0.010000000000000009
589,0.010000000000000009
590,0.010000000000000009
591,0.010000000000000009
592,0.010000000000000009
593,0.010000000000000009
594,0.010000000000000009
595,0.010000000000000009
596,0.010000000000000009
597,0.010000000000000009
598,0.010000000000000009
599,0.010000000000000009
600,0.010000000000000009
601,0.010000000000000009
602,0.010000000000000009
603,0.010000000000000009
604,0.010000000000000009
605,0.010000000000000009
606,0.010000000000000009
607,0.010000000000000009
608,0.010000000000000009
609,0.010000000000000009
610,0.010000000000000009
611,0.010000000000000009
612,0.010000000000000009
613,0.010000000000000009
614,0.010000000000000009
615,0.010000000000000009
616,0.010000000000000009
617,0.010000000000000009
618,0.010000000000000009
619,0.010000000000000009
620,0.010000000000000009
621,0.010000000000000009
622,0.010000000000000009
623,0.010000000000000009
624,0.010000000000000009
625,0.010000000000000009
626,0.010000000000000009
627,0.010000000000000009
628,0.010000000000000009
629,0.010000000000000009
630,0.010000000000000009
631,0.010000000000000009
632,0.010000000000000009
633,0.010000000000000009
634,0.010000000000000009
635,0.010000000000000009
636,0.010000000000000009
637,0.010000000000000009
638,0.010000000000000009
639,0.010000000000000009
640,0.010000000000000009
641,0.010000000000000009
642,0.010000000000000009
643,0.010000000000000009
644,0.010000000000000009
645,0.010000000000000009
646,0.010000000000000009
647,0.010000000000000009
648,0.010000000000000009
649,0.010000000000000009
650,0.010000000000000009
651,0.010000000000000009
652,0.010000000000000009
653,0.010000000000000009
654,0.010000000000000009
655,0.010000000000000009
656,0.010000000000000009
657,0.010000000000000009
658,0.010000000000000009
659,0.010000000000000009
660,0.010000000000000009
661,0.010000000000000009
662,0.010000000000000009
663,0.010000000000000009
664,0.010000000000000009
665,0.010000000000000009
666,0.010000000000000009
667,0.010000000000000009
668,0.010000000000000009
669,0.010000000000000009
670,0.010000000000000009
671,0.010000000000000009
672,0.010000000000000009
673,0.010000000000000009
674,0.010000000000000009
675,0.010000000000000009
676,0.010000000000000009
677,0.010000000000000009
678,0.010000000000000009
679,0.010000000000000009
680,0.010000000000000009
681,0.010000000000000009
682,0.010000000000000009
683,0.010000000000000009
684,0.010000000000000009
685,0.010000000000000009
686,0.010000000000000009
687,0.010000000000000009
688,0.010000000000000009
689,0.010000000000000009
690,0.010000000000000009
691,0.010000000000000009
692,0.010000000000000009
693,0.010000000000000009
694,0.010000000000000009
695,0.010000000000000009
696,0.010000000000000009
697,0.010000000000000009
698,0.010000000000000009
699,0.010000000000000009
700,0.010000000000000009
701,0.010000000000000009
702,0.010000000000000009
703,0.010000000000000009
704,0.010000000000000009
705,0.010000000000000009
706,0.010000000000000009
707,0.010000000000000009
708,0.010000000000000009
709,0.010000000000000009
710,0.010000000000000009
711,0.010000000000000009
712,0.010000000000000009
713,0.010000000000000009
714,0.010000000000000009
715,0.010000000000000009
716,0.010000000000000009
717,0.010000000000000009
718,0.010000000000000009
719,0.010000000000000009
720,0.010000000000000009
721,0.010000000000000009
722,0.010000000000000009
723,0.010000000000000009
724,0.010000000000000009
725,0.010000000000000009
726,0.010000000000000009
727,0.010000000000000009
728,0.010000000000000009
729,0.010000000000000009
730,0.010000000000000009
731,0.010000000000000009
732,0.010000000000000009
733,0.010000000000000009
734,0.010000000000000009
735,0.010000000000000009
736,0.010000000000000009
737,0.010000000000000009
738,0.010000000000000009
739,0.010000000000000009
740,0.010000000000000009
741,0.010000000000000009
742,0.010000000000000009
743,0.010000000000000009
744,0.010000000000000009
745,0.010000000000000009
746,0.010000000000000009
747,0.010000000000000009
748,0.010000000000000009
749,0.010000000000000009
750,0.010000000000000009
751,0.010000000000000009
752,0.010000000000000009
753,0.010000000000000009
754,0.010000000000000009
755,0.010000000000000009
756,0.010000000000000009
757,0.010000000000000009
758,0.010000000000000009
759,0.010000000000000009
760,0.010000000000000009
761,0.010000000000000009
762,0.010000000000000009
763,0.010000000000000009
764,0.010000000000000009
765,0.010000000000000009
766,0.010000000000000009
767,0.010000000000000009
768,0.010000000000000009
769,0.010000000000000009
770,0.010000000000000009
771,0.010000000000000009
772,0.010000000000000009
773,0.010000000000000009
774,0.010000000000000009
775,0.010000000000000009
776,0.010000000000000009
777,0.010000000000000009
778,0.010000000000000009
779,0.010000000000000009
780,0.010000000000000009
781,0.010000000000000009
782,0.010000000000000009
783,0.010000000000000009
784,0.010000000000000009
785,0.010000000000000009
786,0.010000000000000009
787,0.010000000000000009
788,0.010000000000000009
789,0.010000000000000009
790,0.010000000000000009
791,0.010000000000000009
792,0.010000000000000009
793,0.010000000000000009
794,0.010000000000000009
795,0.010000000000000009
796,0.010000000000000009
797,0.010000000000000009
798,0.010000000000000009
799,0.010000000000000009
800,0.010000000000000009
801,0.010000000000000009
802,0.010000000000000009
803,0.010000000000000009
804,0.010000000000000009
805,0.010000000000000009
806,0.010000000000000009
807,0.010000000000000009
808,0.010000000000000009
809,0.010000000000000009
810,0.010000000000000009
811,0.010000000000000009
812,0.010000000000000009
813,0.010000000000000009
814,0.010000000000000009
815,0.010000000000000009
816,0.010000000000000009
817,0.010000000000000009
818,0.010000000000000009
819,0.010000000000000009
820,0.010000000000000009
821,0.010000000000000009
822,0.010000000000000009
823,0.010000000000000009
824,0.010000000000000009
825,0.010000000000000009
826,0.010000000000000009
827,0.010000000000000009
828,0.010000000000000009
829,0.010000000000000009
830,0.010000000000000009
831,0.010000000000000009
832,0.010000000000000009
833,0.010000000000000009
834,0.010000000000000009
835,0.010000000000000009
836,0.010000000000000009
837,0.010000000000000009
838,0.010000000000000009
839,0.010000000000000009
840,0.010000000000000009
841,0.010000000000000009
842,0.010000000000000009
843,0.010000000000000009
844,0.010000000000000009
845,0.010000000000000009
846,0.010000000000000009
847,0.010000000000000009
848,0.010000000000000009
849,0.010000000000000009
850,0.010000000000000009
851,0.010000000000000009
852,0.010000000000000009
853,0.010000000000000009
854,0.010000000000000009
855,0.010000000000000009
856,0.010000000000000009
857,0.010000000000000009
858,0.010000000000000009
859,0.010000000000000009
860,0.010000000000000009
861,0.010000000000000009
862,0.010000000000000009
863,0.010000000000000009
864,0.010000000000000009
865,0.010000000000000009
866,0.010000000000000009
867,0.010000000000000009
868,0.010000000000000009
869,0.010000000000000009
870,0.010000000000000009
871,0.010000000000000009
872,0.010000000000000009
873,0.010000000000000009
874,0.010000000000000009
875,0.010000000000000009
876,0.010000000000000009
877,0.010000000000000009
878,0.010000000000000009
879,0.010000000000000009
880,0.010000000000000009
881,0.010000000000000009
882,0.010000000000000009
883,0.010000000000000009
884,0.010000000000000009
885,0.010000000000000009
886,0.010000000000000009
887,0.010000000000000009
888,0.010000000000000009
889,0.010000000000000009
890,0.010000000000000009
891,0.010000000000000009
892,0.010000000000000009
893,0.010000000000000009
894,0.010000000000000009
895,0.010000000000000009
896,0.010000000000000009
897,0.010000000000000009
898,0.010000000000000009
899,0.010000000000000009
900,0.010000000000000009
901,0.010000000000000009
902,0.010000000000000009
903,0.010000000000000009
904,0.010000000000000009
905,0.010000000000000009
906,0.010000000000000009
907,0.010000000000000009
908,0.010000000000000009
909,0.010000000000000009
910,0.010000000000000009
911,0.010000000000000009
912,0.010000000000000009
913,0.010000000000000009
914,0.010000000000000009
915,0.010000000000000009
916,0.010000000000000009
917,0.010000000000000009
918,0.010000000000000009
919,0.010000000000000009
920,0.010000000000000009
921,0.010000000000000009
922,0.010000000000000009
923,0.010000000000000009
924,0.010000000000000009
925,0.010000000000000009
926,0.010000000000000009
927,0.010000000000000009
928,0.010000000000000009
929,0.010000000000000009
930,0.010000000000000009
931,0.010000000000000009
932,0.010000000000000009
933,0.010000000000000009
934,0.010000000000000009
935,0.010000000000000009
936,0.010000000000000009
937,0.010000000000000009
938,0.010000000000000009
939,0.010000000000000009
940,0.010000000000000009
941,0.010000000000000009
942,0.010000000000000009
943,0.010000000000000009
944,0.010000000000000009
945,0.010000000000000009
946,0.010000000000000009
947,0.010000000000000009
948,0.010000000000000009
949,0.010000000000000009
950,0.010000000000000009
951,0.010000000000000009
952,0.010000000000000009
953,0.010000000000000009
954,0.010000000000000009
955,0.010000000000000009
956,0.010000000000000009
957,0.010000000000000009
958,0.010000000000000009
959,0.010000000000000009
960,0.010000000000000009
961,0.010000000000000009
962,0.010000000000000009
963,0.010000000000000009
964,0.010000000000000009
965,0.010000000000000009
966,0.010000000000000009
967,0.010000000000000009
968,0.010000000000000009
969,0.010000000000000009
970,0.010000000000000009
971,0.010000000000000009
972,0.010000000000000009
973,0.010000000000000009
974,0.010000000000000009
975,0.010000000000000009
976,0.010000000000000009
977,0.010000000000000009
978,0.010000000000000009
979,0.010000000000000009
980,0.010000000000000009
981,0.010000000000000009
982,0.010000000000000009
983,0.010000000000000009
984,0.010000000000000009
985,0.010000000000000009
986,0.010000000000000009
987,0.010000000000000009
988,0.010000000000000009
989,0.010000000000000009
990,0.010000000000000009
991,0.010000000000000009
992,0.010000000000000009
993,0.010000000000000009
994,0.010000000000000009
995,0.010000000000000009
996,0.010000000000000009
997,0.010000000000000009
998,0.010000000000000009
999,0.010000000000000009
1000,0.010000000000000009
1001,0.010000000000000009
1002,0.010000000000000009
1003,0.010000000000000009
1004,0.010000000000000009
1005,0.010000000000000009
1006,0.010000000000000009
1007,0.010000000000000009
1008,0.010000000000000009
1009,0.010000000000000009
1010,0.010000000000000009
1011,0.010000000000000009
1012,0.010000000000000009
1013,0.010000000000000009
1014,0.010000000000000009
1015,0.010000000000000009
1016,0.010000000000000009
1017,0.010000000000000009
1018,0.010000000000000009
1019,0.010000000000000009
1020,0.010000000000000009
1021,0.010000000000000009
1022,0.010000000000000009
1023,0.010000000000000009
1024,0.010000000000000009
1025,0.010000000000000009
1026,0.010000000000000009
1027,0.010000000000000009
1028,0.010000000000000009
1029,0.010000000000000009
1030,0.010000000000000009
1031,0.010000000000000009
1032,0.010000000000000009
1033,0.010000000000000009
1034,0.010000000000000009
1035,0.010000000000000009
1036,0.010000000000000009
1037,0.010000000000000009
1038,0.010000000000000009
1039,0.010000000000000009
1040,0.010000000000000009
1041,0.010000000000000009
1042,0.010000000000000009
1043,0.010000000000000009
1044,0.010000000000000009
1045,0.010000000000000009
1046,0.010000000000000009
1047,0.010000000000000009
1048,0.010000000000000009
1049,0.010000000000000009
1050,0.010000000000000009
1051,0.010000000000000009
1052,0.010000000000000009
1053,0.010000000000000009
1054,0.010000000000000009
1055,0.010000000000000009
1056,0.010000000000000009
1057,0.010000000000000009
1058,0.010000000000000009
1059,0.010000000000000009
1060,0.010000000000000009
1061,0.010000000000000009
1062,0.010000000000000009
1063,0.010000000000000009
1064,0.010000000000000009
1065,0.010000000000000009
1066,0.010000000000000009
1067,0.010000000000000009
1068,0.010000000000000009
1069,0.010000000000000009
1070,0.010000000000000009
1071,0.010000000000000009
1072,0.010000000000000009
1073,0.010000000000000009
1074,0.010000000000000009
1075,0.010000000000000009
1076,0.010000000000000009
1077,0.010000000000000009
1078,0.010000000000000009
1079,0.010000000000000009
1080,0.010000000000000009
1081,0.010000000000000009
1082,0.010000000000000009
1083,0.010000000000000009
1084,0.010000000000000009
1085,0.010000000000000009
1086,0.010000000000000009
