,0
0,1.0
1,0.9944714942638819
2,0.989953325146274
3,0.9841399149078741
4,0.9795721998466002
5,0.9734349228545395
6,0.9690132997393662
7,0.9651371503760926
8,0.9617524249345822
9,0.9563901863224454
10,0.9518113066774752
11,0.9471140031888542
12,0.9438865304695423
13,0.9400654342944934
14,0.9366305506409917
15,0.932470081240049
16,0.9284201293107577
17,0.9229261070836313
18,0.9169659818012078
19,0.9126229766395167
20,0.909649230196911
21,0.9062818633426564
22,0.9009648201456545
23,0.8953251185408844
24,0.8902491066289836
25,0.8848959308639257
26,0.88144690824114
27,0.876450467053397
28,0.8733368532395719
29,0.8684298314738927
30,0.8651739881345007
31,0.8590388484266612
32,0.8558609150941994
33,0.8523999850969921
34,0.8465656031623747
35,0.8426846034251327
36,0.8390702922264058
37,0.8354303965833874
38,0.8300004943538254
39,0.8258291378331599
40,0.8223286040817802
41,0.8165411692976058
42,0.8114759321812082
43,0.8077577206381532
44,0.8040964624730138
45,0.8008868756005177
46,0.7952914659932234
47,0.7906328548824834
48,0.7868171101029353
49,0.7824018480265817
50,0.7779732817301472
51,0.7741812071131992
52,0.7678647526418863
53,0.7648770913845152
54,0.7595739235220099
55,0.755350772490231
56,0.7512625960324001
57,0.7456135722383206
58,0.7401536147203174
59,0.7372751965605799
60,0.7334308345770716
61,0.7291751592403081
62,0.7254451548286682
63,0.7212008953508265
64,0.7172293011796352
65,0.7132798857772894
66,0.710017225871609
67,0.7046477920819391
68,0.7002852673736947
69,0.695847255373856
70,0.6917104060662442
71,0.6887174695684506
72,0.6851972991020213
73,0.6813260551246972
74,0.6771433518434834
75,0.6700759757240159
76,0.6653404968798928
77,0.6612899554528873
78,0.6585278467806887
79,0.6553578332073842
80,0.6484893164877633
81,0.6440354978240832
82,0.6399906280278366
83,0.6357212241817475
84,0.6302080232458069
85,0.6263746293025378
86,0.6228712879237346
87,0.6198755641301442
88,0.6139279743918534
89,0.6071420012378015
90,0.6022062343953064
91,0.59904639115883
92,0.5928937618825404
93,0.5898125972433463
94,0.5857392936988752
95,0.5819519264206141
96,0.5786157754070484
97,0.5749317588913776
98,0.572479642959032
99,0.5674957852012895
100,0.5643825340433632
101,0.5577149257617213
102,0.5519669074057318
103,0.5460915470000692
104,0.5407573469817529
105,0.535844185268352
106,0.5314716669903844
107,0.5247364093487911
108,0.5188508474856465
109,0.5155287661281857
110,0.5108241007499479
111,0.5025297885402067
112,0.4973852816865859
113,0.4921498429021727
114,0.4875433509494886
115,0.48414109355469903
116,0.4809043256503487
117,0.457938050683278
118,0.45087215838127365
119,0.4459619387653079
120,0.4396861004386115
121,0.4375002799064954
122,0.4346880685648597
123,0.43039928705510794
124,0.42694526038769165
125,0.42409894511352697
126,0.41993759595600133
127,0.4170169957330677
128,0.41531110922031805
129,0.40829978210647505
130,0.40062770416481724
131,0.396257769464709
132,0.3854048122745202
133,0.3823390794965622
134,0.37878172694606327
135,0.3686887221436732
136,0.35129764067496716
137,0.3485442958857923
138,0.3367531337515191
139,0.32081719537226233
140,0.31826350197989794
141,0.3149216758475365
142,0.30499397816416374
143,0.30183977710514603
144,0.2949902425821301
145,0.2823818502803084
146,0.27408075410362004
147,0.27206824400062196
148,0.26920129046942654
149,0.256559894363075
150,0.24832968426408816
151,0.23670620840396547
152,0.225649616150843
153,0.21513226026496626
154,0.20512784187837454
155,0.19561134473403255
156,0.18655897263215743
157,0.17794808992732442
158,0.17588668638440141
159,0.1677962972217646
160,0.16010048099460275
161,0.15277999415377633
162,0.14581653166911196
163,0.13919268125729237
164,0.1328918798420784
165,0.12689837213799113
166,0.12119717125389161
167,0.11577402121794665
168,0.1106153613302737
169,0.10570829225412766
170,0.10104054376084
171,0.09684760735380463
172,0.09261199956242355
173,0.08858296480061739
174,0.08475042838285114
175,0.08110480697180134
176,0.07763698461502094
177,0.07433828995031001
178,0.07120047452279347
179,0.06821569215948745
180,0.06537647934977997
181,0.06267573658276687
182,0.06010671059477654
183,0.05766297748269312
184,0.055338426640852666
185,0.05312724548134612
186,0.05102390489952189
187,0.04902314544834423
188,0.04711996418703614
189,0.045309602171121496
190,0.043587532552585066
191,0.04194944926039449
192,0.04039125623307981
193,0.03890905717644624
194,0.037499145820809196
195,0.03615799665338954
196,0.03488225610269534
197,0.03366873415284626
198,0.032514396366872346
199,0.031416356299040944
200,0.030371868277238957
201,0.029378320537362362
202,0.028433228692545567
203,0.02753422952090017
204,0.026679075056229296
205,0.025865626966941203
206,0.025091851209106487
207,0.024355812940288768
208,0.02365567168143079
209,0.022989676714698107
210,0.022356162705772606
211,0.021753545539649262
212,0.0211803183595235
213,0.020635047798864305
214,0.02011637039725128
215,0.019622989191013393
216,0.01915367047014426
217,0.018707240693384506
218,0.018282583553757344
219,0.017878637187219677
220,0.017494391517448898
221,0.01712888573012595
222,0.01678120587039906
223,0.01645048255752056
224,0.016135888810942176
225,0.015836637982432896
226,0.015551981789048652
227,0.015281208442035194
228,0.01502364086698545
229,0.014778635010800838
230,0.014545578231223044
231,0.01432388776490927
232,0.014113009270220325
233,0.013912415441077781
234,0.013721604688424125
235,0.01354009988598884
236,0.013367447177224207
237,0.013203214840427536
238,0.013046992209212032
239,0.01289838864562692
240,0.012757032563359099
241,0.012622570498573803
242,0.01249466622607091
243,0.0123729999185468
244,0.012257267346859514
245,0.012147179119297429
246,0.012042459957949243
247,0.011942848010365811
248,0.011848094194792628
249,0.011757961577335703
250,0.011672224779503408
251,0.01159066941464286
252,0.011513091551861615
253,0.011439297206094216
254,0.011369101853038487
255,0.01130232996774866
256,0.011238814585731591
257,0.011178396885448551
258,0.01112092579117866
259,0.011066257595250883
260,0.011014255598700012
261,0.010964789769448039
262,0.010917736417156234
263,0.010872977883934872
264,0.01083040225013722
265,0.010789903054502125
266,0.010751379027945412
267,0.01071473384033442
268,0.010679875859612496
269,0.010646717922671124
270,0.01061517711739675
271,0.01058517457534732
272,0.01055663527454008
273,0.010529487851857557
274,0.010503664424602583
275,0.010479100420756199
276,0.010455734417513969
277,0.010433507987696981
278,0.01042609410350065
279,0.01040531324885607
280,0.010385545888451874
281,0.010366742593590692
282,0.010348856346241173
283,0.010331842421468413
284,0.010315658275598322
285,0.010300263439836279
286,0.010285619419074068
287,0.010271689595632055
288,0.010258439137695911
289,0.010245834912218943
290,0.010233845402072209
291,0.010222440627235286
292,0.010211592069830598
293,0.010201272602813874
294,0.010191456422142402
295,0.010182118982251484
296,0.010173236934677735
297,0.01016478806967577
298,0.010156751260682266
299,0.010149106411488553
300,0.010141834405989623
301,0.01013491706038391
302,0.010128337077704315
303,0.010122078004566779
304,0.010116124190028252
305,0.010110460746451186
306,0.01010507351227668
307,0.010099949016613215
308,0.010095074445552401
309,0.010090437610127536
310,0.010086026915834836
311,0.010081831333641144
312,0.010077840372405592
313,0.010074044052646293
314,0.010070432881586433
315,0.01006699782941739
316,0.0100637303067195
317,0.010060622142984045
318,0.010057665566182712
319,0.01005485318333349
320,0.010052177962014347
321,0.010049633212778528
322,0.01004721257242744
323,0.010044909988099352
324,0.01004271970213408
325,0.010040636237675843
326,0.010038654384978266
327,0.010036769188377304
328,0.010034975933899501
329,0.010033270137474598
330,0.010031647533723022
331,0.010030104065290217
332,0.010028635872701145
333,0.010027239284709586
334,0.01002591080911811
335,0.010024647124045768
336,0.010023445069621653
337,0.010022301640083584
338,0.01002121397626213
339,0.010020179358431197
340,0.010019195199507301
341,0.010018259038580507
342,0.010017368534760871
343,0.010016521461325005
344,0.010015715700148095
345,0.010014949236407498
346,0.01001422015354463
347,0.01001352662847257
348,0.010012866927017397
349,0.010012239399581851
350,0.010011642477020478
351,0.010011074666715952
352,0.010010534548846753
353,0.01001002077283687
354,0.010009532053978669
355,0.010009067170220438
356,0.010008624959110637
357,0.010008204314891153
358,0.010007804185732334
359,0.010007423571102864
360,0.010007061519267918
361,0.010006717124909323
362,0.010006389526861795
363,0.010006077905959577
364,0.010005781482988097
365,0.010005641275667472
366,0.01000536614740662
367,0.010005104437309386
368,0.010004855490964207
369,0.01000461868587555
370,0.01000439342990735
371,0.010004179159802352
372,0.010003975339773688
373,0.010003781460165121
374,0.010003597036176641
375,0.010003421606652215
376,0.010003254732926655
377,0.010003095997728726
378,0.010002945004137752
379,0.010002801374591105
380,0.010002664749940108
381,0.010002534788551967
382,0.010002411165455518
383,0.010002293571528629
384,0.010002181712725228
385,0.010002075309340044
386,0.010001974095309191
387,0.010001877817544871
388,0.010001786235302526
389,0.010001699119578844
390,0.010001616252539142
391,0.010001537426972656
392,0.010001462445774411
393,0.010001391121452357
394,0.010001323275658535
395,0.010001258738743125
396,0.010001197349330219
397,0.01000113895391431
398,0.010001083406476442
399,0.010001030568119086
400,0.010000980306718827
401,0.010000932496595984
402,0.010000887018200346
403,0.010000843757812237
404,0.010000802607258153
405,0.010000763463640273
406,0.010000726229079163
407,0.010000690810469028
408,0.010000657119244893
409,0.010000625071161147
410,0.01000059458608089
411,0.010000565587775541
412,0.010000538003734233
413,0.010000511764982494
414,0.010000486805909778
415,0.010000463064105401
416,0.010000440480202488
417,0.010000418997729518
418,0.010000398562969116
419,0.01000037912482374
420,0.010000360634687901
421,0.010000343046326627
422,0.010000326315759854
423,0.010000310401152452
424,0.01000029526270961
425,0.01000028086257734
426,0.010000267164747806
427,0.010000254134969301
428,0.010000241740660594
429,0.010000229950829454
430,0.010000218735995166
431,0.010000208068114799
432,0.010000197920513097
433,0.01000018826781577
434,0.010000179085886046
435,0.01000017035176432
436,0.010000162043610736
437,0.010000154140650586
438,0.010000146623122349
439,0.01000013947222829
440,0.01000013267008745
441,0.010000126199690932
442,0.010000120044859378
443,0.0100001141902025
444,0.010000108621080608
445,0.010000103323567995
446,0.010000098284418122
447,0.010000096001661737
448,0.010000091846205702
449,0.010000087366813392
450,0.010000083105883623
451,0.01000007905276185
452,0.010000075197313161
453,0.010000071529896922
454,0.010000068041342684
455,0.010000064722927244
456,0.010000061566352834
457,0.010000058563726376
458,0.010000055707539738
459,0.010000052990650965
460,0.010000050406266421
461,0.0100000479479238
462,0.010000045609475962
463,0.01000004338507557
464,0.010000041269160468
465,0.01000003925643976
466,0.01000003887943708
467,0.010000036983264559
468,0.010000035179569463
469,0.010000033463841615
470,0.0100000318317908
471,0.010000030279336044
472,0.0100000288025954
473,0.010000027397876246
474,0.010000026061666055
475,0.010000024790623603
476,0.010000024459422038
477,0.010000023266521949
478,0.010000022131800283
479,0.010000021052419646
480,0.010000020025681025
481,0.010000019049017038
482,0.010000018119985514
483,0.010000017236263392
484,0.010000016395640908
485,0.010000015596016066
486,0.010000014835389386
487,0.010000014111858907
488,0.010000013423615428
489,0.010000012768937978
490,0.010000012146189525
491,0.010000011553812872
492,0.010000010990326769
493,0.010000010454322207
494,0.010000009944458895
495,0.010000009459461912
496,0.010000008998118511
497,0.010000008645729513
498,0.010000008224072309
499,0.01000000782297957
500,0.010000007441448354
501,0.010000007078524635
502,0.010000006733300915
503,0.010000006404913955
504,0.010000006092542616
505,0.010000005795405807
506,0.01000000551276053
507,0.010000005243900026
508,0.010000004988152005
509,0.01000000474487696
510,0.01000000451346658
511,0.010000004293342217
512,0.010000004083953446
513,0.010000003884776686
514,0.010000003695313892
515,0.010000003515091307
516,0.010000003343658281
517,0.010000003180586142
518,0.010000003025467125
519,0.010000002877913352
520,0.010000002737555861
521,0.010000002604043686
522,0.010000002477042977
523,0.010000002356236166
524,0.010000002241321172
525,0.010000002132010648
526,0.010000002028031262
527,0.01000000192912301
528,0.010000001835038571
529,0.010000001745542685
530,0.010000001660411564
531,0.010000001579432337
532,0.010000001502402513
533,0.010000001429129478
534,0.010000001359430011
535,0.010000001293129827
536,0.010000001230063142
537,0.010000001170072255
538,0.010000001113007157
539,0.010000001058725158
540,0.010000001007090522
541,0.010000000957974138
542,0.010000000911253188
543,0.010000000866810846
544,0.010000000824535981
545,0.010000000784322886
546,0.010000000746071007
547,0.010000000709684695
548,0.010000000675072965
549,0.010000000642149268
550,0.010000000610831278
551,0.010000000581040685
552,0.010000000552702996
553,0.010000000525747354
554,0.010000000500106352
555,0.010000000475715878
556,0.01000000045251494
557,0.010000000430445527
558,0.010000000409452451
559,0.01000000038948322
560,0.0100000003704879
561,0.010000000357798787
562,0.010000000340348734
563,0.01000000032374973
564,0.01000000030796027
565,0.010000000292940871
566,0.010000000278653977
567,0.010000000265063862
568,0.010000000252136544
569,0.0100000002398397
570,0.01000000022814258
571,0.010000000217015935
572,0.010000000206431943
573,0.010000000196364139
574,0.010000000186787346
575,0.01000000017767762
576,0.010000000172133577
577,0.010000000163738523
578,0.0100000001557529
579,0.010000000148156742
580,0.010000000140931053
581,0.010000000134057765
582,0.010000000127519691
583,0.010000000121300482
584,0.010000000115384588
585,0.010000000109757214
586,0.010000000104404291
587,0.010000000099312433
588,0.010000000094468909
589,0.010000000089861606
590,0.010000000085479004
591,0.010000000081310145
592,0.010000000077344601
593,0.01000000007357246
594,0.01000000006998429
595,0.010000000069513485
596,0.010000000069225603
597,0.01000000006584943
598,0.010000000062637916
599,0.010000000059583028
600,0.01000000005667713
601,0.010000000055341372
602,0.010000000052642342
603,0.010000000051137638
604,0.010000000048643626
605,0.010000000046271247
606,0.010000000044014572
607,0.010000000041867955
608,0.010000000039826032
609,0.010000000037883693
610,0.010000000036036084
611,0.010000000035044573
612,0.01000000003333543
613,0.010000000031709642
614,0.010000000030206914
615,0.010000000028733705
616,0.010000000027332345
617,0.010000000026673506
618,0.010000000025372623
619,0.010000000024135185
620,0.0100000000229581
621,0.010000000022008324
622,0.010000000020934966
623,0.010000000019913956
624,0.010000000018942742
625,0.010000000018807784
626,0.010000000017890517
627,0.010000000017017986
628,0.01000000001618801
629,0.010000000015999714
630,0.010000000015219399
631,0.010000000014592692
632,0.010000000013880997
633,0.010000000013204013
634,0.010000000012560045
635,0.010000000012267099
636,0.010000000011760787
637,0.010000000011187206
638,0.010000000010641599
639,0.010000000010122603
640,0.010000000009628918
641,0.010000000009396345
642,0.01000000000913781
643,0.010000000008890833
644,0.010000000008457221
645,0.010000000008259555
646,0.010000000007856731
647,0.010000000007473553
648,0.010000000007109064
649,0.01000000000676235
650,0.010000000006432546
651,0.010000000006118826
652,0.010000000006089221
653,0.010000000005792247
654,0.010000000005509756
655,0.010000000005241042
656,0.010000000005036798
657,0.010000000004897968
658,0.010000000004700272
659,0.010000000004471037
660,0.010000000004252982
661,0.010000000004140516
662,0.01000000000393858
663,0.010000000003746493
664,0.01000000000366552
665,0.010000000003649975
666,0.010000000003471963
667,0.010000000003329327
668,0.010000000003305112
669,0.010000000003242259
670,0.010000000003085211
671,0.010000000002959203
672,0.01000000000281488
673,0.01000000000277533
674,0.01000000000272773
675,0.01000000000271331
676,0.010000000002677999
677,0.010000000002547391
678,0.010000000002428976
679,0.010000000002310513
680,0.010000000002197827
681,0.010000000002090639
682,0.010000000001988677
683,0.010000000001953982
684,0.010000000001858685
685,0.010000000001768036
686,0.010000000001717585
687,0.010000000001633817
688,0.010000000001554134
689,0.010000000001478338
690,0.010000000001463848
691,0.010000000001392456
692,0.010000000001363247
693,0.01000000000129676
694,0.010000000001286877
695,0.01000000000126994
696,0.010000000001258372
697,0.010000000001197001
698,0.010000000001189007
699,0.01000000000117977
700,0.010000000001122233
701,0.0100000000010675
702,0.010000000001060744
703,0.010000000001032332
704,0.010000000000981986
705,0.010000000000934093
706,0.010000000000929666
707,0.010000000000884326
708,0.010000000000841197
709,0.010000000000800171
710,0.010000000000761147
711,0.010000000000724025
712,0.010000000000721316
713,0.010000000000686137
714,0.010000000000652674
715,0.010000000000620844
716,0.010000000000590713
717,0.010000000000561903
718,0.010000000000559492
719,0.01000000000054844
720,0.010000000000521692
721,0.010000000000496249
722,0.010000000000472046
723,0.010000000000449025
724,0.010000000000445536
725,0.010000000000438443
726,0.010000000000436169
727,0.010000000000414896
728,0.01000000000039466
729,0.010000000000375412
730,0.010000000000360637
731,0.010000000000354328
732,0.010000000000337047
733,0.010000000000320608
734,0.010000000000304972
735,0.010000000000290098
736,0.010000000000288247
737,0.010000000000274189
738,0.010000000000260816
739,0.010000000000248095
740,0.010000000000245
741,0.01000000000023913
742,0.010000000000234313
743,0.010000000000225261
744,0.010000000000214275
745,0.010000000000203825
746,0.010000000000193885
747,0.010000000000184429
748,0.010000000000175435
749,0.010000000000166879
750,0.01000000000015874
751,0.01000000000015676
752,0.010000000000154836
753,0.010000000000147285
754,0.010000000000145216
755,0.010000000000143176
756,0.010000000000136193
757,0.010000000000129551
758,0.010000000000123233
759,0.01000000000011723
760,0.010000000000111512
761,0.010000000000106073
762,0.0100000000001009
763,0.010000000000095979
764,0.010000000000091299
765,0.010000000000086846
766,0.01000000000008261
767,0.01000000000007858
768,0.010000000000074748
769,0.010000000000071103
770,0.010000000000067635
771,0.010000000000064336
772,0.010000000000061198
773,0.010000000000058212
774,0.010000000000055373
775,0.010000000000052672
776,0.010000000000050102
777,0.010000000000047658
778,0.010000000000045872
779,0.010000000000043726
780,0.010000000000041661
781,0.010000000000039937
782,0.010000000000037989
783,0.01000000000003655
784,0.010000000000035121
785,0.01000000000003341
786,0.010000000000032256
787,0.010000000000030682
788,0.010000000000030238
789,0.010000000000028764
790,0.01000000000002736
791,0.010000000000026469
792,0.010000000000025178
793,0.01000000000002395
794,0.010000000000023004
795,0.010000000000022484
796,0.010000000000021388
797,0.010000000000020345
798,0.010000000000019353
799,0.010000000000018409
800,0.01000000000001751
801,0.010000000000016657
802,0.010000000000015845
803,0.010000000000015073
804,0.010000000000014338
805,0.010000000000013639
806,0.010000000000012974
807,0.010000000000012341
808,0.010000000000011848
809,0.010000000000011458
810,0.010000000000010995
811,0.010000000000010459
812,0.010000000000009949
813,0.010000000000009763
814,0.010000000000009331
815,0.010000000000008877
816,0.010000000000008443
817,0.010000000000008032
818,0.01000000000000764
819,0.010000000000007371
820,0.010000000000007295
821,0.010000000000006939
822,0.010000000000006707
823,0.010000000000006379
824,0.010000000000006068
825,0.010000000000005772
826,0.01000000000000549
827,0.010000000000005223
828,0.010000000000004968
829,0.010000000000004726
830,0.010000000000004495
831,0.010000000000004276
832,0.010000000000004068
833,0.010000000000003879
834,0.01000000000000369
835,0.01000000000000351
836,0.010000000000003338
837,0.010000000000003175
838,0.01000000000000302
839,0.010000000000002873
840,0.010000000000002732
841,0.010000000000002599
842,0.010000000000002472
843,0.010000000000002352
844,0.010000000000002238
845,0.010000000000002129
846,0.010000000000002025
847,0.010000000000001926
848,0.010000000000001895
849,0.010000000000001803
850,0.010000000000001714
851,0.01000000000000163
852,0.010000000000001551
853,0.010000000000001475
854,0.010000000000001404
855,0.010000000000001336
856,0.01000000000000127
857,0.010000000000001208
858,0.010000000000001149
859,0.010000000000001093
860,0.01000000000000108
861,0.010000000000001067
862,0.010000000000001022
863,0.010000000000000972
864,0.010000000000000956
865,0.01000000000000091
866,0.010000000000000876
867,0.010000000000000833
868,0.010000000000000793
869,0.010000000000000755
870,0.010000000000000734
871,0.010000000000000698
872,0.010000000000000668
873,0.010000000000000647
874,0.010000000000000616
875,0.010000000000000587
876,0.010000000000000571
877,0.010000000000000543
878,0.01000000000000053
879,0.01000000000000051
880,0.010000000000000486
881,0.010000000000000482
882,0.010000000000000458
883,0.010000000000000436
884,0.010000000000000415
885,0.010000000000000394
886,0.010000000000000387
887,0.010000000000000378
888,0.01000000000000037
889,0.010000000000000352
890,0.010000000000000345
891,0.010000000000000338
892,0.01000000000000033
893,0.010000000000000316
894,0.010000000000000306
895,0.010000000000000299
896,0.010000000000000285
897,0.01000000000000027
898,0.010000000000000262
899,0.010000000000000259
900,0.010000000000000247
901,0.010000000000000234
902,0.010000000000000224
903,0.010000000000000215
904,0.010000000000000212
905,0.010000000000000205
906,0.010000000000000201
907,0.010000000000000196
908,0.01000000000000019
909,0.010000000000000184
910,0.010000000000000177
911,0.010000000000000174
912,0.010000000000000172
913,0.010000000000000168
914,0.010000000000000167
915,0.010000000000000163
916,0.01000000000000016
917,0.010000000000000155
918,0.010000000000000153
919,0.01000000000000015
920,0.010000000000000148
921,0.010000000000000142
922,0.01000000000000014
923,0.010000000000000136
924,0.010000000000000132
925,0.01000000000000013
926,0.010000000000000125
927,0.010000000000000123
928,0.01000000000000012
929,0.010000000000000116
930,0.010000000000000115
931,0.01000000000000011
932,0.010000000000000108
933,0.010000000000000103
934,0.0100000000000001
935,0.010000000000000099
936,0.010000000000000097
937,0.010000000000000096
938,0.010000000000000094
939,0.010000000000000092
940,0.01000000000000009
941,0.010000000000000089
942,0.010000000000000087
943,0.010000000000000085
944,0.010000000000000083
945,0.010000000000000082
946,0.01000000000000008
947,0.010000000000000077
948,0.010000000000000075
949,0.010000000000000073
950,0.010000000000000071
951,0.01000000000000007
952,0.010000000000000068
953,0.010000000000000066
954,0.010000000000000064
955,0.010000000000000063
956,0.01000000000000006
957,0.010000000000000057
958,0.010000000000000056
959,0.010000000000000056
960,0.010000000000000054
961,0.010000000000000054
962,0.010000000000000052
963,0.010000000000000052
964,0.01000000000000005
965,0.01000000000000005
966,0.01000000000000005
967,0.01000000000000005
968,0.01000000000000005
969,0.01000000000000005
970,0.01000000000000005
971,0.01000000000000005
972,0.010000000000000049
973,0.010000000000000047
974,0.010000000000000045
975,0.010000000000000045
976,0.010000000000000045
977,0.010000000000000045
978,0.010000000000000045
979,0.010000000000000045
980,0.010000000000000045
981,0.010000000000000044
982,0.010000000000000044
983,0.010000000000000042
984,0.010000000000000042
985,0.010000000000000042
986,0.01000000000000004
987,0.01000000000000004
988,0.010000000000000038
989,0.010000000000000038
990,0.010000000000000038
991,0.010000000000000038
992,0.010000000000000037
993,0.010000000000000037
994,0.010000000000000035
995,0.010000000000000035
996,0.010000000000000035
997,0.010000000000000035
998,0.010000000000000035
999,0.010000000000000035
1000,0.010000000000000033
1001,0.010000000000000033
1002,0.010000000000000033
1003,0.010000000000000033
1004,0.010000000000000033
1005,0.010000000000000033
1006,0.010000000000000033
1007,0.010000000000000033
1008,0.010000000000000033
1009,0.010000000000000033
1010,0.010000000000000033
1011,0.010000000000000033
1012,0.010000000000000033
1013,0.010000000000000033
1014,0.010000000000000031
1015,0.010000000000000031
1016,0.010000000000000031
1017,0.010000000000000031
1018,0.01000000000000003
1019,0.01000000000000003
1020,0.01000000000000003
1021,0.01000000000000003
1022,0.01000000000000003
1023,0.01000000000000003
1024,0.01000000000000003
1025,0.01000000000000003
1026,0.010000000000000028
1027,0.010000000000000028
1028,0.010000000000000028
1029,0.010000000000000028
1030,0.010000000000000028
1031,0.010000000000000026
1032,0.010000000000000026
1033,0.010000000000000026
1034,0.010000000000000026
1035,0.010000000000000026
1036,0.010000000000000026
1037,0.010000000000000026
1038,0.010000000000000026
1039,0.010000000000000026
1040,0.010000000000000026
1041,0.010000000000000026
1042,0.010000000000000026
1043,0.010000000000000026
1044,0.010000000000000026
1045,0.010000000000000026
1046,0.010000000000000026
1047,0.010000000000000026
1048,0.010000000000000026
1049,0.010000000000000026
1050,0.010000000000000026
1051,0.010000000000000026
1052,0.010000000000000026
1053,0.010000000000000026
1054,0.010000000000000024
1055,0.010000000000000023
1056,0.010000000000000023
1057,0.010000000000000023
1058,0.010000000000000023
1059,0.010000000000000023
1060,0.010000000000000023
1061,0.010000000000000023
1062,0.010000000000000023
1063,0.010000000000000023
1064,0.010000000000000023
1065,0.010000000000000023
1066,0.010000000000000021
1067,0.01000000000000002
1068,0.01000000000000002
1069,0.01000000000000002
1070,0.01000000000000002
1071,0.01000000000000002
1072,0.01000000000000002
1073,0.01000000000000002
1074,0.01000000000000002
1075,0.01000000000000002
1076,0.01000000000000002
1077,0.01000000000000002
1078,0.01000000000000002
1079,0.01000000000000002
1080,0.01000000000000002
1081,0.01000000000000002
1082,0.01000000000000002
1083,0.01000000000000002
1084,0.01000000000000002
1085,0.01000000000000002
1086,0.01000000000000002
1087,0.01000000000000002
1088,0.01000000000000002
1089,0.01000000000000002
1090,0.01000000000000002
1091,0.01000000000000002
1092,0.010000000000000018
1093,0.010000000000000018
1094,0.010000000000000018
1095,0.010000000000000018
1096,0.010000000000000018
1097,0.010000000000000018
1098,0.010000000000000018
1099,0.010000000000000018
1100,0.010000000000000018
1101,0.010000000000000018
1102,0.010000000000000018
1103,0.010000000000000018
1104,0.010000000000000018
1105,0.010000000000000018
1106,0.010000000000000018
1107,0.010000000000000018
1108,0.010000000000000018
1109,0.010000000000000018
1110,0.010000000000000018
1111,0.010000000000000018
1112,0.010000000000000018
1113,0.010000000000000018
1114,0.010000000000000018
1115,0.010000000000000018
1116,0.010000000000000018
1117,0.010000000000000018
1118,0.010000000000000018
1119,0.010000000000000018
1120,0.010000000000000018
1121,0.010000000000000018
1122,0.010000000000000018
1123,0.010000000000000018
1124,0.010000000000000018
1125,0.010000000000000018
1126,0.010000000000000018
1127,0.010000000000000018
1128,0.010000000000000018
1129,0.010000000000000018
1130,0.010000000000000018
1131,0.010000000000000018
1132,0.010000000000000018
1133,0.010000000000000018
1134,0.010000000000000018
1135,0.010000000000000018
1136,0.010000000000000018
1137,0.010000000000000018
1138,0.010000000000000018
1139,0.010000000000000018
1140,0.010000000000000018
1141,0.010000000000000018
1142,0.010000000000000018
1143,0.010000000000000018
1144,0.010000000000000018
1145,0.010000000000000018
1146,0.010000000000000018
1147,0.010000000000000018
1148,0.010000000000000018
1149,0.010000000000000018
1150,0.010000000000000018
1151,0.010000000000000018
1152,0.010000000000000018
1153,0.010000000000000018
1154,0.010000000000000018
1155,0.010000000000000018
1156,0.010000000000000018
1157,0.010000000000000018
1158,0.010000000000000018
1159,0.010000000000000018
1160,0.010000000000000018
1161,0.010000000000000018
1162,0.010000000000000018
1163,0.010000000000000018
1164,0.010000000000000018
1165,0.010000000000000018
1166,0.010000000000000018
1167,0.010000000000000018
1168,0.010000000000000018
1169,0.010000000000000018
1170,0.010000000000000018
1171,0.010000000000000018
1172,0.010000000000000018
1173,0.010000000000000018
1174,0.010000000000000018
1175,0.010000000000000018
1176,0.010000000000000018
1177,0.010000000000000018
1178,0.010000000000000018
1179,0.010000000000000018
1180,0.010000000000000018
1181,0.010000000000000018
1182,0.010000000000000018
1183,0.010000000000000018
1184,0.010000000000000018
1185,0.010000000000000018
1186,0.010000000000000018
1187,0.010000000000000018
1188,0.010000000000000018
1189,0.010000000000000018
1190,0.010000000000000018
1191,0.010000000000000018
1192,0.010000000000000018
1193,0.010000000000000018
1194,0.010000000000000018
1195,0.010000000000000018
1196,0.010000000000000018
1197,0.010000000000000018
1198,0.010000000000000018
1199,0.010000000000000018
1200,0.010000000000000018
1201,0.010000000000000018
1202,0.010000000000000018
1203,0.010000000000000018
1204,0.010000000000000018
1205,0.010000000000000018
1206,0.010000000000000018
1207,0.010000000000000018
1208,0.010000000000000018
1209,0.010000000000000018
1210,0.010000000000000018
1211,0.010000000000000018
1212,0.010000000000000018
1213,0.010000000000000018
1214,0.010000000000000018
1215,0.010000000000000018
1216,0.010000000000000018
1217,0.010000000000000018
1218,0.010000000000000018
1219,0.010000000000000018
1220,0.010000000000000018
1221,0.010000000000000018
1222,0.010000000000000018
1223,0.010000000000000018
1224,0.010000000000000018
1225,0.010000000000000018
1226,0.010000000000000018
1227,0.010000000000000018
1228,0.010000000000000018
1229,0.010000000000000018
1230,0.010000000000000018
1231,0.010000000000000018
1232,0.010000000000000018
1233,0.010000000000000018
1234,0.010000000000000018
1235,0.010000000000000018
1236,0.010000000000000018
1237,0.010000000000000018
1238,0.010000000000000018
1239,0.010000000000000018
1240,0.010000000000000018
1241,0.010000000000000018
1242,0.010000000000000018
1243,0.010000000000000018
1244,0.010000000000000018
1245,0.010000000000000018
1246,0.010000000000000018
1247,0.010000000000000018
1248,0.010000000000000018
1249,0.010000000000000018
1250,0.010000000000000018
1251,0.010000000000000018
1252,0.010000000000000018
1253,0.010000000000000018
1254,0.010000000000000018
1255,0.010000000000000018
1256,0.010000000000000018
1257,0.010000000000000018
1258,0.010000000000000018
1259,0.010000000000000018
1260,0.010000000000000018
1261,0.010000000000000018
1262,0.010000000000000018
1263,0.010000000000000018
1264,0.010000000000000018
1265,0.010000000000000018
1266,0.010000000000000018
1267,0.010000000000000018
1268,0.010000000000000018
1269,0.010000000000000018
1270,0.010000000000000018
1271,0.010000000000000018
1272,0.010000000000000018
1273,0.010000000000000018
1274,0.010000000000000018
1275,0.010000000000000018
1276,0.010000000000000018
1277,0.010000000000000018
1278,0.010000000000000018
1279,0.010000000000000018
1280,0.010000000000000018
1281,0.010000000000000018
1282,0.010000000000000018
1283,0.010000000000000018
1284,0.010000000000000018
1285,0.010000000000000018
1286,0.010000000000000018
1287,0.010000000000000018
1288,0.010000000000000018
1289,0.010000000000000018
1290,0.010000000000000018
1291,0.010000000000000018
1292,0.010000000000000018
1293,0.010000000000000018
1294,0.010000000000000018
1295,0.010000000000000018
1296,0.010000000000000018
1297,0.010000000000000018
1298,0.010000000000000018
1299,0.010000000000000018
1300,0.010000000000000018
1301,0.010000000000000018
1302,0.010000000000000018
1303,0.010000000000000018
1304,0.010000000000000018
1305,0.010000000000000018
1306,0.010000000000000018
1307,0.010000000000000018
1308,0.010000000000000018
1309,0.010000000000000018
1310,0.010000000000000018
1311,0.010000000000000018
1312,0.010000000000000018
1313,0.010000000000000018
1314,0.010000000000000018
1315,0.010000000000000018
1316,0.010000000000000018
1317,0.010000000000000018
1318,0.010000000000000018
1319,0.010000000000000018
1320,0.010000000000000018
1321,0.010000000000000018
1322,0.010000000000000018
1323,0.010000000000000018
1324,0.010000000000000018
1325,0.010000000000000018
1326,0.010000000000000018
1327,0.010000000000000018
1328,0.010000000000000018
1329,0.010000000000000018
1330,0.010000000000000018
1331,0.010000000000000018
1332,0.010000000000000018
1333,0.010000000000000018
1334,0.010000000000000018
1335,0.010000000000000018
1336,0.010000000000000018
1337,0.010000000000000018
1338,0.010000000000000018
1339,0.010000000000000018
1340,0.010000000000000018
1341,0.010000000000000018
1342,0.010000000000000018
1343,0.010000000000000018
1344,0.010000000000000018
1345,0.010000000000000018
1346,0.010000000000000018
1347,0.010000000000000018
1348,0.010000000000000018
1349,0.010000000000000018
1350,0.010000000000000018
1351,0.010000000000000018
1352,0.010000000000000018
1353,0.010000000000000018
1354,0.010000000000000018
1355,0.010000000000000018
1356,0.010000000000000018
1357,0.010000000000000018
1358,0.010000000000000018
1359,0.010000000000000018
1360,0.010000000000000018
1361,0.010000000000000018
1362,0.010000000000000018
1363,0.010000000000000018
1364,0.010000000000000018
1365,0.010000000000000018
1366,0.010000000000000018
1367,0.010000000000000018
1368,0.010000000000000018
1369,0.010000000000000018
1370,0.010000000000000018
1371,0.010000000000000018
1372,0.010000000000000018
1373,0.010000000000000018
1374,0.010000000000000018
1375,0.010000000000000018
1376,0.010000000000000018
1377,0.010000000000000018
1378,0.010000000000000018
1379,0.010000000000000018
1380,0.010000000000000018
1381,0.010000000000000018
1382,0.010000000000000018
1383,0.010000000000000018
1384,0.010000000000000018
1385,0.010000000000000018
1386,0.010000000000000018
1387,0.010000000000000018
1388,0.010000000000000018
1389,0.010000000000000018
1390,0.010000000000000018
1391,0.010000000000000018
1392,0.010000000000000018
1393,0.010000000000000018
1394,0.010000000000000018
1395,0.010000000000000018
1396,0.010000000000000018
1397,0.010000000000000018
1398,0.010000000000000018
1399,0.010000000000000018
1400,0.010000000000000018
1401,0.010000000000000018
1402,0.010000000000000018
1403,0.010000000000000018
1404,0.010000000000000018
1405,0.010000000000000018
1406,0.010000000000000018
1407,0.010000000000000018
1408,0.010000000000000018
1409,0.010000000000000018
1410,0.010000000000000018
1411,0.010000000000000018
1412,0.010000000000000018
1413,0.010000000000000018
1414,0.010000000000000018
1415,0.010000000000000018
1416,0.010000000000000018
1417,0.010000000000000018
1418,0.010000000000000018
1419,0.010000000000000018
1420,0.010000000000000018
1421,0.010000000000000018
1422,0.010000000000000018
1423,0.010000000000000018
1424,0.010000000000000018
1425,0.010000000000000018
1426,0.010000000000000018
1427,0.010000000000000018
1428,0.010000000000000018
1429,0.010000000000000018
1430,0.010000000000000018
1431,0.010000000000000018
1432,0.010000000000000018
1433,0.010000000000000018
1434,0.010000000000000018
1435,0.010000000000000018
1436,0.010000000000000018
1437,0.010000000000000018
1438,0.010000000000000018
1439,0.010000000000000018
1440,0.010000000000000018
1441,0.010000000000000018
1442,0.010000000000000018
1443,0.010000000000000018
1444,0.010000000000000018
1445,0.010000000000000018
1446,0.010000000000000018
1447,0.010000000000000018
1448,0.010000000000000018
1449,0.010000000000000018
1450,0.010000000000000018
1451,0.010000000000000018
1452,0.010000000000000018
1453,0.010000000000000018
1454,0.010000000000000018
1455,0.010000000000000018
1456,0.010000000000000018
1457,0.010000000000000018
1458,0.010000000000000018
1459,0.010000000000000018
1460,0.010000000000000018
1461,0.010000000000000018
1462,0.010000000000000018
1463,0.010000000000000018
1464,0.010000000000000018
1465,0.010000000000000018
1466,0.010000000000000018
1467,0.010000000000000018
1468,0.010000000000000018
1469,0.010000000000000018
1470,0.010000000000000018
1471,0.010000000000000018
1472,0.010000000000000018
1473,0.010000000000000018
1474,0.010000000000000018
1475,0.010000000000000018
1476,0.010000000000000018
1477,0.010000000000000018
1478,0.010000000000000018
1479,0.010000000000000018
1480,0.010000000000000018
1481,0.010000000000000018
1482,0.010000000000000018
1483,0.010000000000000018
1484,0.010000000000000018
1485,0.010000000000000018
1486,0.010000000000000018
1487,0.010000000000000018
1488,0.010000000000000018
1489,0.010000000000000018
1490,0.010000000000000018
1491,0.010000000000000018
1492,0.010000000000000018
1493,0.010000000000000018
1494,0.010000000000000018
1495,0.010000000000000018
1496,0.010000000000000018
1497,0.010000000000000018
1498,0.010000000000000018
1499,0.010000000000000018
1500,0.010000000000000018
1501,0.010000000000000018
1502,0.010000000000000018
1503,0.010000000000000018
1504,0.010000000000000018
1505,0.010000000000000018
1506,0.010000000000000018
1507,0.010000000000000018
1508,0.010000000000000018
1509,0.010000000000000018
1510,0.010000000000000018
1511,0.010000000000000018
1512,0.010000000000000018
1513,0.010000000000000018
1514,0.010000000000000018
1515,0.010000000000000018
1516,0.010000000000000018
1517,0.010000000000000018
1518,0.010000000000000018
1519,0.010000000000000018
1520,0.010000000000000018
1521,0.010000000000000018
1522,0.010000000000000018
1523,0.010000000000000018
1524,0.010000000000000018
1525,0.010000000000000018
1526,0.010000000000000018
1527,0.010000000000000018
1528,0.010000000000000018
1529,0.010000000000000018
1530,0.010000000000000018
1531,0.010000000000000018
1532,0.010000000000000018
1533,0.010000000000000018
1534,0.010000000000000018
1535,0.010000000000000018
1536,0.010000000000000018
1537,0.010000000000000018
1538,0.010000000000000018
1539,0.010000000000000018
1540,0.010000000000000018
1541,0.010000000000000018
1542,0.010000000000000018
1543,0.010000000000000018
1544,0.010000000000000018
1545,0.010000000000000018
1546,0.010000000000000018
1547,0.010000000000000018
1548,0.010000000000000018
1549,0.010000000000000018
1550,0.010000000000000018
1551,0.010000000000000018
1552,0.010000000000000018
1553,0.010000000000000018
1554,0.010000000000000018
1555,0.010000000000000018
1556,0.010000000000000018
1557,0.010000000000000018
1558,0.010000000000000018
1559,0.010000000000000018
1560,0.010000000000000018
1561,0.010000000000000018
1562,0.010000000000000018
1563,0.010000000000000018
1564,0.010000000000000018
1565,0.010000000000000018
1566,0.010000000000000018
1567,0.010000000000000018
1568,0.010000000000000018
1569,0.010000000000000018
1570,0.010000000000000018
1571,0.010000000000000018
1572,0.010000000000000018
1573,0.010000000000000018
1574,0.010000000000000018
1575,0.010000000000000018
1576,0.010000000000000018
1577,0.010000000000000018
1578,0.010000000000000018
1579,0.010000000000000018
1580,0.010000000000000018
1581,0.010000000000000018
1582,0.010000000000000018
1583,0.010000000000000018
1584,0.010000000000000018
1585,0.010000000000000018
1586,0.010000000000000018
1587,0.010000000000000018
1588,0.010000000000000018
1589,0.010000000000000018
1590,0.010000000000000018
1591,0.010000000000000018
1592,0.010000000000000018
1593,0.010000000000000018
1594,0.010000000000000018
1595,0.010000000000000018
1596,0.010000000000000018
1597,0.010000000000000018
1598,0.010000000000000018
1599,0.010000000000000018
1600,0.010000000000000018
1601,0.010000000000000018
1602,0.010000000000000018
1603,0.010000000000000018
1604,0.010000000000000018
1605,0.010000000000000018
1606,0.010000000000000018
1607,0.010000000000000018
1608,0.010000000000000018
1609,0.010000000000000018
1610,0.010000000000000018
1611,0.010000000000000018
1612,0.010000000000000018
1613,0.010000000000000018
1614,0.010000000000000018
1615,0.010000000000000018
1616,0.010000000000000018
1617,0.010000000000000018
1618,0.010000000000000018
1619,0.010000000000000018
1620,0.010000000000000018
1621,0.010000000000000018
1622,0.010000000000000018
1623,0.010000000000000018
1624,0.010000000000000018
1625,0.010000000000000018
1626,0.010000000000000018
1627,0.010000000000000018
1628,0.010000000000000018
1629,0.010000000000000018
1630,0.010000000000000018
1631,0.010000000000000018
1632,0.010000000000000018
1633,0.010000000000000018
1634,0.010000000000000018
1635,0.010000000000000018
1636,0.010000000000000018
1637,0.010000000000000018
1638,0.010000000000000018
1639,0.010000000000000018
1640,0.010000000000000018
1641,0.010000000000000018
1642,0.010000000000000018
1643,0.010000000000000018
1644,0.010000000000000018
1645,0.010000000000000018
1646,0.010000000000000018
1647,0.010000000000000018
1648,0.010000000000000018
1649,0.010000000000000018
1650,0.010000000000000018
1651,0.010000000000000018
1652,0.010000000000000018
1653,0.010000000000000018
1654,0.010000000000000018
1655,0.010000000000000018
1656,0.010000000000000018
1657,0.010000000000000018
1658,0.010000000000000018
1659,0.010000000000000018
1660,0.010000000000000018
1661,0.010000000000000018
1662,0.010000000000000018
1663,0.010000000000000018
1664,0.010000000000000018
1665,0.010000000000000018
1666,0.010000000000000018
1667,0.010000000000000018
1668,0.010000000000000018
1669,0.010000000000000018
