,0
0,1.0
1,0.9920133894395154
2,0.9798146231982181
3,0.9698768002260643
4,0.9578582285500573
5,0.9469265991292469
6,0.9386249495354222
7,0.9284660514652674
8,0.9185091352790832
9,0.9100991672869083
10,0.9024807485139292
11,0.8913060395898831
12,0.8848084456451734
13,0.8787061694100876
14,0.868601534609929
15,0.8622713338832937
16,0.8548042495039123
17,0.8438094867651696
18,0.8354303965833875
19,0.8240362865894117
20,0.8173884822868408
21,0.811195464689619
22,0.8021929161323895
23,0.7907889970671579
24,0.7841030026762227
25,0.775481420033139
26,0.7692301376745172
27,0.7618260217508458
28,0.7541963736830669
29,0.745540014559042
30,0.739898105671857
31,0.7313359242449623
32,0.7250875216669949
33,0.7129634810250981
34,0.7047172603345018
35,0.6954015995117089
36,0.6891927381217352
37,0.6825019042890976
38,0.6740151351575542
39,0.664129237720848
40,0.6591766989995074
41,0.6502155670318173
42,0.6446063866335537
43,0.6348458273886292
44,0.6280719923376004
45,0.6143810902698613
46,0.6075900257269117
47,0.6006389654227258
48,0.5922529312659253
49,0.5839285683134484
50,0.5772527338501989
51,0.5697022484488868
52,0.5629706594866714
53,0.5564839525429448
54,0.5526719225459102
55,0.5371604403648433
56,0.529000550120957
57,0.5180119358796974
58,0.5126554488948714
59,0.5038861095453089
60,0.49760465441850693
61,0.4920293205073735
62,0.48471040438514496
63,0.4791417413402686
64,0.47572947654826125
65,0.46646176657341304
66,0.4593063473295321
67,0.4493977077344475
68,0.4414730030136977
69,0.4352617846286316
70,0.4267160035458885
71,0.40857868956016913
72,0.4005300594448741
73,0.3875129765739623
74,0.38304719624549155
75,0.3711902916472659
76,0.36588403846091994
77,0.3468052745854261
78,0.3147540150367693
79,0.30862987882061355
80,0.29346961608719846
81,0.27891758121741367
82,0.25332668985324003
83,0.23045750233318407
84,0.2216015326549249
85,0.20146498445993402
86,0.19563918852397433
87,0.19183595657513355
88,0.1836436035357406
89,0.1800521140195474
90,0.16386951578100387
91,0.15730495225917163
92,0.14922689537372685
93,0.13597770453112568
94,0.12398934089804074
95,0.11314182090180398
96,0.10332657891631568
97,0.0944453807007683
98,0.08640934023834683
99,0.07913803013509689
100,0.07255867667553344
101,0.06660543147883609
102,0.06121871246612147
103,0.05634460754297156
104,0.05193433502907224
105,0.04794375543476062
106,0.047607554325531876
107,0.044028722354561345
108,0.04079046127436382
109,0.03786036147963156
110,0.035209097546778326
111,0.03309243196137444
112,0.03089489651210111
113,0.02890648421013814
114,0.027482579764660738
115,0.027100452807497385
116,0.026691589054684238
117,0.026356165860923694
118,0.0247996708865661
119,0.02420515523056651
120,0.022853355981625807
121,0.02220572303687355
122,0.021483427891360048
123,0.02039063524342035
124,0.01985722750657509
125,0.01910847176041368
126,0.01872423637814371
127,0.018167843684486644
128,0.01776017544730733
129,0.017079511747631122
130,0.01664128150846007
131,0.016062395040027846
132,0.015500312688784374
133,0.01535593313236264
134,0.014846248706660261
135,0.01438506716689458
136,0.014058871353137253
137,0.013938125871957877
138,0.013659055094312807
139,0.013438395517094448
140,0.013281842305200738
141,0.012969533717839017
142,0.012712864107746323
143,0.012585722440842889
144,0.012341765057551328
145,0.012298151129956733
146,0.012156971044025877
147,0.011975862364148293
148,0.011873868373574261
149,0.011717560453653419
150,0.011587570631579714
151,0.011543735213623422
152,0.01141793975757622
153,0.011285316437799979
154,0.01116300240693811
155,0.011146604473625124
156,0.011037490631423438
157,0.010938760344173681
158,0.01089208393180993
159,0.010807190921530263
160,0.010733083948131066
161,0.01066332178683052
162,0.010624568007097103
163,0.010613365019059625
164,0.010569443872403838
165,0.010534943012275255
166,0.010495149740117352
167,0.01047898066062165
168,0.010453076154172816
169,0.01042307954969543
170,0.01040434166342769
171,0.010391920973836365
172,0.010371392784953653
173,0.010336050088614648
174,0.010330088309138388
175,0.010317399179210521
176,0.0103036756594384
177,0.010290052001409538
178,0.010278595308628648
179,0.0102652201463647
180,0.010251655281909198
181,0.010239525581225803
182,0.010236715789739977
183,0.010225351233338092
184,0.010207879840342096
185,0.010199728755213357
186,0.010182647893851154
187,0.010169840578257911
188,0.010164393052518745
189,0.010148748985184112
190,0.010134593647689462
191,0.010128516875442152
192,0.010116286877749125
193,0.010106907098831823
194,0.010102366572830476
195,0.010097121252351012
196,0.01009490346547864
197,0.010085872206666359
198,0.010081171177082118
199,0.010074385439877117
200,0.010070743469056767
201,0.01006646398500686
202,0.010061157972032237
203,0.010056801357330811
204,0.01005139599350815
205,0.010046794244851855
206,0.010042341183690696
207,0.010039015547561503
208,0.01003530272731881
209,0.01003194322863678
210,0.010028903428523436
211,0.010026344518376957
212,0.010023837505987607
213,0.010021569067370242
214,0.01002042501187438
215,0.010018494256457252
216,0.01001718196388167
217,0.010016997397126214
218,0.010016170041209652
219,0.01001588793827219
220,0.010015732996929747
221,0.010014873189386557
222,0.010014498717860611
223,0.010013118982433827
224,0.010012155238414673
225,0.010012063208758385
226,0.01001158093512236
227,0.010011365247359716
228,0.010010886899896801
229,0.01001077534034583
230,0.010009749931136978
231,0.01000966064312515
232,0.010008814166195628
233,0.010008502499865759
234,0.01000835834317052
235,0.01000819201764406
236,0.010008136500894953
237,0.010007587181830362
238,0.010007364419456108
239,0.010007323293966001
240,0.010007113256971437
241,0.010007044591942594
242,0.010006930695868674
243,0.010006577536098593
244,0.010006508833290507
245,0.010006260501051665
246,0.010006082161983187
247,0.010005995805983795
248,0.010005921917047762
249,0.010005855961616694
250,0.010005573148876457
251,0.010005333780224265
252,0.0100052712114991
253,0.010005222938748445
254,0.010004984136765954
255,0.010004740109430817
256,0.010004546511438676
257,0.010004513894119573
258,0.010004473898705504
259,0.010004371299013857
260,0.010004079034107825
261,0.010004022325516691
262,0.010003908525614176
263,0.01000386963513452
264,0.010003799844793609
265,0.010003604057240498
266,0.010003346316611981
267,0.010003309046965538
268,0.01000317040779671
269,0.010003049141946769
270,0.010002994149512456
271,0.010002960802131838
272,0.010002915846645656
273,0.01000287876165884
274,0.010002756771426796
275,0.010002608721415304
276,0.010002536944038186
277,0.010002414422727045
278,0.010002365430942652
279,0.01000230748969638
280,0.010002227901747467
281,0.010002197807389191
282,0.010002129655484153
283,0.010002062997912288
284,0.010002014276798636
285,0.010001944024331395
286,0.01000188940170756
287,0.01000182350454206
288,0.010001786324616523
289,0.010001637974179885
290,0.010001620541288454
291,0.010001476331393195
292,0.010001428693259727
293,0.010001376935285777
294,0.010001285644593957
295,0.010001239440690871
296,0.010001155762410771
297,0.010001108447316507
298,0.010001059990792868
299,0.010000986452822389
300,0.01000095998292812
301,0.0100009178330406
302,0.010000902091089489
303,0.010000861965719312
304,0.010000818288939572
305,0.010000807720030114
306,0.010000751984341374
307,0.010000699324941947
308,0.010000660380048989
309,0.010000616843596252
310,0.010000584534322954
311,0.01000056589893438
312,0.01000055669387962
313,0.010000531081504055
314,0.010000511023461002
315,0.010000495474307664
316,0.010000488585998033
317,0.010000473482759453
318,0.010000456512234848
319,0.010000443507849729
320,0.010000425436415087
321,0.01000041797244157
322,0.01000040174417325
323,0.01000038649367423
324,0.010000368269681922
325,0.010000350694509464
326,0.010000327378011294
327,0.010000308189699573
328,0.010000300670656447
329,0.010000295750295226
330,0.010000287411647824
331,0.0100002779984397
332,0.010000271867686455
333,0.010000263305643787
334,0.010000258246744286
335,0.010000236161407442
336,0.010000229824391273
337,0.010000215964815042
338,0.010000200099651727
339,0.010000191199139693
340,0.0100001830785876
341,0.01000017380178811
342,0.010000166936833957
343,0.010000163108480028
344,0.01000015922455494
345,0.010000146542501805
346,0.01000014155884567
347,0.010000136580679837
348,0.010000130505516918
349,0.010000122158025933
350,0.010000119141933526
351,0.010000116142223073
352,0.010000111476688923
353,0.010000107739416465
354,0.010000102045164152
355,0.010000096054477174
356,0.01000009321563835
357,0.010000089757851108
358,0.010000086506149256
359,0.010000085022463757
360,0.010000082204948508
361,0.010000078305316601
362,0.010000074292908357
363,0.010000069749866107
364,0.010000067371056782
365,0.010000065203653399
366,0.010000063320903333
367,0.010000061210301534
368,0.010000057859375204
369,0.010000056082033406
370,0.010000053080811686
371,0.010000048565601929
372,0.010000045250580604
373,0.01000004386494585
374,0.010000042876140302
375,0.010000041426281617
376,0.010000039662870615
377,0.010000038498354537
378,0.010000037092526271
379,0.010000035698743822
380,0.010000032301559188
381,0.010000031090910237
382,0.010000030600474065
383,0.010000029160513046
384,0.010000026385523332
385,0.010000025832037913
386,0.01000002413626548
387,0.010000022810375566
388,0.010000022336352343
389,0.01000002122788189
390,0.01000002086379794
391,0.010000020035696368
392,0.01000001946300533
393,0.010000019003354212
394,0.0100000182180981
395,0.010000017766514914
396,0.010000017289778713
397,0.010000016605193387
398,0.010000016273133575
399,0.010000015644438729
400,0.010000015154772534
401,0.01000001482056141
402,0.010000014404137635
403,0.01000001352602356
404,0.010000012919211938
405,0.010000012312506088
406,0.010000012205851904
407,0.010000011682774606
408,0.010000011285463718
409,0.010000011061996564
410,0.010000010714687898
411,0.010000010482587014
412,0.01000001009575967
413,0.010000009944458894
414,0.010000009590907372
415,0.010000009248075733
416,0.010000008850867714
417,0.010000008575553174
418,0.010000008385596244
419,0.010000008024629511
420,0.010000007537687981
421,0.01000000742620901
422,0.010000006938013548
423,0.010000006736331583
424,0.010000006587773962
425,0.01000000629852514
426,0.010000005699141225
427,0.010000005613730665
428,0.010000005505873884
429,0.010000005319160558
430,0.010000004812975506
431,0.01000000464093336
432,0.010000004504223451
433,0.010000004348432788
434,0.010000004157090795
435,0.010000004082932588
436,0.010000003934231253
437,0.010000003900541937
438,0.010000003742730785
439,0.010000003608945056
440,0.010000003499133972
441,0.010000003391985698
442,0.010000003267795182
443,0.01000000314594871
444,0.010000003094157021
445,0.010000003005715075
446,0.010000002854553679
447,0.010000002791601655
448,0.010000002694777124
449,0.010000002575684955
450,0.010000002492572976
451,0.01000000241721367
452,0.01000000234061918
453,0.010000002263733635
454,0.010000002209387883
455,0.010000002044831728
456,0.010000001945493168
457,0.010000001851721046
458,0.01000000179771336
459,0.01000000163593663
460,0.010000001597301276
461,0.010000001517426037
462,0.010000001483961948
463,0.010000001442987336
464,0.010000001379354317
465,0.010000001318131896
466,0.010000001192695061
467,0.010000001154440144
468,0.010000001122564167
469,0.01000000109015022
470,0.010000001056240075
471,0.010000001002017535
472,0.010000000974057933
473,0.010000000951815089
474,0.010000000919629418
475,0.010000000898270082
476,0.010000000875478665
477,0.010000000856257187
478,0.010000000831699156
479,0.010000000809139053
480,0.010000000796773769
481,0.010000000771912178
482,0.010000000760115797
483,0.010000000725216902
484,0.010000000703502047
485,0.01000000068688768
486,0.010000000653845304
487,0.010000000640577931
488,0.010000000622143509
489,0.010000000603514934
490,0.010000000590559733
491,0.010000000574425717
492,0.010000000565364575
493,0.010000000554502208
494,0.01000000053339956
495,0.010000000522314966
496,0.010000000515156525
497,0.010000000494462239
498,0.01000000048292955
499,0.010000000462280008
500,0.01000000044767646
501,0.010000000433014314
502,0.010000000420300859
503,0.01000000040943198
504,0.010000000387560042
505,0.010000000361430866
506,0.010000000353071569
507,0.010000000344595333
508,0.010000000324917331
509,0.01000000030666955
510,0.010000000299067942
511,0.010000000286853255
512,0.01000000027996673
513,0.010000000270040183
514,0.010000000261169801
515,0.010000000252136543
516,0.010000000244880607
517,0.01000000023757201
518,0.010000000232054156
519,0.010000000228393672
520,0.01000000022233178
521,0.010000000215157597
522,0.010000000206617812
523,0.010000000202486004
524,0.010000000198476513
525,0.01000000019462425
526,0.010000000187236173
527,0.010000000182303117
528,0.010000000174997341
529,0.010000000165831262
530,0.0100000001615106
531,0.010000000156658891
532,0.010000000152684053
533,0.010000000149945332
534,0.010000000143462084
535,0.010000000140466746
536,0.01000000013462199
537,0.01000000012480728
538,0.010000000121579793
539,0.010000000116614168
540,0.010000000110749488
541,0.010000000108004272
542,0.010000000103148611
543,0.010000000100290481
544,0.01000000009074658
545,0.010000000086156964
546,0.010000000084130637
547,0.010000000080541355
548,0.010000000075141333
549,0.010000000069267151
550,0.01000000006669772
551,0.010000000065442426
552,0.010000000063884117
553,0.010000000061508217
554,0.010000000059935607
555,0.01000000005790309
556,0.010000000055827733
557,0.010000000054651178
558,0.01000000005218895
559,0.010000000051263079
560,0.010000000049882527
561,0.010000000049085848
562,0.010000000048297064
563,0.010000000046827507
564,0.010000000044874549
565,0.010000000043631125
566,0.010000000042626273
567,0.01000000004107792
568,0.010000000040527096
569,0.010000000038596855
570,0.010000000034923878
571,0.010000000034198124
572,0.010000000031540448
573,0.010000000030005202
574,0.010000000029010876
575,0.010000000027584962
576,0.010000000027009017
577,0.010000000025955169
578,0.010000000025532975
579,0.010000000024850323
580,0.01000000002391416
581,0.01000000002255306
582,0.010000000021352541
583,0.010000000020717334
584,0.010000000020209864
585,0.010000000019612572
586,0.01000000001925115
587,0.010000000018687798
588,0.010000000018273844
589,0.010000000017824444
590,0.010000000017335748
591,0.010000000016584536
592,0.010000000015163189
593,0.010000000014974829
594,0.010000000014587583
595,0.010000000014325923
596,0.010000000014142306
597,0.010000000013865041
598,0.010000000013402894
599,0.010000000013071974
600,0.010000000012736484
601,0.010000000012469312
602,0.010000000011854061
603,0.01000000001129286
604,0.010000000011070353
605,0.010000000010438184
606,0.010000000009996856
607,0.010000000009598152
608,0.010000000009414685
609,0.010000000009173058
610,0.010000000008963589
611,0.010000000008354253
612,0.010000000008172466
613,0.010000000008036317
614,0.010000000007351989
615,0.010000000007126862
616,0.01000000000691554
617,0.010000000006636409
618,0.010000000006500446
619,0.010000000006428048
620,0.01000000000631464
621,0.010000000006018696
622,0.010000000005878905
623,0.010000000005802393
624,0.010000000005676135
625,0.010000000005569307
626,0.010000000005423117
627,0.010000000005280237
628,0.010000000005101175
629,0.010000000004938546
630,0.0100000000047878
631,0.010000000004657464
632,0.010000000004433419
633,0.010000000004338684
634,0.0100000000042286
635,0.01000000000400511
636,0.010000000003836924
637,0.010000000003785474
638,0.010000000003700512
639,0.010000000003591504
640,0.010000000003520035
641,0.010000000003442752
642,0.010000000003337997
643,0.010000000003267322
644,0.01000000000321289
645,0.010000000003143607
646,0.010000000003073667
647,0.010000000002998976
648,0.010000000002915295
649,0.010000000002821788
650,0.010000000002723917
651,0.010000000002591328
652,0.010000000002538494
653,0.010000000002487483
654,0.010000000002448
655,0.010000000002377791
656,0.010000000002301985
657,0.010000000002193223
658,0.01000000000214314
659,0.010000000002103857
660,0.010000000002052324
661,0.010000000002012892
662,0.010000000001932805
663,0.010000000001883388
664,0.01000000000184167
665,0.010000000001802135
666,0.010000000001738934
667,0.010000000001702116
668,0.010000000001667078
669,0.01000000000161603
670,0.010000000001517361
671,0.010000000001443214
672,0.010000000001370222
673,0.010000000001332655
674,0.010000000001308228
675,0.010000000001283992
676,0.010000000001211881
677,0.010000000001180424
678,0.010000000001112572
679,0.010000000001076995
680,0.010000000001060006
681,0.010000000001032286
682,0.010000000000996283
683,0.010000000000978119
684,0.01000000000095521
685,0.010000000000902917
686,0.010000000000861204
687,0.010000000000836671
688,0.010000000000820596
689,0.010000000000804346
690,0.010000000000793957
691,0.010000000000783311
692,0.010000000000762064
693,0.010000000000749368
694,0.010000000000723376
695,0.010000000000703403
696,0.010000000000688234
697,0.010000000000660852
698,0.010000000000639912
699,0.010000000000631016
700,0.0100000000006098
701,0.010000000000563593
702,0.01000000000055304
703,0.010000000000530187
704,0.010000000000519428
705,0.010000000000507263
706,0.0100000000004938
707,0.010000000000484167
708,0.010000000000473774
709,0.010000000000452971
710,0.010000000000409865
711,0.010000000000399665
712,0.010000000000379414
713,0.010000000000368273
714,0.010000000000361558
715,0.010000000000352914
716,0.010000000000343444
717,0.010000000000331698
718,0.01000000000032922
719,0.01000000000032106
720,0.010000000000311352
721,0.010000000000302059
722,0.010000000000294041
723,0.01000000000028535
724,0.010000000000279868
725,0.010000000000270296
726,0.010000000000261104
727,0.010000000000256267
728,0.01000000000024847
729,0.010000000000238084
730,0.010000000000230493
731,0.010000000000217005
732,0.01000000000020971
733,0.010000000000205496
734,0.01000000000020002
735,0.010000000000196256
736,0.010000000000192102
737,0.010000000000185458
738,0.010000000000173023
739,0.010000000000168785
740,0.010000000000161472
741,0.010000000000158448
742,0.010000000000155341
743,0.01000000000015015
744,0.01000000000014558
745,0.0100000000001375
746,0.010000000000134388
747,0.010000000000130625
748,0.010000000000126701
749,0.010000000000122026
750,0.010000000000117347
751,0.01000000000011322
752,0.010000000000111078
753,0.010000000000106372
754,0.010000000000103166
755,0.010000000000097996
756,0.010000000000095807
757,0.010000000000091162
758,0.010000000000088804
759,0.01000000000008593
760,0.010000000000084136
761,0.010000000000081267
762,0.010000000000079308
763,0.010000000000076009
764,0.010000000000072245
765,0.01000000000007068
766,0.010000000000068707
767,0.010000000000066676
768,0.010000000000063621
769,0.010000000000058813
770,0.010000000000056422
771,0.010000000000054346
772,0.010000000000053494
773,0.010000000000051211
774,0.010000000000049827
775,0.010000000000048364
776,0.010000000000047141
777,0.010000000000046208
778,0.010000000000044588
779,0.010000000000040836
780,0.010000000000039935
781,0.01000000000003906
782,0.010000000000038018
783,0.01000000000003755
784,0.010000000000036988
785,0.01000000000003602
786,0.010000000000035005
787,0.010000000000034134
788,0.010000000000033493
789,0.010000000000032776
790,0.01000000000003205
791,0.010000000000031185
792,0.010000000000030245
793,0.010000000000029135
794,0.010000000000028555
795,0.010000000000028068
796,0.010000000000027428
797,0.010000000000026717
798,0.010000000000025959
799,0.010000000000025551
800,0.01000000000002451
801,0.010000000000023542
802,0.01000000000002256
803,0.010000000000021684
804,0.010000000000020435
805,0.01000000000001999
806,0.0100000000000195
807,0.01000000000001889
808,0.010000000000018208
809,0.010000000000017705
810,0.010000000000017252
811,0.010000000000016383
812,0.010000000000015828
813,0.010000000000015555
814,0.010000000000015129
815,0.01000000000001482
816,0.010000000000014614
817,0.010000000000014442
818,0.010000000000013992
819,0.010000000000013899
820,0.010000000000013578
821,0.010000000000013118
822,0.010000000000013016
823,0.010000000000012589
824,0.010000000000012289
825,0.010000000000011966
826,0.010000000000011514
827,0.010000000000011122
828,0.010000000000010958
829,0.010000000000010622
830,0.010000000000010426
831,0.010000000000010213
832,0.010000000000009836
833,0.010000000000009376
834,0.010000000000009243
835,0.010000000000009019
836,0.010000000000008748
837,0.010000000000008422
838,0.010000000000008297
839,0.010000000000008145
840,0.010000000000007881
841,0.010000000000007577
842,0.010000000000007229
843,0.010000000000006832
844,0.01000000000000653
845,0.010000000000006146
846,0.010000000000005982
847,0.01000000000000581
848,0.01000000000000571
849,0.010000000000005591
850,0.010000000000005456
851,0.010000000000005324
852,0.010000000000005204
853,0.010000000000005076
854,0.010000000000004882
855,0.010000000000004646
856,0.01000000000000449
857,0.010000000000004394
858,0.010000000000004302
859,0.010000000000004165
860,0.010000000000003926
861,0.010000000000003695
862,0.010000000000003617
863,0.010000000000003511
864,0.010000000000003442
865,0.010000000000003256
866,0.010000000000003163
867,0.010000000000003097
868,0.010000000000003048
869,0.010000000000002963
870,0.0100000000000029
871,0.010000000000002826
872,0.010000000000002743
873,0.010000000000002658
874,0.010000000000002583
875,0.010000000000002519
876,0.010000000000002408
877,0.010000000000002361
878,0.010000000000002295
879,0.01000000000000225
880,0.010000000000002186
881,0.010000000000002129
882,0.010000000000002085
883,0.010000000000001997
884,0.010000000000001955
885,0.0100000000000019
886,0.010000000000001823
887,0.010000000000001782
888,0.010000000000001612
889,0.010000000000001551
890,0.010000000000001483
891,0.010000000000001437
892,0.010000000000001386
893,0.010000000000001362
894,0.010000000000001329
895,0.010000000000001306
896,0.01000000000000126
897,0.010000000000001239
898,0.010000000000001187
899,0.01000000000000115
900,0.010000000000001119
901,0.01000000000000111
902,0.010000000000001067
903,0.010000000000001043
904,0.01000000000000102
905,0.010000000000000942
906,0.010000000000000899
907,0.010000000000000876
908,0.010000000000000852
909,0.01000000000000084
910,0.010000000000000833
911,0.010000000000000812
912,0.010000000000000784
913,0.010000000000000769
914,0.010000000000000748
915,0.010000000000000729
916,0.010000000000000717
917,0.0100000000000007
918,0.010000000000000678
919,0.010000000000000666
920,0.01000000000000065
921,0.010000000000000633
922,0.010000000000000621
923,0.0100000000000006
924,0.010000000000000592
925,0.010000000000000545
926,0.010000000000000536
927,0.010000000000000528
928,0.01000000000000052
929,0.010000000000000508
930,0.010000000000000491
931,0.01000000000000047
932,0.010000000000000443
933,0.010000000000000437
934,0.010000000000000425
935,0.01000000000000042
936,0.010000000000000408
937,0.01000000000000039
938,0.01000000000000038
939,0.010000000000000373
940,0.010000000000000366
941,0.010000000000000356
942,0.010000000000000349
943,0.010000000000000338
944,0.010000000000000332
945,0.010000000000000325
946,0.010000000000000312
947,0.010000000000000304
948,0.010000000000000286
949,0.010000000000000273
950,0.010000000000000266
951,0.010000000000000262
952,0.010000000000000253
953,0.010000000000000245
954,0.010000000000000243
955,0.010000000000000236
956,0.010000000000000227
957,0.010000000000000222
958,0.010000000000000219
959,0.010000000000000215
960,0.01000000000000021
961,0.0100000000000002
962,0.010000000000000196
963,0.010000000000000191
964,0.010000000000000175
965,0.010000000000000172
966,0.01000000000000017
967,0.010000000000000165
968,0.010000000000000162
969,0.010000000000000156
970,0.010000000000000155
971,0.01000000000000014
972,0.010000000000000137
973,0.010000000000000134
974,0.01000000000000013
975,0.010000000000000127
976,0.010000000000000123
977,0.010000000000000118
978,0.010000000000000116
979,0.010000000000000113
980,0.010000000000000111
981,0.01000000000000011
982,0.010000000000000106
983,0.010000000000000103
984,0.010000000000000099
985,0.010000000000000096
986,0.010000000000000092
987,0.01000000000000009
988,0.010000000000000087
989,0.010000000000000085
990,0.010000000000000083
991,0.01000000000000008
992,0.010000000000000077
993,0.010000000000000075
994,0.010000000000000073
995,0.010000000000000071
996,0.01000000000000007
997,0.010000000000000068
998,0.010000000000000066
999,0.010000000000000064
1000,0.010000000000000061
1001,0.010000000000000061
1002,0.01000000000000006
1003,0.010000000000000057
1004,0.010000000000000056
1005,0.010000000000000054
1006,0.010000000000000054
1007,0.010000000000000052
1008,0.01000000000000005
1009,0.010000000000000049
1010,0.010000000000000049
1011,0.010000000000000049
1012,0.010000000000000047
1013,0.010000000000000045
1014,0.010000000000000044
1015,0.010000000000000042
1016,0.010000000000000042
1017,0.01000000000000004
1018,0.01000000000000004
1019,0.010000000000000038
1020,0.010000000000000037
1021,0.010000000000000035
1022,0.010000000000000035
1023,0.010000000000000033
1024,0.010000000000000033
1025,0.010000000000000033
1026,0.010000000000000031
1027,0.010000000000000031
1028,0.01000000000000003
1029,0.010000000000000028
1030,0.010000000000000028
1031,0.010000000000000028
1032,0.010000000000000028
1033,0.010000000000000028
1034,0.010000000000000028
1035,0.010000000000000026
1036,0.010000000000000024
1037,0.010000000000000024
1038,0.010000000000000024
1039,0.010000000000000024
1040,0.010000000000000023
1041,0.010000000000000023
1042,0.010000000000000023
1043,0.010000000000000023
1044,0.010000000000000023
1045,0.010000000000000023
1046,0.010000000000000023
1047,0.010000000000000023
1048,0.010000000000000023
1049,0.010000000000000023
1050,0.010000000000000023
1051,0.010000000000000023
1052,0.010000000000000023
1053,0.010000000000000023
1054,0.010000000000000023
1055,0.010000000000000023
1056,0.010000000000000023
1057,0.010000000000000023
1058,0.010000000000000021
1059,0.010000000000000021
1060,0.010000000000000021
1061,0.010000000000000021
1062,0.010000000000000021
1063,0.010000000000000021
1064,0.010000000000000021
1065,0.010000000000000021
1066,0.010000000000000021
1067,0.010000000000000021
1068,0.010000000000000021
1069,0.010000000000000021
1070,0.010000000000000021
1071,0.010000000000000021
1072,0.010000000000000021
1073,0.010000000000000021
1074,0.010000000000000021
1075,0.01000000000000002
1076,0.01000000000000002
1077,0.01000000000000002
1078,0.01000000000000002
1079,0.01000000000000002
1080,0.01000000000000002
1081,0.01000000000000002
1082,0.01000000000000002
1083,0.01000000000000002
1084,0.01000000000000002
1085,0.01000000000000002
1086,0.01000000000000002
1087,0.01000000000000002
1088,0.01000000000000002
1089,0.01000000000000002
1090,0.01000000000000002
1091,0.01000000000000002
1092,0.01000000000000002
1093,0.01000000000000002
1094,0.010000000000000018
1095,0.010000000000000018
1096,0.010000000000000018
1097,0.010000000000000018
1098,0.010000000000000018
1099,0.010000000000000018
1100,0.010000000000000016
1101,0.010000000000000016
1102,0.010000000000000016
1103,0.010000000000000016
1104,0.010000000000000016
1105,0.010000000000000016
1106,0.010000000000000016
1107,0.010000000000000016
1108,0.010000000000000016
1109,0.010000000000000016
1110,0.010000000000000016
