,0
0,1.0
1,0.9936842320153575
2,0.9843834803310103
3,0.9739167607654061
4,0.9652804316944792
5,0.9572896841932906
6,0.9508699661195216
7,0.9437464579956699
8,0.9331621933105626
9,0.9246165835903666
10,0.9148823571299679
11,0.9061474311458217
12,0.8977631133232531
13,0.8882268601586514
14,0.8809677442237911
15,0.8710950929723545
16,0.8574272061596399
17,0.850842985792988
18,0.8407300920574229
19,0.8280348528806516
20,0.8187622100444827
21,0.8110352416195219
22,0.8046525245957818
23,0.7990304735695744
24,0.7909451704833922
25,0.7830973226064221
26,0.7741047928132665
27,0.7652923879808717
28,0.7555371334775062
29,0.7476024126096448
30,0.7412862303735057
31,0.7345892503979227
32,0.7249445184634584
33,0.7150050339410107
34,0.7045783307758537
35,0.6943742678038468
36,0.6839156421933555
37,0.6718936828590333
38,0.6586575653214661
39,0.6479149346135382
40,0.6406839990027882
41,0.6330987061830813
42,0.6251738698963092
43,0.6163788423457174
44,0.6057403651023959
45,0.5982223032073741
46,0.5918454968327277
47,0.5848475890432762
48,0.5775931876164254
49,0.5703742942938871
50,0.5629706594866714
51,0.5558831506967439
52,0.5404389880907814
53,0.5324372824932546
54,0.5223996787796439
55,0.5111998597175088
56,0.49975484184131075
57,0.49565813144214904
58,0.48761498782476176
59,0.4767085361017395
60,0.4691169373715289
61,0.45764698555674743
62,0.4428126446948165
63,0.4288048012061087
64,0.42166295457584135
65,0.40599632983917316
66,0.4015467587357685
67,0.38834441937415676
68,0.37598960930767855
69,0.36132261877704713
70,0.3468389567969672
71,0.32337637466951463
72,0.3072890634631004
73,0.2789982685942803
74,0.2533996988109921
75,0.23023715502286832
76,0.22700164694688396
77,0.20635120993296935
78,0.18766592182398464
79,0.17412116124413737
80,0.15850296778520864
81,0.14437104194144545
82,0.1385097713564432
83,0.12628044970655558
84,0.11957452848047825
85,0.10914713343278365
86,0.09971203622098672
87,0.09693015178318645
88,0.08865765408897248
89,0.0811723886346315
90,0.07660002434778504
91,0.07026219407198185
92,0.06547347303336146
93,0.06019447410899421
94,0.05541783835245514
95,0.05232614342995172
96,0.048298278336577204
97,0.04465371528529104
98,0.041355978264096004
99,0.04038669788652929
100,0.03981480085296962
101,0.03891628534422358
102,0.038160067917462286
103,0.03548028314615383
104,0.034751966567444774
105,0.034058898861123676
106,0.03262838163909499
107,0.03229594767021201
108,0.031878511457414424
109,0.03160457165800126
110,0.031073260103822616
111,0.03072011449359424
112,0.030184297348637097
113,0.02994552770722879
114,0.029583844049287017
115,0.02927877872676521
116,0.02853952506673494
117,0.02803663456399156
118,0.027743246118181297
119,0.026054753005151726
120,0.024526941256386547
121,0.024229324532544387
122,0.023081577505181874
123,0.022702577722299
124,0.022407547330349904
125,0.02218864698065038
126,0.02200117957805898
127,0.020859116342796774
128,0.019928455658263164
129,0.01913218460032441
130,0.019039509762563134
131,0.018179286673868478
132,0.017614123996281292
133,0.016889544297400805
134,0.0164346982189648
135,0.015822355722288697
136,0.015268285318642598
137,0.014766941685197321
138,0.01431330720636193
139,0.013902841755800427
140,0.013531437257321388
141,0.013338778238220547
142,0.01326678049930934
143,0.01321428501670084
144,0.01294793505274238
145,0.012745340039178373
146,0.0124840863926809
147,0.012247694317731646
148,0.012110246875243168
149,0.011951122685639708
150,0.01176544881314562
151,0.011603525981685006
152,0.011450930309021438
153,0.011342864398210325
154,0.011232820881472521
155,0.011143855922469114
156,0.011095164897361683
157,0.011046346887557125
158,0.010946773816107152
159,0.010916589963317715
160,0.010829364895806076
161,0.010774455515743154
162,0.010748941010029666
163,0.010727970279216148
164,0.010687911518004283
165,0.01063362685355749
166,0.010593216972790446
167,0.010573386621966569
168,0.010547608284536858
169,0.010495496466275431
170,0.010457492376921812
171,0.010436095049099084
172,0.010423121859765868
173,0.010409878273662548
174,0.010370873198849856
175,0.01034181177570137
176,0.010329659473140301
177,0.010298288226507364
178,0.01028687891337347
179,0.010277983072656168
180,0.010252663918966098
181,0.010243778547778363
182,0.010239645373962105
183,0.010230802005078362
184,0.010208838290352627
185,0.010188964699429716
186,0.010170982330731925
187,0.010154711210669244
188,0.010152697711026776
189,0.010150063752746382
190,0.010144887882923087
191,0.010140016492901614
192,0.010135769720924859
193,0.01012495581841095
194,0.010122004779733684
195,0.010110394489882274
196,0.010104319699969062
197,0.010101672841494942
198,0.010094552971470138
199,0.010089995549770275
200,0.01008637171263204
201,0.010081561735322013
202,0.010073800109999302
203,0.010069906610956287
204,0.010068269303013322
205,0.010061772619869689
206,0.010055894177868206
207,0.01005057514358551
208,0.010047882985000282
209,0.01004332631651551
210,0.010041953431197154
211,0.010038197123896512
212,0.010034961946323645
213,0.010031885782542226
214,0.010029413690290818
215,0.010026670556979877
216,0.010024132517915252
217,0.010021836005201143
218,0.010020219757533694
219,0.01001854982253406
220,0.010016784573526744
221,0.010015187310172775
222,0.010013742046523645
223,0.010012434317894985
224,0.010011251036099136
225,0.010010180358454171
226,0.010009237397795353
227,0.010008888517027982
228,0.010008042662797768
229,0.010007304278132982
230,0.010006609184166463
231,0.010006123661623534
232,0.010005540918172365
233,0.010005013630092631
234,0.010004663471939458
235,0.010004219683908782
236,0.01000387893341231
237,0.010003659989293407
238,0.010003311695262286
239,0.01000310328187891
240,0.01000280796556275
241,0.010002540752309733
242,0.010002384907219986
243,0.010002227233477188
244,0.010002085399038081
245,0.010001969855563635
246,0.010001782399022103
247,0.010001657085310629
248,0.010001524795377106
249,0.010001383283778427
250,0.010001280768415104
251,0.010001172525796187
252,0.010001065623657972
253,0.010000964216159277
254,0.010000897502136705
255,0.010000812093516059
256,0.010000739900339731
257,0.010000674799426703
258,0.010000629808308643
259,0.01000056987412385
260,0.010000515643430831
261,0.010000475142852579
262,0.010000439138784572
263,0.010000406716141502
264,0.010000368011983351
265,0.010000332991012821
266,0.010000303449589982
267,0.010000274572543504
268,0.010000248443511328
269,0.010000224800985318
270,0.010000203408343128
271,0.010000184051480003
272,0.01000016653666595
273,0.010000150688606827
274,0.010000136348689929
275,0.010000123954616308
276,0.010000112158774973
277,0.010000101485456356
278,0.010000091827838297
279,0.010000083089264108
280,0.010000075182275203
281,0.010000069735917529
282,0.01000006622880579
283,0.010000060449934957
284,0.010000055824648491
285,0.010000050512230803
286,0.010000049092953
287,0.01000004626175071
288,0.010000043043683746
289,0.010000040387304926
290,0.01000003654394471
291,0.010000033697225382
292,0.010000031312441203
293,0.010000028392229571
294,0.010000025690351697
295,0.010000024088041187
296,0.010000022231617804
297,0.010000020115999653
298,0.010000018938852523
299,0.010000017632001201
300,0.010000016688427265
301,0.010000015697720348
302,0.01000001490677043
303,0.010000014230897783
304,0.010000013193384122
305,0.01000001260023546
306,0.010000011753081964
307,0.010000010634628338
308,0.010000010069544788
309,0.010000009212078477
310,0.01000000882523738
311,0.010000008226951237
312,0.010000007773461037
313,0.010000007336893331
314,0.010000007004238746
315,0.010000006627419422
316,0.010000006201650716
317,0.010000005876230594
318,0.010000005497071527
319,0.010000005211227856
320,0.010000005024949986
321,0.010000004803839533
322,0.010000004628882604
323,0.010000004389061842
324,0.010000004139667625
325,0.010000003979338108
326,0.010000003857099595
327,0.010000003599214045
328,0.010000003393342762
329,0.010000003333809022
330,0.010000003237545565
331,0.010000003110910663
332,0.010000002982361693
333,0.010000002845718264
334,0.010000002766313316
335,0.010000002655719193
336,0.010000002544198071
337,0.010000002386947853
338,0.010000002281459799
339,0.010000002216025998
340,0.010000002163041862
341,0.01000000213041224
342,0.010000002073038698
343,0.010000001982810933
344,0.010000001908686867
345,0.010000001823605347
346,0.010000001775381805
347,0.010000001710721997
348,0.010000001633974681
349,0.010000001566768944
350,0.010000001488122861
351,0.010000001450220336
352,0.010000001396006278
353,0.010000001348935148
354,0.010000001301757796
355,0.010000001265940724
356,0.0100000012264398
357,0.010000001195441414
358,0.010000001158487763
359,0.0100000011357753
360,0.010000001087210783
361,0.010000001066642113
362,0.010000001034600645
363,0.010000001005128609
364,0.010000000964944689
365,0.01000000092785065
366,0.010000000903043552
367,0.010000000872419845
368,0.010000000841571335
369,0.010000000814985874
370,0.01000000080084769
371,0.010000000774231388
372,0.010000000743947732
373,0.010000000710785559
374,0.010000000691297854
375,0.010000000670263406
376,0.010000000649284364
377,0.010000000630221143
378,0.010000000604541778
379,0.010000000588496382
380,0.010000000568823834
381,0.010000000551240272
382,0.010000000535483876
383,0.010000000512894812
384,0.010000000485350243
385,0.0100000004546695
386,0.010000000448348478
387,0.010000000434315306
388,0.010000000422238696
389,0.010000000405925961
390,0.010000000385280169
391,0.010000000367003279
392,0.01000000035293037
393,0.01000000034280809
394,0.010000000331116667
395,0.010000000306516254
396,0.010000000293850397
397,0.010000000286795893
398,0.010000000280218817
399,0.010000000269608468
400,0.01000000025779657
