,0
0,1.0
1,0.9915225054760133
2,0.9845783765160454
3,0.973338584179268
4,0.9613718000946514
5,0.9507758838271027
6,0.9443068739784497
7,0.9372330562920316
8,0.9266309550704305
9,0.916240699167502
10,0.90740291618389
11,0.8991846712476441
12,0.8900730744114662
13,0.8767971165654987
14,0.8689450439210548
15,0.8607386253338293
16,0.8549732272510242
17,0.8479051795027304
18,0.836421507606968
19,0.8260739232904922
20,0.8146480228680525
21,0.8080768875555361
22,0.8015594152336295
23,0.7937616396999361
24,0.7857303270744189
25,0.7787800771694451
26,0.770445878227881
27,0.7620516033929254
28,0.752263976316651
29,0.7434833831459208
30,0.7324187400401483
31,0.7240156944558703
32,0.7154987102313126
33,0.7098772364258457
34,0.7001472241250049
35,0.6913696360628112
36,0.6835787685976761
37,0.6718936828590334
38,0.6633447534203015
39,0.6564558745945707
40,0.6477235888364559
41,0.6368485366621324
42,0.6272072969763144
43,0.6201500698931669
44,0.6131132217082261
45,0.604668996965804
46,0.598516487899022
47,0.5853076511148029
48,0.576629098905067
49,0.5702062072199208
50,0.5609284484667795
51,0.5553920768774832
52,0.5465205918327196
53,0.5399088142338003
54,0.5297796351138049
55,0.5177072201420325
56,0.5099484250133841
57,0.5014719870389325
58,0.4919329242832159
59,0.48272080177691973
60,0.47387027951506344
61,0.46769587864473466
62,0.46173916429918743
63,0.4547467162372746
64,0.45032141247120216
65,0.44376588068826617
66,0.4354744686875299
67,0.42571708431993094
68,0.41468336362953895
69,0.40893757185358093
70,0.4022914047670819
71,0.39371686240303105
72,0.38163230689211336
73,0.36956858690714445
74,0.35505538594888636
75,0.32221902450139184
76,0.3121141551473637
77,0.30586549525542595
78,0.27771017081285004
79,0.27115260844355543
80,0.26206952520455573
81,0.24462885919581637
82,0.24192288939685216
83,0.23354325793396413
84,0.22514343454921903
85,0.21336551838828058
86,0.20451415623878094
87,0.1991054778268237
88,0.19602944044097
89,0.19000865681107756
90,0.17287856825305656
91,0.1573786231514895
92,0.14335369284608845
93,0.13841984599404253
94,0.13400289884681002
95,0.13069961557414775
96,0.11921352851404474
97,0.10882048715524488
98,0.09941647444660748
99,0.09090737186814667
100,0.08320801746124906
101,0.07624135349916804
102,0.06993765526739448
103,0.06423383323527865
104,0.059072801634802344
105,0.05440290712702536
106,0.05017741183810814
107,0.04635402559096116
108,0.042894482650938495
109,0.03976415874950385
110,0.03693172455291347
111,0.03436883210771388
112,0.032049831124895616
113,0.029951512263179485
114,0.02805287484212811
115,0.026334916660277527
116,0.024780443814718094
117,0.023373898618735088
118,0.022101203895250943
119,0.02094962208770556
120,0.01990762777830901
121,0.018964792337786474
122,0.018111679552151268
123,0.017339751181903642
124,0.016641281508460073
125,0.016009280012564974
126,0.015536734813329133
127,0.015009844832842543
128,0.01453309506331004
129,0.014173708391479715
130,0.013776527524581523
131,0.013417143414484078
132,0.013091959224220356
133,0.012797720401116016
134,0.012531482104132345
135,0.01229057973090735
136,0.012072602249519709
137,0.011875368068070935
138,0.01169690320058039
139,0.011535421510670116
140,0.01138930683531162
141,0.011257096809723076
142,0.01113746823153107
143,0.011054751235225115
144,0.010954378384351333
145,0.01086355727312579
146,0.010781378933341313
147,0.010707020896552247
148,0.010639738962533804
149,0.01057885975107609
150,0.010523773962568627
151,0.01047393027992506
152,0.01042882985081645
153,0.010388021294989502
154,0.010384352546832848
155,0.010347776566091779
156,0.010314681250115898
157,0.010284735369859197
158,0.01025763921688691
159,0.010233121603792758
160,0.010210937150064242
161,0.010190863826231992
162,0.01017270073172422
163,0.010156266084186263
164,0.010141395400141688
165,0.010127939848786367
166,0.01012313240281994
167,0.010111414805444158
168,0.010100812284889071
169,0.010091218727565333
170,0.010082538117926742
171,0.010074683577514381
172,0.0100675764954478
173,0.010061145741660907
174,0.010055326955008348
175,0.010050061899117545
176,0.010045297879539497
177,0.010040987216365023
178,0.010037086767028209
179,0.010033557494521107
180,0.010030364076698235
181,0.010027474552760676
182,0.010024860003381663
183,0.01002249426127223
184,0.01002035364929019
185,0.010018416743471346
186,0.010016664158611244
187,0.01001507835425154
188,0.010013643459129196
189,0.01001234511233154
190,0.010011170319567435
191,0.010010107323116035
192,0.010009145484151568
193,0.010008275176266394
194,0.010007487689126677
195,0.010006775141296437
196,0.010006130401357498
197,0.010005547016535842
198,0.010005019148120095
199,0.010004541513025727
200,0.010004109330920176
201,0.010003718276379667
202,0.010003364435598922
203,0.010003044267220478
204,0.010002754566891588
205,0.010002492435193992
206,0.010002255248625554
207,0.010002040633343376
208,0.010001846441405579
209,0.010001670729273979
210,0.010001511738362504
211,0.010001367877436674
212,0.01000123770668799
213,0.010001119923323847
214,0.010001013348528749
215,0.010000920222511473
216,0.010000832651761299
217,0.010000753414469817
218,0.01000068171760358
219,0.010000616843596252
220,0.010000580979516767
221,0.010000525692005883
222,0.010000475665797285
223,0.010000430400211863
224,0.010000389442216425
225,0.010000352381889585
226,0.010000318848319135
227,0.010000288505889831
228,0.010000261050924443
229,0.01000023620864445
230,0.010000213730419961
231,0.010000193391281354
232,0.010000174987667691
233,0.010000158335389421
234,0.010000143267784948
235,0.010000129634052621
236,0.010000118310852171
237,0.010000107052086003
238,0.010000096864733094
239,0.010000087664366112
240,0.010000079321998687
241,0.010000072046770694
242,0.010000065190613971
243,0.010000058986906826
244,0.01000005337356047
245,0.010000050104734322
246,0.010000045336638435
247,0.010000041022286865
248,0.010000037118500128
249,0.010000033586207817
250,0.010000030390057563
251,0.010000027498061219
252,0.010000024881274714
253,0.010000023383145875
254,0.010000021157945339
255,0.01000001914450063
256,0.01000001732266052
257,0.010000015674191419
258,0.010000014182594894
259,0.010000012832942546
260,0.0100000116117266
261,0.010000010506724716
262,0.010000009506877664
263,0.01000000860217864
264,0.01000000778357311
265,0.010000007042868195
266,0.010000006372650673
267,0.010000005990743339
268,0.010000005420648736
269,0.010000004904805807
270,0.010000004438051822
271,0.010000004015715352
272,0.010000003633569511
273,0.010000003287789655
274,0.010000003190620787
275,0.01000000298773478
276,0.010000002703414224
277,0.010000002552607795
278,0.010000002323827245
279,0.010000002103947836
280,0.010000001929026558
281,0.010000001845435886
282,0.010000001669819443
283,0.010000001510915114
284,0.01000000136713253
285,0.01000000123703267
286,0.010000001119313446
287,0.010000001024101356
288,0.010000001009359027
289,0.010000000913305817
290,0.010000000826393277
291,0.010000000785539531
292,0.01000000071078556
293,0.010000000645981446
294,0.010000000584508183
295,0.010000000528884875
296,0.010000000485253183
297,0.010000000462603716
298,0.010000000418581153
299,0.01000000037874789
300,0.010000000342705262
301,0.010000000310092544
302,0.010000000280583336
303,0.010000000265275996
304,0.010000000240031648
305,0.010000000217189615
306,0.010000000205443442
307,0.010000000185892914
308,0.010000000168202865
309,0.010000000152196245
310,0.010000000147255736
311,0.010000000133242499
312,0.010000000120562798
313,0.010000000113031976
314,0.010000000102275561
315,0.01000000009295084
316,0.010000000084105398
317,0.010000000076101712
318,0.010000000075036207
319,0.01000000007287683
320,0.010000000069128753
321,0.010000000062550283
322,0.01000000006003158
323,0.01000000005431882
324,0.010000000053526173
325,0.010000000049391125
326,0.010000000046352292
327,0.010000000045557294
328,0.01000000004308482
329,0.01000000004184075
330,0.010000000037859075
331,0.010000000035668598
332,0.010000000034020752
333,0.01000000003078325
334,0.010000000027853836
335,0.010000000027065793
336,0.010000000024490141
337,0.01000000002346877
338,0.010000000021235422
339,0.010000000019214604
340,0.010000000017386093
341,0.010000000015731588
342,0.01000000001423453
343,0.010000000013506496
344,0.01000000001258582
345,0.01000000001138812
346,0.010000000011099174
347,0.010000000010042948
348,0.010000000009087235
349,0.010000000008731792
350,0.010000000008249648
351,0.010000000007736664
352,0.010000000007159717
353,0.01000000000674884
354,0.010000000006106603
355,0.010000000006022912
356,0.010000000005449755
357,0.010000000004931143
358,0.010000000004758682
359,0.010000000004630064
360,0.010000000004460543
361,0.010000000004109784
362,0.010000000003718687
363,0.010000000003364807
364,0.010000000003044603
365,0.010000000002754871
366,0.010000000002527348
367,0.01000000000228684
368,0.010000000002187525
369,0.010000000001979354
370,0.010000000001790995
371,0.01000000000162056
372,0.010000000001525422
373,0.010000000001380259
374,0.01000000000124891
375,0.01000000000113006
376,0.01000000000102252
377,0.010000000000968866
378,0.010000000000876665
379,0.010000000000793239
380,0.010000000000717752
381,0.01000000000064945
382,0.0100000000006295
383,0.01000000000060627
384,0.010000000000548577
385,0.010000000000496372
386,0.010000000000470138
387,0.010000000000425398
388,0.010000000000384916
389,0.010000000000348286
390,0.010000000000334429
391,0.010000000000306288
392,0.01000000000028102
393,0.010000000000254278
394,0.01000000000023008
395,0.010000000000219713
396,0.010000000000198805
397,0.010000000000179886
398,0.010000000000162768
399,0.010000000000147278
400,0.010000000000139802
401,0.010000000000126498
402,0.010000000000117616
403,0.010000000000106424
404,0.010000000000096296
405,0.010000000000087132
406,0.01000000000007884
407,0.010000000000071337
408,0.01000000000006455
409,0.010000000000058407
410,0.010000000000052849
411,0.01000000000004782
412,0.010000000000043757
413,0.010000000000039594
414,0.010000000000035826
415,0.010000000000032417
416,0.010000000000029333
417,0.010000000000026541
418,0.010000000000024016
419,0.010000000000021731
420,0.010000000000019663
421,0.010000000000017792
422,0.010000000000016098
423,0.010000000000014567
424,0.010000000000013724
425,0.010000000000012417
426,0.010000000000011236
427,0.010000000000010167
428,0.010000000000009552
429,0.010000000000008774
430,0.010000000000008103
431,0.010000000000007331
432,0.010000000000006634
433,0.010000000000006002
434,0.010000000000005432
435,0.010000000000005147
436,0.010000000000004833
437,0.010000000000004373
438,0.010000000000003957
439,0.01000000000000358
440,0.01000000000000324
441,0.010000000000003026
442,0.010000000000002856
443,0.010000000000002703
444,0.010000000000002514
445,0.010000000000002326
446,0.010000000000002104
447,0.010000000000001907
448,0.010000000000001725
449,0.010000000000001567
450,0.010000000000001417
451,0.010000000000001286
452,0.0100000000000012
453,0.010000000000001138
454,0.010000000000001032
455,0.010000000000000963
456,0.010000000000000871
457,0.010000000000000819
458,0.01000000000000078
459,0.010000000000000737
460,0.010000000000000698
461,0.010000000000000642
462,0.010000000000000604
463,0.010000000000000571
464,0.010000000000000536
465,0.010000000000000507
466,0.010000000000000467
467,0.010000000000000425
468,0.010000000000000401
469,0.01000000000000038
470,0.010000000000000344
471,0.01000000000000032
472,0.0100000000000003
473,0.010000000000000283
474,0.010000000000000266
475,0.010000000000000253
476,0.010000000000000238
477,0.010000000000000227
478,0.010000000000000215
479,0.010000000000000207
480,0.010000000000000191
481,0.010000000000000177
482,0.01000000000000016
483,0.010000000000000144
484,0.010000000000000136
485,0.010000000000000129
486,0.010000000000000116
487,0.010000000000000108
488,0.0100000000000001
489,0.010000000000000094
490,0.010000000000000089
491,0.010000000000000083
492,0.010000000000000077
493,0.010000000000000071
494,0.010000000000000068
495,0.010000000000000064
496,0.010000000000000057
497,0.010000000000000052
498,0.010000000000000049
499,0.010000000000000044
500,0.010000000000000042
501,0.01000000000000004
502,0.010000000000000038
503,0.010000000000000037
504,0.010000000000000033
505,0.010000000000000031
506,0.010000000000000028
507,0.010000000000000026
508,0.010000000000000024
509,0.010000000000000023
510,0.010000000000000023
511,0.010000000000000021
512,0.010000000000000021
513,0.01000000000000002
514,0.010000000000000018
515,0.010000000000000016
516,0.010000000000000016
517,0.010000000000000014
518,0.010000000000000012
519,0.010000000000000012
520,0.01000000000000001
521,0.010000000000000009
522,0.010000000000000009
523,0.010000000000000009
524,0.010000000000000009
525,0.010000000000000009
526,0.010000000000000009
527,0.010000000000000009
528,0.010000000000000009
529,0.010000000000000009
530,0.010000000000000009
531,0.010000000000000009
532,0.010000000000000009
533,0.010000000000000009
534,0.010000000000000009
535,0.010000000000000009
536,0.010000000000000009
537,0.010000000000000009
538,0.010000000000000009
539,0.010000000000000009
540,0.010000000000000009
541,0.010000000000000009
542,0.010000000000000009
543,0.010000000000000009
544,0.010000000000000009
545,0.010000000000000009
546,0.010000000000000009
547,0.010000000000000009
548,0.010000000000000009
549,0.010000000000000009
550,0.010000000000000009
551,0.010000000000000009
552,0.010000000000000009
553,0.010000000000000009
554,0.010000000000000009
555,0.010000000000000009
556,0.010000000000000009
557,0.010000000000000009
558,0.010000000000000009
559,0.010000000000000009
560,0.010000000000000009
561,0.010000000000000009
562,0.010000000000000009
563,0.010000000000000009
564,0.010000000000000009
565,0.010000000000000009
566,0.010000000000000009
567,0.010000000000000009
568,0.010000000000000009
569,0.010000000000000009
570,0.010000000000000009
571,0.010000000000000009
572,0.010000000000000009
573,0.010000000000000009
574,0.010000000000000009
575,0.010000000000000009
576,0.010000000000000009
577,0.010000000000000009
578,0.010000000000000009
579,0.010000000000000009
580,0.010000000000000009
581,0.010000000000000009
582,0.010000000000000009
583,0.010000000000000009
584,0.010000000000000009
585,0.010000000000000009
586,0.010000000000000009
587,0.010000000000000009
588,0.010000000000000009
589,0.010000000000000009
590,0.010000000000000009
591,0.010000000000000009
592,0.010000000000000009
593,0.010000000000000009
594,0.010000000000000009
595,0.010000000000000009
596,0.010000000000000009
597,0.010000000000000009
598,0.010000000000000009
599,0.010000000000000009
600,0.010000000000000009
601,0.010000000000000009
602,0.010000000000000009
603,0.010000000000000009
604,0.010000000000000009
605,0.010000000000000009
606,0.010000000000000009
607,0.010000000000000009
608,0.010000000000000009
609,0.010000000000000009
610,0.010000000000000009
611,0.010000000000000009
612,0.010000000000000009
613,0.010000000000000009
614,0.010000000000000009
615,0.010000000000000009
616,0.010000000000000009
617,0.010000000000000009
618,0.010000000000000009
619,0.010000000000000009
620,0.010000000000000009
621,0.010000000000000009
622,0.010000000000000009
623,0.010000000000000009
624,0.010000000000000009
625,0.010000000000000009
626,0.010000000000000009
627,0.010000000000000009
628,0.010000000000000009
629,0.010000000000000009
630,0.010000000000000009
631,0.010000000000000009
632,0.010000000000000009
633,0.010000000000000009
634,0.010000000000000009
635,0.010000000000000009
636,0.010000000000000009
637,0.010000000000000009
638,0.010000000000000009
639,0.010000000000000009
640,0.010000000000000009
641,0.010000000000000009
642,0.010000000000000009
643,0.010000000000000009
644,0.010000000000000009
645,0.010000000000000009
646,0.010000000000000009
647,0.010000000000000009
648,0.010000000000000009
649,0.010000000000000009
650,0.010000000000000009
651,0.010000000000000009
652,0.010000000000000009
653,0.010000000000000009
654,0.010000000000000009
655,0.010000000000000009
656,0.010000000000000009
657,0.010000000000000009
658,0.010000000000000009
659,0.010000000000000009
660,0.010000000000000009
661,0.010000000000000009
662,0.010000000000000009
663,0.010000000000000009
664,0.010000000000000009
665,0.010000000000000009
666,0.010000000000000009
667,0.010000000000000009
668,0.010000000000000009
669,0.010000000000000009
670,0.010000000000000009
671,0.010000000000000009
672,0.010000000000000009
673,0.010000000000000009
674,0.010000000000000009
675,0.010000000000000009
676,0.010000000000000009
677,0.010000000000000009
678,0.010000000000000009
679,0.010000000000000009
680,0.010000000000000009
681,0.010000000000000009
682,0.010000000000000009
683,0.010000000000000009
684,0.010000000000000009
685,0.010000000000000009
686,0.010000000000000009
687,0.010000000000000009
688,0.010000000000000009
689,0.010000000000000009
690,0.010000000000000009
691,0.010000000000000009
692,0.010000000000000009
693,0.010000000000000009
694,0.010000000000000009
695,0.010000000000000009
696,0.010000000000000009
697,0.010000000000000009
698,0.010000000000000009
699,0.010000000000000009
700,0.010000000000000009
701,0.010000000000000009
702,0.010000000000000009
703,0.010000000000000009
704,0.010000000000000009
705,0.010000000000000009
706,0.010000000000000009
707,0.010000000000000009
708,0.010000000000000009
709,0.010000000000000009
710,0.010000000000000009
711,0.010000000000000009
712,0.010000000000000009
713,0.010000000000000009
714,0.010000000000000009
715,0.010000000000000009
716,0.010000000000000009
717,0.010000000000000009
718,0.010000000000000009
719,0.010000000000000009
720,0.010000000000000009
721,0.010000000000000009
722,0.010000000000000009
723,0.010000000000000009
724,0.010000000000000009
725,0.010000000000000009
726,0.010000000000000009
727,0.010000000000000009
728,0.010000000000000009
729,0.010000000000000009
730,0.010000000000000009
731,0.010000000000000009
732,0.010000000000000009
733,0.010000000000000009
734,0.010000000000000009
735,0.010000000000000009
736,0.010000000000000009
737,0.010000000000000009
738,0.010000000000000009
739,0.010000000000000009
740,0.010000000000000009
741,0.010000000000000009
742,0.010000000000000009
743,0.010000000000000009
744,0.010000000000000009
745,0.010000000000000009
746,0.010000000000000009
747,0.010000000000000009
748,0.010000000000000009
749,0.010000000000000009
750,0.010000000000000009
751,0.010000000000000009
752,0.010000000000000009
753,0.010000000000000009
754,0.010000000000000009
755,0.010000000000000009
756,0.010000000000000009
757,0.010000000000000009
758,0.010000000000000009
759,0.010000000000000009
760,0.010000000000000009
761,0.010000000000000009
762,0.010000000000000009
763,0.010000000000000009
764,0.010000000000000009
765,0.010000000000000009
766,0.010000000000000009
767,0.010000000000000009
768,0.010000000000000009
769,0.010000000000000009
770,0.010000000000000009
771,0.010000000000000009
772,0.010000000000000009
773,0.010000000000000009
774,0.010000000000000009
775,0.010000000000000009
776,0.010000000000000009
777,0.010000000000000009
778,0.010000000000000009
779,0.010000000000000009
780,0.010000000000000009
781,0.010000000000000009
782,0.010000000000000009
783,0.010000000000000009
784,0.010000000000000009
785,0.010000000000000009
786,0.010000000000000009
787,0.010000000000000009
788,0.010000000000000009
789,0.010000000000000009
790,0.010000000000000009
791,0.010000000000000009
792,0.010000000000000009
793,0.010000000000000009
794,0.010000000000000009
795,0.010000000000000009
796,0.010000000000000009
797,0.010000000000000009
798,0.010000000000000009
799,0.010000000000000009
800,0.010000000000000009
801,0.010000000000000009
802,0.010000000000000009
803,0.010000000000000009
804,0.010000000000000009
805,0.010000000000000009
806,0.010000000000000009
807,0.010000000000000009
808,0.010000000000000009
809,0.010000000000000009
810,0.010000000000000009
811,0.010000000000000009
812,0.010000000000000009
813,0.010000000000000009
814,0.010000000000000009
815,0.010000000000000009
816,0.010000000000000009
817,0.010000000000000009
818,0.010000000000000009
819,0.010000000000000009
820,0.010000000000000009
821,0.010000000000000009
822,0.010000000000000009
823,0.010000000000000009
824,0.010000000000000009
825,0.010000000000000009
826,0.010000000000000009
827,0.010000000000000009
828,0.010000000000000009
829,0.010000000000000009
830,0.010000000000000009
831,0.010000000000000009
832,0.010000000000000009
833,0.010000000000000009
834,0.010000000000000009
835,0.010000000000000009
836,0.010000000000000009
837,0.010000000000000009
838,0.010000000000000009
839,0.010000000000000009
840,0.010000000000000009
841,0.010000000000000009
842,0.010000000000000009
843,0.010000000000000009
844,0.010000000000000009
845,0.010000000000000009
846,0.010000000000000009
847,0.010000000000000009
848,0.010000000000000009
849,0.010000000000000009
850,0.010000000000000009
851,0.010000000000000009
852,0.010000000000000009
853,0.010000000000000009
854,0.010000000000000009
855,0.010000000000000009
856,0.010000000000000009
857,0.010000000000000009
858,0.010000000000000009
859,0.010000000000000009
860,0.010000000000000009
861,0.010000000000000009
862,0.010000000000000009
863,0.010000000000000009
864,0.010000000000000009
865,0.010000000000000009
866,0.010000000000000009
867,0.010000000000000009
868,0.010000000000000009
869,0.010000000000000009
870,0.010000000000000009
871,0.010000000000000009
872,0.010000000000000009
873,0.010000000000000009
874,0.010000000000000009
875,0.010000000000000009
876,0.010000000000000009
877,0.010000000000000009
878,0.010000000000000009
879,0.010000000000000009
880,0.010000000000000009
881,0.010000000000000009
882,0.010000000000000009
883,0.010000000000000009
884,0.010000000000000009
885,0.010000000000000009
886,0.010000000000000009
887,0.010000000000000009
888,0.010000000000000009
889,0.010000000000000009
890,0.010000000000000009
891,0.010000000000000009
892,0.010000000000000009
893,0.010000000000000009
894,0.010000000000000009
895,0.010000000000000009
896,0.010000000000000009
897,0.010000000000000009
898,0.010000000000000009
899,0.010000000000000009
900,0.010000000000000009
901,0.010000000000000009
902,0.010000000000000009
903,0.010000000000000009
904,0.010000000000000009
905,0.010000000000000009
906,0.010000000000000009
907,0.010000000000000009
908,0.010000000000000009
909,0.010000000000000009
910,0.010000000000000009
911,0.010000000000000009
912,0.010000000000000009
913,0.010000000000000009
914,0.010000000000000009
915,0.010000000000000009
916,0.010000000000000009
917,0.010000000000000009
918,0.010000000000000009
919,0.010000000000000009
920,0.010000000000000009
921,0.010000000000000009
922,0.010000000000000009
923,0.010000000000000009
924,0.010000000000000009
925,0.010000000000000009
926,0.010000000000000009
927,0.010000000000000009
928,0.010000000000000009
929,0.010000000000000009
930,0.010000000000000009
931,0.010000000000000009
932,0.010000000000000009
933,0.010000000000000009
934,0.010000000000000009
935,0.010000000000000009
936,0.010000000000000009
937,0.010000000000000009
938,0.010000000000000009
939,0.010000000000000009
940,0.010000000000000009
941,0.010000000000000009
942,0.010000000000000009
943,0.010000000000000009
944,0.010000000000000009
945,0.010000000000000009
946,0.010000000000000009
947,0.010000000000000009
948,0.010000000000000009
949,0.010000000000000009
950,0.010000000000000009
951,0.010000000000000009
952,0.010000000000000009
953,0.010000000000000009
954,0.010000000000000009
955,0.010000000000000009
956,0.010000000000000009
957,0.010000000000000009
958,0.010000000000000009
959,0.010000000000000009
960,0.010000000000000009
961,0.010000000000000009
962,0.010000000000000009
963,0.010000000000000009
964,0.010000000000000009
965,0.010000000000000009
966,0.010000000000000009
967,0.010000000000000009
968,0.010000000000000009
969,0.010000000000000009
970,0.010000000000000009
971,0.010000000000000009
972,0.010000000000000009
973,0.010000000000000009
974,0.010000000000000009
975,0.010000000000000009
976,0.010000000000000009
977,0.010000000000000009
978,0.010000000000000009
979,0.010000000000000009
980,0.010000000000000009
981,0.010000000000000009
982,0.010000000000000009
983,0.010000000000000009
984,0.010000000000000009
985,0.010000000000000009
986,0.010000000000000009
987,0.010000000000000009
988,0.010000000000000009
989,0.010000000000000009
990,0.010000000000000009
991,0.010000000000000009
992,0.010000000000000009
993,0.010000000000000009
994,0.010000000000000009
995,0.010000000000000009
996,0.010000000000000009
997,0.010000000000000009
998,0.010000000000000009
999,0.010000000000000009
1000,0.010000000000000009
1001,0.010000000000000009
1002,0.010000000000000009
1003,0.010000000000000009
1004,0.010000000000000009
1005,0.010000000000000009
1006,0.010000000000000009
1007,0.010000000000000009
1008,0.010000000000000009
1009,0.010000000000000009
1010,0.010000000000000009
1011,0.010000000000000009
1012,0.010000000000000009
1013,0.010000000000000009
1014,0.010000000000000009
1015,0.010000000000000009
1016,0.010000000000000009
1017,0.010000000000000009
1018,0.010000000000000009
1019,0.010000000000000009
1020,0.010000000000000009
