0,1.0
1,0.9933891710071171
2,0.9847733116842156
3,0.9770062349221553
4,0.9702608277465383
5,0.9611815447607999
6,0.9506818109424424
7,0.9407632450165249
8,0.9335315320507103
9,0.9256232153782972
10,0.9179641932968584
11,0.9112700571178708
12,0.8990068520959024
13,0.8903371359410386
14,0.88035828014015
15,0.8735958931495874
16,0.8629534237499685
17,0.8574272061596397
18,0.8510111712081274
19,0.8451446497895784
20,0.8353478576707432
21,0.828443972578493
22,0.8205434455472019
23,0.8139241654321778
24,0.8047319938216364
25,0.7941536185063214
26,0.7878276290410641
27,0.7770906200838807
28,0.7655190096888225
29,0.7591243140642222
30,0.7527094683366821
31,0.7460550728185924
32,0.7388040792383042
33,0.730831165784063
34,0.7226603526188812
35,0.7135964329436596
36,0.7038840996185091
37,0.6959501401783292
38,0.6893285902541199
39,0.6815610603675091
40,0.6728872683861699
41,0.6675395689335398
42,0.657296813723545
43,0.6476598196660838
44,0.6402426746850182
45,0.6280101882286236
46,0.6204552212095852
47,0.6035995555572824
48,0.5954641451310864
49,0.5890593305963352
50,0.579811123211307
51,0.5717208077700375
52,0.5619762075748183
53,0.5561561605188603
54,0.5492638361781679
55,0.5422987772816489
56,0.5308723192643406
57,0.5233741636367822
58,0.5161863808811272
59,0.5083013144380419
60,0.49970586880581935
61,0.4923186248823116
62,0.48656538983267655
63,0.47848540244682
64,0.46646176657341337
65,0.46011582706793064
66,0.45199781698990543
67,0.44598373740720737
68,0.4370089371608315
69,0.4297271860200291
70,0.4146024350499408
71,0.4075039786110251
72,0.4017034087671806
73,0.3865703728780869
74,0.3802968358774366
75,0.3752583615805397
76,0.36488895691751017
77,0.3586626874166352
78,0.3475133088378181
79,0.3396412504038471
80,0.3336313123856119
81,0.3295152307078952
82,0.32469532329638934
83,0.3159754723829997
84,0.3073187938559418
85,0.30015200566649136
86,0.29281838517283393
87,0.2862220146120757
88,0.2829544531885189
89,0.2789982685942805
90,0.27557703337282835
91,0.2704484474458826
92,0.26345972714404897
93,0.2573254159810531
94,0.2496081649613246
95,0.24210850194348915
96,0.23664953893584295
97,0.23070013901145794
98,0.2258114140295762
99,0.2210731895273759
100,0.21619141639140155
101,0.2119671263121803
102,0.20658697281432636
103,0.2021170733299983
104,0.19219999240276636
105,0.1864266030474822
106,0.18162381219443638
107,0.17829273665387183
108,0.17515838839487388
109,0.16819128148943246
110,0.1656492289493244
111,0.1617910559292699
112,0.15727549421462259
113,0.15073869486636096
114,0.14672955765286497
115,0.14493658713114688
116,0.14189484062207727
117,0.13542462030878696
118,0.13123186397045217
119,0.12864133414977
120,0.12409197748438501
121,0.12229226070614378
122,0.12046568647866188
123,0.11799716136578246
124,0.1156366043306928
125,0.11339999804101539
126,0.11145394413379087
127,0.10871184438385326
128,0.10674754366659535
129,0.10525951872444486
130,0.10423625151130977
131,0.10271265168388936
132,0.10083139112791926
133,0.09913079905278482
134,0.0961082256718352
135,0.09452986831823727
136,0.09273187384964422
137,0.08660060256723813
138,0.08447808664528071
139,0.08356026065241524
140,0.08216859241325505
141,0.08032342394669544
142,0.0786488886282872
143,0.07780967901757364
144,0.07606274307729569
145,0.07491021083342672
146,0.07380330191267033
147,0.07163962601132763
148,0.07063698031200781
149,0.06870382832132524
150,0.06714574550590804
151,0.06616001030036718
152,0.06514714316221258
153,0.06462026365591396
154,0.06269944599844743
155,0.06072936545030197
156,0.058216676328062954
157,0.05631217766947145
158,0.05307337010362043
159,0.051566931825882734
160,0.049366096192428106
161,0.047713003036946214
162,0.046187181109751854
163,0.0440355287796521
164,0.0427566155473866
165,0.04129645846710693
166,0.038318206673046674
167,0.035623373009448234
168,0.034503229939549504
169,0.032472783237606564
170,0.030334215160797713
171,0.028399158743883865
172,0.02773437671265839
173,0.02720680496591378
174,0.0256130162776422
175,0.02495439061181979
176,0.02456330404407319
177,0.023177422429311832
178,0.021923424887307662
179,0.0214995159494209
180,0.020405192320337343
181,0.019415007353301636
182,0.018885359685603405
183,0.018069608298539992
184,0.01745589461574205
185,0.017237710615975628
186,0.016933778780262407
187,0.01627394248876516
188,0.01580607592861357
189,0.015253554752167438
190,0.014753612917461731
191,0.014485298027467664
192,0.014231281672929641
193,0.014039839417860021
194,0.013655397868136354
195,0.01330754076889865
196,0.012992786649378927
197,0.012707985344556519
198,0.012553091411467767
199,0.012366246496975895
200,0.012206494248547174
201,0.01205814469425148
202,0.012001115836294308
203,0.011810684486503412
204,0.011638375075645515
205,0.011482463073221557
206,0.011341388059507448
207,0.011213738108348985
208,0.011098235656130346
209,0.01099372471548801
210,0.01089915930580069
211,0.010813592984663703
212,0.010736169375575276
213,0.010682839761414532
214,0.010617858966650615
215,0.010573157313182598
216,0.010518614183388569
217,0.010469261518654141
218,0.010424605380922646
219,0.010384198836558223
220,0.010347637483283762
221,0.010314555402786998
222,0.010284621498487048
223,0.010257536181808545
224,0.010233028373798483
225,0.010210852792076938
226,0.01019078749596857
227,0.010172631665245747
228,0.01015620359025221
229,0.010141338853291758
230,0.010127888683080677
231,0.010115718465794739
232,0.010104706397808794
233,0.010094742266645156
234,0.010085726347930077
235,0.010077568407318703
236,0.010070186797399417
237,0.010063507640539102
238,0.010057464089490957
239,0.010051995658364784
240,0.01004704761726387
241,0.010042570444529785
242,0.010038519331112973
243,0.010034853732108735
244,0.010031536960970184
245,0.010028535822336962
246,0.01002582027980491
247,0.01002336315531164
248,0.010021139857129359
249,0.010019128133742578
250,0.01001730785114748
251,0.010015660791344036
252,0.010014170470004137
253,0.0100128219714909
254,0.010011601799577956
255,0.010010497742374688
256,0.01000949875010552
257,0.010008594824520047
258,0.010007776918827191
259,0.01000703684715187
260,0.010006367202608012
261,0.010005761283167946
262,0.010005213024586259
263,0.010004716939706788
264,0.010004268063545322
265,0.010003861903598362
266,0.010003494394880645
267,0.010003161859241402
268,0.010002860968552183
269,0.01000258871139784
270,0.010002342362937261
271,0.010002119457632254
272,0.010001917764571605
273,0.010001735265143372
274,0.010001570132831936
275,0.010001420714937622
276,0.010001285516035923
277,0.010001163183010787
278,0.010001052491512185
279,0.01000095233370239
280,0.01000086170716838
281,0.01000077970488934
282,0.0100007055061589
283,0.010000695211072635
284,0.010000629052991953
285,0.010000569190685047
286,0.010000515025029829
287,0.010000466013918213
288,0.010000421666830525
289,0.010000381539926204
290,0.010000345231601704
291,0.01000031237847111
292,0.010000282651729248
293,0.010000255753860897
294,0.010000231415663146
295,0.010000209393551134
296,0.010000189467120162
297,0.01000017143693981
298,0.010000155122557973
299,0.010000140360694834
300,0.010000127003608708
301,0.010000114917617384
302,0.010000104033764081
303,0.01000009413364248
304,0.010000085175642012
305,0.010000077070107997
306,0.010000069735917529
307,0.01000006309966756
308,0.010000057094940274
309,0.01000005166163834
310,0.010000046745383448
311,0.010000042296972064
312,0.010000038271882993
313,0.01000003462983179
314,0.010000031334367585
315,0.010000028352508262
316,0.01000002565441037
317,0.010000023213070442
318,0.010000021004054723
319,0.010000019005254645
320,0.010000017196665541
321,0.010000015560186447
322,0.01000001407943893
323,0.010000012739603168
324,0.010000011527269637
325,0.010000010430304896
326,0.010000009437730151
327,0.010000008539611383
328,0.010000007726959914
329,0.010000006991642458
330,0.01000000632629971
331,0.010000005724272695
332,0.010000005179536125
333,0.010000004686638093
334,0.010000004240645512
335,0.010000003837094736
336,0.010000003471946893
337,0.010000003141547463
338,0.010000002842589695
339,0.01000000257208152
340,0.010000002327315603
341,0.01000000210584224
342,0.010000001905444856
343,0.010000001724117804
344,0.010000001560046302
345,0.010000001411588268
346,0.010000001277257885
347,0.010000001155710727
348,0.01000000104573031
349,0.010000000946215913
350,0.010000000856171564
351,0.010000000774696068
352,0.010000000700973989
353,0.010000000634267495
354,0.010000000573908962
355,0.010000000519294304
356,0.010000000469876917
357,0.010000000425162216
358,0.010000000384702681
359,0.01000000034809338
360,0.010000000314967917
361,0.010000000284994757
362,0.01000000025787392
363,0.010000000233333972
364,0.010000000211129309
365,0.010000000191037698
366,0.010000000172858058
367,0.010000000156408438
368,0.010000000141524207
369,0.010000000128056399
370,0.010000000115870222
371,0.010000000104843712
372,0.010000000094866514
373,0.010000000085838772
374,0.010000000077670133
375,0.010000000070278842
376,0.010000000069378068
377,0.010000000062775872
378,0.010000000056801957
379,0.010000000051396537
380,0.01000000004650551
381,0.010000000042079925
382,0.010000000038075491
383,0.010000000034452129
384,0.010000000031173576
385,0.010000000028207019
386,0.010000000027798188
387,0.01000000002515284
388,0.01000000002275923
389,0.010000000020593404
390,0.010000000018633682
391,0.010000000016860452
392,0.010000000015255969
393,0.010000000013804172
394,0.010000000012490531
395,0.0100000000113019
396,0.010000000010226382
397,0.010000000009253213
398,0.010000000008372653
399,0.01000000000757589
400,0.010000000006854949
401,0.010000000006202615
402,0.010000000005612358
403,0.010000000005078271
404,0.01000000000459501
405,0.010000000004157737
406,0.010000000003762076
407,0.010000000003404067
408,0.010000000003080127
409,0.010000000002787014
410,0.010000000002521794
411,0.010000000002281814
412,0.01000000000206467
413,0.01000000000186819
414,0.010000000001690408
415,0.010000000001529544
416,0.010000000001383989
417,0.010000000001252285
418,0.010000000001133115
419,0.010000000001025284
420,0.010000000000927715
421,0.010000000000839431
422,0.010000000000759549
423,0.010000000000687268
424,0.010000000000621866
425,0.010000000000562687
426,0.01000000000050914
427,0.010000000000460689
428,0.010000000000416849
429,0.010000000000377181
430,0.010000000000341288
431,0.01000000000030881
432,0.010000000000290362
433,0.01000000000026273
434,0.010000000000237727
435,0.010000000000215104
436,0.010000000000194634
437,0.010000000000176113
438,0.010000000000159354
439,0.010000000000153735
440,0.010000000000139106
441,0.010000000000125868
442,0.01000000000011389
443,0.010000000000103051
444,0.010000000000093245
445,0.010000000000084372
446,0.010000000000076344
447,0.010000000000069079
448,0.010000000000062506
449,0.010000000000056557
450,0.010000000000051175
451,0.010000000000046305
452,0.010000000000041899
453,0.010000000000037913
454,0.010000000000034304
455,0.01000000000003104
456,0.010000000000028085
457,0.010000000000025412
458,0.010000000000022994
459,0.010000000000022373
460,0.010000000000020244
461,0.010000000000018317
462,0.010000000000016574
463,0.010000000000014997
464,0.01000000000001357
465,0.010000000000012279
466,0.01000000000001111
467,0.010000000000010053
468,0.010000000000009097
469,0.010000000000008231
470,0.010000000000007447
471,0.010000000000006738
472,0.010000000000006096
473,0.010000000000005517
474,0.010000000000004991
475,0.010000000000004516
476,0.010000000000004085
477,0.010000000000003697
478,0.010000000000003345
479,0.010000000000003291
480,0.010000000000002977
481,0.010000000000002694
482,0.010000000000002437
483,0.010000000000002405
484,0.010000000000002176
485,0.010000000000001969
486,0.010000000000001782
487,0.010000000000001763
488,0.010000000000001594
489,0.010000000000001443
490,0.010000000000001306
491,0.010000000000001182
492,0.010000000000001069
493,0.010000000000000966
494,0.010000000000000875
495,0.010000000000000791
496,0.010000000000000717
497,0.010000000000000649
498,0.01000000000000063
499,0.01000000000000057
500,0.010000000000000515
501,0.010000000000000467
502,0.010000000000000422
503,0.010000000000000382
504,0.010000000000000345
505,0.010000000000000312
506,0.010000000000000283
507,0.010000000000000255
508,0.010000000000000231
509,0.010000000000000208
510,0.01000000000000019
511,0.010000000000000172
512,0.010000000000000156
513,0.01000000000000014
514,0.010000000000000127
515,0.010000000000000115
516,0.010000000000000104
517,0.010000000000000094
518,0.010000000000000085
519,0.010000000000000077
520,0.01000000000000007
521,0.010000000000000063
522,0.010000000000000057
523,0.010000000000000052
524,0.010000000000000047
525,0.010000000000000045
526,0.010000000000000042
527,0.010000000000000038
528,0.010000000000000035
529,0.010000000000000031
530,0.010000000000000028
531,0.010000000000000024
532,0.010000000000000023
533,0.010000000000000021
534,0.01000000000000002
535,0.010000000000000018
536,0.010000000000000016
537,0.010000000000000014
538,0.010000000000000012
539,0.01000000000000001
540,0.010000000000000009
541,0.010000000000000009
542,0.010000000000000009
543,0.010000000000000009
544,0.010000000000000009
545,0.010000000000000009
546,0.010000000000000009
547,0.010000000000000009
548,0.010000000000000009
549,0.010000000000000009
550,0.010000000000000009
551,0.010000000000000009
552,0.010000000000000009
553,0.010000000000000009
554,0.010000000000000009
555,0.010000000000000009
556,0.010000000000000009
557,0.010000000000000009
558,0.010000000000000009
559,0.010000000000000009
560,0.010000000000000009
561,0.010000000000000009
562,0.010000000000000009
563,0.010000000000000009
564,0.010000000000000009
565,0.010000000000000009
566,0.010000000000000009
567,0.010000000000000009
568,0.010000000000000009
569,0.010000000000000009
570,0.010000000000000009
571,0.010000000000000009
572,0.010000000000000009
573,0.010000000000000009
574,0.010000000000000009
575,0.010000000000000009
576,0.010000000000000009
577,0.010000000000000009
578,0.010000000000000009
579,0.010000000000000009
580,0.010000000000000009
581,0.010000000000000009
582,0.010000000000000009
583,0.010000000000000009
584,0.010000000000000009
585,0.010000000000000009
586,0.010000000000000009
587,0.010000000000000009
588,0.010000000000000009
589,0.010000000000000009
590,0.010000000000000009
591,0.010000000000000009
592,0.010000000000000009
593,0.010000000000000009
594,0.010000000000000009
595,0.010000000000000009
596,0.010000000000000009
597,0.010000000000000009
598,0.010000000000000009
599,0.010000000000000009
600,0.010000000000000009
601,0.010000000000000009
602,0.010000000000000009
603,0.010000000000000009
604,0.010000000000000009
605,0.010000000000000009
606,0.010000000000000009
607,0.010000000000000009
608,0.010000000000000009
609,0.010000000000000009
610,0.010000000000000009
611,0.010000000000000009
612,0.010000000000000009
613,0.010000000000000009
614,0.010000000000000009
615,0.010000000000000009
616,0.010000000000000009
617,0.010000000000000009
618,0.010000000000000009
619,0.010000000000000009
620,0.010000000000000009
621,0.010000000000000009
622,0.010000000000000009
623,0.010000000000000009
624,0.010000000000000009
625,0.010000000000000009
626,0.010000000000000009
627,0.010000000000000009
628,0.010000000000000009
629,0.010000000000000009
630,0.010000000000000009
631,0.010000000000000009
632,0.010000000000000009
633,0.010000000000000009
634,0.010000000000000009
635,0.010000000000000009
636,0.010000000000000009
637,0.010000000000000009
638,0.010000000000000009
639,0.010000000000000009
640,0.010000000000000009
641,0.010000000000000009
642,0.010000000000000009
643,0.010000000000000009
644,0.010000000000000009
645,0.010000000000000009
646,0.010000000000000009
647,0.010000000000000009
648,0.010000000000000009
649,0.010000000000000009
650,0.010000000000000009
651,0.010000000000000009
652,0.010000000000000009
653,0.010000000000000009
654,0.010000000000000009
655,0.010000000000000009
656,0.010000000000000009
657,0.010000000000000009
658,0.010000000000000009
659,0.010000000000000009
660,0.010000000000000009
661,0.010000000000000009
662,0.010000000000000009
663,0.010000000000000009
664,0.010000000000000009
665,0.010000000000000009
666,0.010000000000000009
667,0.010000000000000009
668,0.010000000000000009
669,0.010000000000000009
670,0.010000000000000009
671,0.010000000000000009
672,0.010000000000000009
673,0.010000000000000009
674,0.010000000000000009
675,0.010000000000000009
676,0.010000000000000009
677,0.010000000000000009
678,0.010000000000000009
679,0.010000000000000009
680,0.010000000000000009
681,0.010000000000000009
682,0.010000000000000009
683,0.010000000000000009
684,0.010000000000000009
685,0.010000000000000009
686,0.010000000000000009
687,0.010000000000000009
688,0.010000000000000009
689,0.010000000000000009
690,0.010000000000000009
691,0.010000000000000009
692,0.010000000000000009
693,0.010000000000000009
694,0.010000000000000009
695,0.010000000000000009
696,0.010000000000000009
697,0.010000000000000009
698,0.010000000000000009
699,0.010000000000000009
700,0.010000000000000009
701,0.010000000000000009
702,0.010000000000000009
703,0.010000000000000009
704,0.010000000000000009
705,0.010000000000000009
706,0.010000000000000009
707,0.010000000000000009
708,0.010000000000000009
709,0.010000000000000009
710,0.010000000000000009
711,0.010000000000000009
712,0.010000000000000009
713,0.010000000000000009
714,0.010000000000000009
715,0.010000000000000009
716,0.010000000000000009
717,0.010000000000000009
718,0.010000000000000009
719,0.010000000000000009
720,0.010000000000000009
721,0.010000000000000009
722,0.010000000000000009
723,0.010000000000000009
724,0.010000000000000009
725,0.010000000000000009
726,0.010000000000000009
727,0.010000000000000009
728,0.010000000000000009
729,0.010000000000000009
730,0.010000000000000009
731,0.010000000000000009
732,0.010000000000000009
733,0.010000000000000009
734,0.010000000000000009
735,0.010000000000000009
736,0.010000000000000009
737,0.010000000000000009
738,0.010000000000000009
739,0.010000000000000009
740,0.010000000000000009
741,0.010000000000000009
742,0.010000000000000009
743,0.010000000000000009
744,0.010000000000000009
745,0.010000000000000009
746,0.010000000000000009
747,0.010000000000000009
748,0.010000000000000009
749,0.010000000000000009
750,0.010000000000000009
751,0.010000000000000009
752,0.010000000000000009
753,0.010000000000000009
754,0.010000000000000009
755,0.010000000000000009
756,0.010000000000000009
757,0.010000000000000009
758,0.010000000000000009
759,0.010000000000000009
760,0.010000000000000009
761,0.010000000000000009
762,0.010000000000000009
763,0.010000000000000009
764,0.010000000000000009
765,0.010000000000000009
766,0.010000000000000009
767,0.010000000000000009
768,0.010000000000000009
769,0.010000000000000009
770,0.010000000000000009
771,0.010000000000000009
772,0.010000000000000009
773,0.010000000000000009
774,0.010000000000000009
775,0.010000000000000009
776,0.010000000000000009
777,0.010000000000000009
778,0.010000000000000009
779,0.010000000000000009
780,0.010000000000000009
781,0.010000000000000009
782,0.010000000000000009
783,0.010000000000000009
784,0.010000000000000009
785,0.010000000000000009
786,0.010000000000000009
787,0.010000000000000009
788,0.010000000000000009
789,0.010000000000000009
790,0.010000000000000009
791,0.010000000000000009
792,0.010000000000000009
793,0.010000000000000009
794,0.010000000000000009
795,0.010000000000000009
796,0.010000000000000009
797,0.010000000000000009
798,0.010000000000000009
799,0.010000000000000009
800,0.010000000000000009
801,0.010000000000000009
802,0.010000000000000009
803,0.010000000000000009
804,0.010000000000000009
805,0.010000000000000009
806,0.010000000000000009
807,0.010000000000000009
808,0.010000000000000009
809,0.010000000000000009
810,0.010000000000000009
811,0.010000000000000009
812,0.010000000000000009
813,0.010000000000000009
814,0.010000000000000009
815,0.010000000000000009
816,0.010000000000000009
817,0.010000000000000009
818,0.010000000000000009
819,0.010000000000000009
820,0.010000000000000009
821,0.010000000000000009
822,0.010000000000000009
823,0.010000000000000009
824,0.010000000000000009
825,0.010000000000000009
826,0.010000000000000009
827,0.010000000000000009
828,0.010000000000000009
829,0.010000000000000009
830,0.010000000000000009
831,0.010000000000000009
832,0.010000000000000009
833,0.010000000000000009
834,0.010000000000000009
835,0.010000000000000009
836,0.010000000000000009
837,0.010000000000000009
838,0.010000000000000009
839,0.010000000000000009
840,0.010000000000000009
841,0.010000000000000009
842,0.010000000000000009
843,0.010000000000000009
844,0.010000000000000009
845,0.010000000000000009
846,0.010000000000000009
847,0.010000000000000009
848,0.010000000000000009
849,0.010000000000000009
850,0.010000000000000009
851,0.010000000000000009
852,0.010000000000000009
853,0.010000000000000009
854,0.010000000000000009
855,0.010000000000000009
856,0.010000000000000009
857,0.010000000000000009
858,0.010000000000000009
859,0.010000000000000009
860,0.010000000000000009
861,0.010000000000000009
862,0.010000000000000009
863,0.010000000000000009
864,0.010000000000000009
865,0.010000000000000009
866,0.010000000000000009
867,0.010000000000000009
868,0.010000000000000009
869,0.010000000000000009
870,0.010000000000000009
871,0.010000000000000009
872,0.010000000000000009
873,0.010000000000000009
874,0.010000000000000009
875,0.010000000000000009
876,0.010000000000000009
877,0.010000000000000009
878,0.010000000000000009
879,0.010000000000000009
880,0.010000000000000009
881,0.010000000000000009
882,0.010000000000000009
883,0.010000000000000009
884,0.010000000000000009
885,0.010000000000000009
886,0.010000000000000009
887,0.010000000000000009
888,0.010000000000000009
889,0.010000000000000009
890,0.010000000000000009
891,0.010000000000000009
892,0.010000000000000009
893,0.010000000000000009
894,0.010000000000000009
895,0.010000000000000009
896,0.010000000000000009
897,0.010000000000000009
898,0.010000000000000009
899,0.010000000000000009
900,0.010000000000000009
901,0.010000000000000009
902,0.010000000000000009
903,0.010000000000000009
904,0.010000000000000009
905,0.010000000000000009
906,0.010000000000000009
907,0.010000000000000009
908,0.010000000000000009
909,0.010000000000000009
910,0.010000000000000009
911,0.010000000000000009
912,0.010000000000000009
913,0.010000000000000009
914,0.010000000000000009
915,0.010000000000000009
916,0.010000000000000009
917,0.010000000000000009
918,0.010000000000000009
919,0.010000000000000009
920,0.010000000000000009
921,0.010000000000000009
922,0.010000000000000009
923,0.010000000000000009
924,0.010000000000000009
925,0.010000000000000009
926,0.010000000000000009
927,0.010000000000000009
928,0.010000000000000009
929,0.010000000000000009
930,0.010000000000000009
931,0.010000000000000009
932,0.010000000000000009
933,0.010000000000000009
934,0.010000000000000009
935,0.010000000000000009
936,0.010000000000000009
937,0.010000000000000009
938,0.010000000000000009
939,0.010000000000000009
940,0.010000000000000009
941,0.010000000000000009
942,0.010000000000000009
943,0.010000000000000009
944,0.010000000000000009
945,0.010000000000000009
946,0.010000000000000009
947,0.010000000000000009
948,0.010000000000000009
949,0.010000000000000009
950,0.010000000000000009
951,0.010000000000000009
952,0.010000000000000009
953,0.010000000000000009
954,0.010000000000000009
955,0.010000000000000009
956,0.010000000000000009
957,0.010000000000000009
958,0.010000000000000009
959,0.010000000000000009
960,0.010000000000000009
961,0.010000000000000009
962,0.010000000000000009
963,0.010000000000000009
964,0.010000000000000009
965,0.010000000000000009
966,0.010000000000000009
967,0.010000000000000009
968,0.010000000000000009
969,0.010000000000000009
970,0.010000000000000009
971,0.010000000000000009
972,0.010000000000000009
973,0.010000000000000009
974,0.010000000000000009
975,0.010000000000000009
976,0.010000000000000009
977,0.010000000000000009
978,0.010000000000000009
979,0.010000000000000009
980,0.010000000000000009
981,0.010000000000000009
982,0.010000000000000009
983,0.010000000000000009
984,0.010000000000000009
985,0.010000000000000009
986,0.010000000000000009
987,0.010000000000000009
988,0.010000000000000009
989,0.010000000000000009
990,0.010000000000000009
991,0.010000000000000009
992,0.010000000000000009
993,0.010000000000000009
994,0.010000000000000009
995,0.010000000000000009
996,0.010000000000000009
997,0.010000000000000009
998,0.010000000000000009
999,0.010000000000000009
1000,0.010000000000000009
1001,0.010000000000000009
1002,0.010000000000000009
1003,0.010000000000000009
1004,0.010000000000000009
1005,0.010000000000000009
1006,0.010000000000000009
1007,0.010000000000000009
1008,0.010000000000000009
1009,0.010000000000000009
1010,0.010000000000000009
1011,0.010000000000000009
1012,0.010000000000000009
1013,0.010000000000000009
1014,0.010000000000000009
1015,0.010000000000000009
1016,0.010000000000000009
1017,0.010000000000000009
1018,0.010000000000000009
1019,0.010000000000000009
1020,0.010000000000000009
1021,0.010000000000000009
1022,0.010000000000000009
1023,0.010000000000000009
1024,0.010000000000000009
1025,0.010000000000000009
1026,0.010000000000000009
1027,0.010000000000000009
1028,0.010000000000000009
1029,0.010000000000000009
1030,0.010000000000000009
1031,0.010000000000000009
1032,0.010000000000000009
1033,0.010000000000000009
1034,0.010000000000000009
1035,0.010000000000000009
1036,0.010000000000000009
1037,0.010000000000000009
1038,0.010000000000000009
1039,0.010000000000000009
1040,0.010000000000000009
1041,0.010000000000000009
1042,0.010000000000000009
1043,0.010000000000000009
1044,0.010000000000000009
1045,0.010000000000000009
1046,0.010000000000000009
1047,0.010000000000000009
1048,0.010000000000000009
1049,0.010000000000000009
1050,0.010000000000000009
1051,0.010000000000000009
1052,0.010000000000000009
1053,0.010000000000000009
1054,0.010000000000000009
1055,0.010000000000000009
1056,0.010000000000000009
1057,0.010000000000000009
1058,0.010000000000000009
1059,0.010000000000000009
1060,0.010000000000000009
1061,0.010000000000000009
1062,0.010000000000000009
1063,0.010000000000000009
1064,0.010000000000000009
1065,0.010000000000000009
1066,0.010000000000000009
1067,0.010000000000000009
1068,0.010000000000000009
1069,0.010000000000000009
1070,0.010000000000000009
1071,0.010000000000000009
1072,0.010000000000000009
1073,0.010000000000000009
1074,0.010000000000000009
1075,0.010000000000000009
1076,0.010000000000000009
1077,0.010000000000000009
1078,0.010000000000000009
1079,0.010000000000000009
1080,0.010000000000000009
1081,0.010000000000000009
1082,0.010000000000000009
1083,0.010000000000000009
1084,0.010000000000000009
1085,0.010000000000000009
1086,0.010000000000000009
1087,0.010000000000000009
1088,0.010000000000000009
1089,0.010000000000000009
1090,0.010000000000000009
1091,0.010000000000000009
1092,0.010000000000000009
1093,0.010000000000000009
1094,0.010000000000000009
1095,0.010000000000000009
1096,0.010000000000000009
1097,0.010000000000000009
1098,0.010000000000000009
1099,0.010000000000000009
1100,0.010000000000000009
1101,0.010000000000000009
1102,0.010000000000000009
1103,0.010000000000000009
1104,0.010000000000000009
1105,0.010000000000000009
1106,0.010000000000000009
1107,0.010000000000000009
1108,0.010000000000000009
1109,0.010000000000000009
1110,0.010000000000000009
1111,0.010000000000000009
1112,0.010000000000000009
1113,0.010000000000000009
1114,0.010000000000000009
1115,0.010000000000000009
1116,0.010000000000000009
1117,0.010000000000000009
1118,0.010000000000000009
1119,0.010000000000000009
1120,0.010000000000000009
1121,0.010000000000000009
1122,0.010000000000000009
1123,0.010000000000000009
1124,0.010000000000000009
1125,0.010000000000000009
1126,0.010000000000000009
1127,0.010000000000000009
1128,0.010000000000000009
1129,0.010000000000000009
1130,0.010000000000000009
1131,0.010000000000000009
1132,0.010000000000000009
1133,0.010000000000000009
1134,0.010000000000000009
1135,0.010000000000000009
1136,0.010000000000000009
1137,0.010000000000000009
1138,0.010000000000000009
1139,0.010000000000000009
1140,0.010000000000000009
1141,0.010000000000000009
1142,0.010000000000000009
1143,0.010000000000000009
1144,0.010000000000000009
1145,0.010000000000000009
1146,0.010000000000000009
1147,0.010000000000000009
1148,0.010000000000000009
1149,0.010000000000000009
1150,0.010000000000000009
1151,0.010000000000000009
1152,0.010000000000000009
1153,0.010000000000000009
1154,0.010000000000000009
1155,0.010000000000000009
1156,0.010000000000000009
1157,0.010000000000000009
1158,0.010000000000000009
1159,0.010000000000000009
1160,0.010000000000000009
1161,0.010000000000000009
1162,0.010000000000000009
1163,0.010000000000000009
1164,0.010000000000000009
1165,0.010000000000000009
1166,0.010000000000000009
1167,0.010000000000000009
1168,0.010000000000000009
1169,0.010000000000000009
1170,0.010000000000000009
1171,0.010000000000000009
1172,0.010000000000000009
1173,0.010000000000000009
1174,0.010000000000000009
1175,0.010000000000000009
1176,0.010000000000000009
1177,0.010000000000000009
1178,0.010000000000000009
1179,0.010000000000000009
1180,0.010000000000000009
1181,0.010000000000000009
1182,0.010000000000000009
1183,0.010000000000000009
1184,0.010000000000000009
1185,0.010000000000000009
1186,0.010000000000000009
1187,0.010000000000000009
1188,0.010000000000000009
1189,0.010000000000000009
1190,0.010000000000000009
1191,0.010000000000000009
1192,0.010000000000000009
1193,0.010000000000000009
1194,0.010000000000000009
1195,0.010000000000000009
1196,0.010000000000000009
1197,0.010000000000000009
1198,0.010000000000000009
1199,0.010000000000000009
1200,0.010000000000000009
1201,0.010000000000000009
1202,0.010000000000000009
1203,0.010000000000000009
1204,0.010000000000000009
1205,0.010000000000000009
1206,0.010000000000000009
1207,0.010000000000000009
1208,0.010000000000000009
1209,0.010000000000000009
1210,0.010000000000000009
1211,0.010000000000000009
1212,0.010000000000000009
1213,0.010000000000000009
1214,0.010000000000000009
1215,0.010000000000000009
1216,0.010000000000000009
1217,0.010000000000000009
1218,0.010000000000000009
1219,0.010000000000000009
1220,0.010000000000000009
1221,0.010000000000000009
1222,0.010000000000000009
1223,0.010000000000000009
1224,0.010000000000000009
1225,0.010000000000000009
1226,0.010000000000000009
1227,0.010000000000000009
1228,0.010000000000000009
1229,0.010000000000000009
1230,0.010000000000000009
1231,0.010000000000000009
1232,0.010000000000000009
1233,0.010000000000000009
1234,0.010000000000000009
1235,0.010000000000000009
1236,0.010000000000000009
1237,0.010000000000000009
1238,0.010000000000000009
1239,0.010000000000000009
1240,0.010000000000000009
1241,0.010000000000000009
1242,0.010000000000000009
1243,0.010000000000000009
1244,0.010000000000000009
1245,0.010000000000000009
1246,0.010000000000000009
1247,0.010000000000000009
1248,0.010000000000000009
1249,0.010000000000000009
1250,0.010000000000000009
1251,0.010000000000000009
1252,0.010000000000000009
1253,0.010000000000000009
1254,0.010000000000000009
1255,0.010000000000000009
1256,0.010000000000000009
1257,0.010000000000000009
1258,0.010000000000000009
1259,0.010000000000000009
1260,0.010000000000000009
1261,0.010000000000000009
1262,0.010000000000000009
1263,0.010000000000000009
1264,0.010000000000000009
1265,0.010000000000000009
1266,0.010000000000000009
1267,0.010000000000000009
1268,0.010000000000000009
1269,0.010000000000000009
1270,0.010000000000000009
1271,0.010000000000000009
1272,0.010000000000000009
1273,0.010000000000000009
1274,0.010000000000000009
1275,0.010000000000000009
1276,0.010000000000000009
1277,0.010000000000000009
1278,0.010000000000000009
1279,0.010000000000000009
1280,0.010000000000000009
1281,0.010000000000000009
1282,0.010000000000000009
1283,0.010000000000000009
1284,0.010000000000000009
1285,0.010000000000000009
1286,0.010000000000000009
1287,0.010000000000000009
1288,0.010000000000000009
1289,0.010000000000000009
1290,0.010000000000000009
1291,0.010000000000000009
1292,0.010000000000000009
1293,0.010000000000000009
1294,0.010000000000000009
1295,0.010000000000000009
1296,0.010000000000000009
1297,0.010000000000000009
1298,0.010000000000000009
1299,0.010000000000000009
1300,0.010000000000000009
1301,0.010000000000000009
1302,0.010000000000000009
1303,0.010000000000000009
1304,0.010000000000000009
1305,0.010000000000000009
1306,0.010000000000000009
1307,0.010000000000000009
1308,0.010000000000000009
1309,0.010000000000000009
1310,0.010000000000000009
1311,0.010000000000000009
1312,0.010000000000000009
1313,0.010000000000000009
1314,0.010000000000000009
1315,0.010000000000000009
1316,0.010000000000000009
1317,0.010000000000000009
1318,0.010000000000000009
1319,0.010000000000000009
1320,0.010000000000000009
1321,0.010000000000000009
1322,0.010000000000000009
1323,0.010000000000000009
1324,0.010000000000000009
1325,0.010000000000000009
1326,0.010000000000000009
1327,0.010000000000000009
1328,0.010000000000000009
1329,0.010000000000000009
1330,0.010000000000000009
1331,0.010000000000000009
1332,0.010000000000000009
1333,0.010000000000000009
1334,0.010000000000000009
1335,0.010000000000000009
1336,0.010000000000000009
1337,0.010000000000000009
1338,0.010000000000000009
1339,0.010000000000000009
1340,0.010000000000000009
1341,0.010000000000000009
1342,0.010000000000000009
1343,0.010000000000000009
1344,0.010000000000000009
1345,0.010000000000000009
1346,0.010000000000000009
1347,0.010000000000000009
1348,0.010000000000000009
1349,0.010000000000000009
