0,1.0
1,0.9869201736521848
2,0.9791359905111306
3,0.9670971898884415
4,0.9611815447608
5,0.9483330435975837
6,0.9409494162820344
7,0.9333468442136996
8,0.9237937989737507
9,0.9169659818012076
10,0.9062370503698228
11,0.8966984365211077
12,0.8890176201214011
13,0.8807064930901534
14,0.8710950929723545
15,0.8635507001689515
16,0.8579358150507447
17,0.8494147670470367
18,0.8438928718830323
19,0.8360910051088316
20,0.8247692490309657
21,0.8133616154318463
22,0.8035407894575279
23,0.7968242783582561
24,0.7907889970671578
25,0.7831746362042982
26,0.7754048757184151
27,0.7683196079364141
28,0.7559845899811202
29,0.747528656056273
30,0.7416519649147085
31,0.7291032453201399
32,0.7220904523272975
33,0.7164871001371336
34,0.7070136141935324
35,0.6993884795644825
36,0.6920513464972822
37,0.685129782747985
38,0.6755441276357358
39,0.6668823580248284
40,0.6604763516169064
41,0.6527172829182961
42,0.6458768694661594
43,0.6389205537810084
44,0.6329740989029882
45,0.6230245248995392
46,0.6129323148790949
47,0.6059191140229243
48,0.5941191249634075
49,0.5879601624086469
50,0.5758929596706658
51,0.5680256578468863
52,0.5595528475632009
53,0.5540302996161252
54,0.548401703930003
55,0.539167460962251
56,0.5269803898485693
57,0.5211202794981507
58,0.5076041807053068
59,0.503244474755877
60,0.4946393194930806
61,0.48837978347864824
62,0.48239001300525336
63,0.47647524016253395
64,0.4722957986988495
65,0.4668270820933966
66,0.45890215353142805
67,0.4536806039647661
68,0.44720620252443455
69,0.43624101241355423
70,0.42104592303332805
71,0.4141172033251436
72,0.40893757185358104
73,0.39990571096174343
74,0.38921561302736757
75,0.3835698280771545
76,0.37321863133088007
77,0.3639674441152864
78,0.3525799095790347
79,0.34212285416346777
80,0.33217824333728857
81,0.3253568778644869
82,0.31886520227588333
83,0.3067544244683148
84,0.29380998380629064
85,0.2838019248958662
86,0.27765663413253405
87,0.2734608929535928
88,0.2698241206638277
89,0.2650615639128064
90,0.2627763089105517
91,0.25619033176277334
92,0.2465134182546474
93,0.2405124659365707
94,0.2272404800926735
95,0.21920297294932614
96,0.2153477622569908
97,0.2107188039272282
98,0.20729596133007877
99,0.1994272305514565
100,0.196141091597232
101,0.1915270980530831
102,0.18704517803291099
103,0.1849508265208509
104,0.1791532219832954
105,0.17663485859807154
106,0.1721472613704836
107,0.1614271942037638
108,0.15903854192426584
109,0.15557696897421427
110,0.15191168721806544
111,0.14752489333112875
112,0.1437944869427195
113,0.1365332276857592
114,0.13291646067604812
115,0.13147457032384433
116,0.12646664734447435
117,0.12370472346582427
118,0.12145321908991243
119,0.11962932944381774
120,0.11520438091640901
121,0.11300782365171559
122,0.11048464634369452
123,0.10822933944887464
124,0.10567958407289378
125,0.1030656299943275
126,0.09931817040185321
127,0.09672176957757708
128,0.08846910207208428
129,0.08438132803936252
130,0.08122222674798044
131,0.0788551445233227
132,0.07230271118897616
133,0.06917534248983033
134,0.06370493749163897
135,0.061774872418634996
136,0.05998909807371725
137,0.05892580383684326
138,0.057756010966951474
139,0.05679165818512283
140,0.05579637516544023
141,0.054844679070536896
142,0.054005073897784445
143,0.05275580361004038
144,0.051750229284606056
145,0.051083432708858144
146,0.049893162493314755
147,0.049001688619516405
148,0.047803622944626596
149,0.0472110195966244
150,0.046375844551349334
151,0.04490063218154251
152,0.04437415394341482
153,0.04382516131423777
154,0.04329492367349914
155,0.042976821738540456
156,0.04263564001261353
157,0.042352941466299095
158,0.04175673862983373
159,0.04114971024078236
160,0.039198138087912594
161,0.03641956787892424
162,0.03390541358519158
163,0.03163051270550649
164,0.031191601406787263
165,0.02917495390096459
166,0.027350215778707346
167,0.025699124447572316
168,0.024205155230566544
169,0.022853355981625835
170,0.021630197439511376
171,0.0205234378224159
172,0.019522000308096765
173,0.018615862173315886
174,0.017795954483056837
175,0.017054071325575012
176,0.01638278768487479
177,0.015775385128653827
178,0.015225784567974406
179,0.014728485415698125
180,0.014278510534760981
181,0.01387135642531278
182,0.013502948152176937
183,0.013169598561529616
184,0.01286797137862495
185,0.01259504781723603
186,0.012348096366627703
187,0.012124645453679028
188,0.011922458706548771
189,0.01173951257231434
190,0.011573976064573999
191,0.01143032965135592
192,0.011294215788673165
193,0.0111710548726044
194,0.011059614267305794
195,0.01095877863774304
196,0.010918057681120153
197,0.01083069294179284
198,0.010751642056632529
199,0.010680113857810616
200,0.010626632486037261
201,0.010612690688488469
202,0.01055438546062658
203,0.01050162870879003
204,0.01047020098084048
205,0.010425455441461676
206,0.010384968003141532
207,0.010364257203856399
208,0.010339325635192135
209,0.010318607590619075
210,0.010314492497997128
211,0.010292732792553279
212,0.010273242648322438
213,0.010257742293187553
214,0.010239118733656136
215,0.01022517102444459
216,0.010215112301025278
217,0.010202362414712956
218,0.010183105084836393
219,0.010165680332192617
220,0.010149913764000507
221,0.01014003049525101
222,0.01012670483176922
223,0.01011697499828731
224,0.010113449774335119
225,0.010102653600886151
226,0.01009288481917792
227,0.01008549519898217
228,0.010082241514907973
229,0.010074415200004697
230,0.010067333657434879
231,0.010062337316181854
232,0.010057091784212246
233,0.010051658782617675
234,0.010046742799482658
235,0.010042294633995662
236,0.01003826976742141
237,0.010034627917542425
238,0.010033843948931085
239,0.01003172675153834
240,0.01002870755194462
241,0.01002787583604875
242,0.010025223099515944
243,0.01002282280424087
244,0.010021571224384827
245,0.01001951845097624
246,0.010017661024785404
247,0.010016610918533241
248,0.010015030180636824
249,0.010013599869840038
250,0.010012305671111686
251,0.010011134631675897
252,0.0100100750313764
253,0.010009116265377253
254,0.010008248738026084
255,0.010007463766817576
256,0.010006753495496038
257,0.010006110815427353
258,0.010005529294453381
259,0.010005003112516758
260,0.010004527003411806
261,0.010004096202078578
262,0.010003706396912535
263,0.010003353686612555
264,0.010003034541135407
265,0.010002745766365884
266,0.010002484472149038
267,0.010002248043364517
268,0.010002034113753583
269,0.010001840542236783
270,0.010001665391485316
271,0.010001506908531592
272,0.010001363507224942
273,0.01000123375235689
274,0.010001116345297104
275,0.010001010110996269
276,0.010000913986225794
277,0.010000827008936668
278,0.010000748308630947
279,0.01000067709764952
280,0.01000061266328895
281,0.0100005543606685
282,0.010000536901956288
283,0.010000485808979866
284,0.010000439578143
285,0.010000397746751937
286,0.010000359896144055
287,0.010000325647497747
288,0.010000294658041052
289,0.01000026661762107
290,0.010000241245599851
291,0.010000218288045683
292,0.010000197515191643
293,0.010000178719136029
294,0.010000161711761598
295,0.010000146322852831
296,0.010000132398392356
297,0.010000119799019491
298,0.01000010839863548
299,0.010000098083141446
300,0.010000088749296459
301,0.01000008030368426
302,0.010000072661778324
303,0.010000065747095888
304,0.010000059490432487
305,0.010000053829169329
306,0.010000048706646591
307,0.010000044071596343
308,0.010000039877629444
309,0.010000036082771262
310,0.010000032649041585
311,0.01000002954207449
312,0.010000026730774405
313,0.010000024187004894
314,0.010000021885307058
315,0.01000001980264473
316,0.01000001791817393
317,0.010000016213034235
318,0.010000014670160035
319,0.010000013274109728
320,0.010000012010911174
321,0.010000010867921854
322,0.010000009833702351
323,0.010000008897901844
324,0.010000008051154531
325,0.010000007284985879
326,0.010000006591727813
327,0.010000005964441975
328,0.010000005396850278
329,0.01000000488327207
330,0.010000004418567292
331,0.01000000399808502
332,0.010000003617616927
333,0.01000000327335516
334,0.01000000296185423
335,0.010000002679996536
336,0.010000002424961145
337,0.010000002194195582
338,0.010000001985390266
339,0.010000001796455401
340,0.010000001625500066
341,0.010000001470813284
342,0.010000001330846895
343,0.010000001204200068
344,0.010000001089605281
345,0.010000000985915629
346,0.010000000892093353
347,0.010000000807199446
348,0.010000000730384264
349,0.010000000660879011
350,0.010000000597988059
351,0.010000000541081971
352,0.010000000489591213
353,0.010000000443000449
354,0.010000000400843383
355,0.010000000362698092
356,0.010000000328182806
357,0.010000000296952083
358,0.010000000268693356
359,0.010000000243123803
360,0.010000000219987515
361,0.010000000199052934
362,0.010000000180110543
363,0.010000000162970759
364,0.010000000147462041
365,0.010000000133429172
366,0.010000000120731708
367,0.010000000109242567
368,0.010000000098846763
369,0.010000000089440249
370,0.010000000080928884
371,0.010000000073227482
372,0.010000000066258966
373,0.010000000059953591
374,0.010000000054248252
375,0.010000000049085848
376,0.010000000044414712
377,0.010000000040188093
378,0.01000000003636369
379,0.010000000032903227
380,0.01000000002977207
381,0.010000000026938884
382,0.01000000002437531
383,0.010000000022055693
384,0.010000000019956816
385,0.010000000018057674
386,0.010000000016339258
387,0.010000000014784372
388,0.010000000013377452
389,0.01000000001210442
390,0.010000000010952532
391,0.010000000009910262
392,0.010000000008967176
393,0.010000000008113836
394,0.010000000007341702
395,0.010000000006643047
396,0.010000000006010878
397,0.010000000005438867
398,0.01000000000492129
399,0.010000000004452966
400,0.01000000000402921
401,0.01000000000364578
402,0.010000000003298839
403,0.010000000002984913
404,0.01000000000270086
405,0.01000000000244384
406,0.010000000002211278
407,0.010000000002000848
408,0.010000000001810443
409,0.010000000001638157
410,0.010000000001482266
411,0.01000000000134121
412,0.010000000001213578
413,0.01000000000109809
414,0.010000000000993594
415,0.010000000000899041
416,0.010000000000885568
417,0.010000000000801295
418,0.010000000000725042
419,0.010000000000656045
420,0.010000000000607122
421,0.010000000000549347
422,0.01000000000049707
423,0.010000000000449767
424,0.010000000000406966
425,0.010000000000368239
426,0.010000000000333195
427,0.010000000000301488
428,0.010000000000272798
429,0.010000000000246837
430,0.010000000000223348
431,0.010000000000202094
432,0.010000000000182863
433,0.010000000000165462
434,0.010000000000149716
435,0.010000000000135468
436,0.010000000000122578
437,0.010000000000110913
438,0.01000000000010036
439,0.01000000000009081
440,0.01000000000008977
441,0.010000000000081227
442,0.010000000000073497
443,0.010000000000066503
444,0.010000000000060174
445,0.010000000000054448
446,0.010000000000049266
447,0.010000000000044577
448,0.010000000000040336
449,0.010000000000036497
450,0.010000000000033024
451,0.01000000000002988
452,0.010000000000027038
453,0.010000000000024465
454,0.010000000000022137
455,0.010000000000020031
456,0.010000000000018125
457,0.0100000000000164
458,0.010000000000014839
459,0.010000000000013427
460,0.010000000000012148
461,0.010000000000010993
462,0.010000000000009947
463,0.010000000000009
464,0.010000000000008143
465,0.010000000000007368
466,0.010000000000006667
467,0.010000000000006032
468,0.010000000000005458
469,0.010000000000004939
470,0.010000000000004469
471,0.010000000000004044
472,0.010000000000003659
473,0.01000000000000331
474,0.010000000000002994
475,0.01000000000000271
476,0.010000000000002451
477,0.010000000000002219
478,0.010000000000002007
479,0.010000000000001816
480,0.010000000000001643
481,0.010000000000001487
482,0.010000000000001345
483,0.010000000000001216
484,0.0100000000000011
485,0.010000000000000996
486,0.0100000000000009
487,0.010000000000000816
488,0.010000000000000737
489,0.010000000000000668
490,0.010000000000000604
491,0.010000000000000547
492,0.010000000000000495
493,0.010000000000000448
494,0.010000000000000404
495,0.010000000000000366
496,0.010000000000000332
497,0.0100000000000003
498,0.010000000000000273
499,0.010000000000000247
500,0.010000000000000222
501,0.010000000000000201
502,0.010000000000000182
503,0.010000000000000165
504,0.01000000000000015
505,0.010000000000000136
506,0.010000000000000123
507,0.010000000000000111
508,0.0100000000000001
509,0.01000000000000009
510,0.010000000000000082
511,0.01000000000000008
512,0.010000000000000073
513,0.010000000000000066
514,0.01000000000000006
515,0.010000000000000054
516,0.010000000000000049
517,0.010000000000000049
518,0.010000000000000049
519,0.010000000000000044
520,0.01000000000000004
521,0.010000000000000037
522,0.010000000000000033
523,0.010000000000000033
524,0.01000000000000003
525,0.01000000000000003
526,0.010000000000000026
527,0.010000000000000024
528,0.010000000000000023
529,0.010000000000000021
530,0.01000000000000002
531,0.010000000000000018
532,0.010000000000000016
533,0.010000000000000014
534,0.010000000000000012
535,0.010000000000000012
536,0.010000000000000012
537,0.01000000000000001
538,0.01000000000000001
539,0.010000000000000009
540,0.010000000000000009
541,0.010000000000000009
542,0.010000000000000009
543,0.010000000000000009
544,0.010000000000000009
545,0.010000000000000009
546,0.010000000000000009
547,0.010000000000000009
548,0.010000000000000009
549,0.010000000000000009
550,0.010000000000000009
551,0.010000000000000009
552,0.010000000000000009
553,0.010000000000000009
554,0.010000000000000009
555,0.010000000000000009
556,0.010000000000000009
557,0.010000000000000009
558,0.010000000000000009
559,0.010000000000000009
560,0.010000000000000009
561,0.010000000000000009
562,0.010000000000000009
563,0.010000000000000009
564,0.010000000000000009
565,0.010000000000000009
566,0.010000000000000009
567,0.010000000000000009
568,0.010000000000000009
569,0.010000000000000009
570,0.010000000000000009
571,0.010000000000000009
572,0.010000000000000009
573,0.010000000000000009
574,0.010000000000000009
575,0.010000000000000009
576,0.010000000000000009
577,0.010000000000000009
578,0.010000000000000009
579,0.010000000000000009
580,0.010000000000000009
581,0.010000000000000009
582,0.010000000000000009
583,0.010000000000000009
584,0.010000000000000009
585,0.010000000000000009
586,0.010000000000000009
587,0.010000000000000009
588,0.010000000000000009
589,0.010000000000000009
590,0.010000000000000009
591,0.010000000000000009
592,0.010000000000000009
593,0.010000000000000009
594,0.010000000000000009
595,0.010000000000000009
596,0.010000000000000009
597,0.010000000000000009
598,0.010000000000000009
599,0.010000000000000009
600,0.010000000000000009
601,0.010000000000000009
602,0.010000000000000009
603,0.010000000000000009
604,0.010000000000000009
605,0.010000000000000009
606,0.010000000000000009
607,0.010000000000000009
608,0.010000000000000009
609,0.010000000000000009
610,0.010000000000000009
611,0.010000000000000009
612,0.010000000000000009
613,0.010000000000000009
614,0.010000000000000009
615,0.010000000000000009
616,0.010000000000000009
617,0.010000000000000009
618,0.010000000000000009
619,0.010000000000000009
620,0.010000000000000009
621,0.010000000000000009
622,0.010000000000000009
623,0.010000000000000009
624,0.010000000000000009
625,0.010000000000000009
626,0.010000000000000009
627,0.010000000000000009
628,0.010000000000000009
629,0.010000000000000009
630,0.010000000000000009
631,0.010000000000000009
632,0.010000000000000009
633,0.010000000000000009
634,0.010000000000000009
635,0.010000000000000009
636,0.010000000000000009
637,0.010000000000000009
638,0.010000000000000009
639,0.010000000000000009
640,0.010000000000000009
641,0.010000000000000009
642,0.010000000000000009
643,0.010000000000000009
644,0.010000000000000009
645,0.010000000000000009
646,0.010000000000000009
647,0.010000000000000009
648,0.010000000000000009
649,0.010000000000000009
650,0.010000000000000009
651,0.010000000000000009
652,0.010000000000000009
653,0.010000000000000009
654,0.010000000000000009
655,0.010000000000000009
656,0.010000000000000009
657,0.010000000000000009
658,0.010000000000000009
659,0.010000000000000009
660,0.010000000000000009
661,0.010000000000000009
662,0.010000000000000009
663,0.010000000000000009
664,0.010000000000000009
665,0.010000000000000009
666,0.010000000000000009
667,0.010000000000000009
668,0.010000000000000009
669,0.010000000000000009
670,0.010000000000000009
671,0.010000000000000009
672,0.010000000000000009
673,0.010000000000000009
674,0.010000000000000009
675,0.010000000000000009
676,0.010000000000000009
677,0.010000000000000009
678,0.010000000000000009
679,0.010000000000000009
680,0.010000000000000009
681,0.010000000000000009
682,0.010000000000000009
683,0.010000000000000009
684,0.010000000000000009
685,0.010000000000000009
686,0.010000000000000009
687,0.010000000000000009
688,0.010000000000000009
689,0.010000000000000009
690,0.010000000000000009
691,0.010000000000000009
692,0.010000000000000009
693,0.010000000000000009
694,0.010000000000000009
695,0.010000000000000009
696,0.010000000000000009
697,0.010000000000000009
698,0.010000000000000009
699,0.010000000000000009
700,0.010000000000000009
701,0.010000000000000009
702,0.010000000000000009
703,0.010000000000000009
704,0.010000000000000009
705,0.010000000000000009
706,0.010000000000000009
707,0.010000000000000009
708,0.010000000000000009
709,0.010000000000000009
710,0.010000000000000009
711,0.010000000000000009
712,0.010000000000000009
713,0.010000000000000009
714,0.010000000000000009
715,0.010000000000000009
716,0.010000000000000009
717,0.010000000000000009
718,0.010000000000000009
719,0.010000000000000009
720,0.010000000000000009
721,0.010000000000000009
722,0.010000000000000009
723,0.010000000000000009
724,0.010000000000000009
725,0.010000000000000009
726,0.010000000000000009
727,0.010000000000000009
728,0.010000000000000009
729,0.010000000000000009
730,0.010000000000000009
731,0.010000000000000009
732,0.010000000000000009
733,0.010000000000000009
734,0.010000000000000009
735,0.010000000000000009
736,0.010000000000000009
737,0.010000000000000009
738,0.010000000000000009
739,0.010000000000000009
740,0.010000000000000009
741,0.010000000000000009
742,0.010000000000000009
743,0.010000000000000009
744,0.010000000000000009
745,0.010000000000000009
746,0.010000000000000009
747,0.010000000000000009
748,0.010000000000000009
749,0.010000000000000009
750,0.010000000000000009
751,0.010000000000000009
752,0.010000000000000009
753,0.010000000000000009
754,0.010000000000000009
755,0.010000000000000009
756,0.010000000000000009
757,0.010000000000000009
758,0.010000000000000009
759,0.010000000000000009
760,0.010000000000000009
761,0.010000000000000009
762,0.010000000000000009
763,0.010000000000000009
764,0.010000000000000009
765,0.010000000000000009
766,0.010000000000000009
767,0.010000000000000009
768,0.010000000000000009
769,0.010000000000000009
770,0.010000000000000009
771,0.010000000000000009
772,0.010000000000000009
773,0.010000000000000009
774,0.010000000000000009
775,0.010000000000000009
776,0.010000000000000009
777,0.010000000000000009
778,0.010000000000000009
779,0.010000000000000009
780,0.010000000000000009
781,0.010000000000000009
782,0.010000000000000009
783,0.010000000000000009
784,0.010000000000000009
785,0.010000000000000009
786,0.010000000000000009
787,0.010000000000000009
788,0.010000000000000009
789,0.010000000000000009
790,0.010000000000000009
791,0.010000000000000009
792,0.010000000000000009
793,0.010000000000000009
794,0.010000000000000009
795,0.010000000000000009
796,0.010000000000000009
797,0.010000000000000009
798,0.010000000000000009
799,0.010000000000000009
800,0.010000000000000009
801,0.010000000000000009
802,0.010000000000000009
803,0.010000000000000009
804,0.010000000000000009
805,0.010000000000000009
806,0.010000000000000009
807,0.010000000000000009
808,0.010000000000000009
809,0.010000000000000009
810,0.010000000000000009
811,0.010000000000000009
812,0.010000000000000009
813,0.010000000000000009
814,0.010000000000000009
815,0.010000000000000009
816,0.010000000000000009
817,0.010000000000000009
818,0.010000000000000009
819,0.010000000000000009
820,0.010000000000000009
821,0.010000000000000009
822,0.010000000000000009
823,0.010000000000000009
824,0.010000000000000009
825,0.010000000000000009
826,0.010000000000000009
827,0.010000000000000009
828,0.010000000000000009
829,0.010000000000000009
830,0.010000000000000009
831,0.010000000000000009
832,0.010000000000000009
833,0.010000000000000009
834,0.010000000000000009
835,0.010000000000000009
836,0.010000000000000009
837,0.010000000000000009
838,0.010000000000000009
839,0.010000000000000009
840,0.010000000000000009
841,0.010000000000000009
842,0.010000000000000009
843,0.010000000000000009
844,0.010000000000000009
845,0.010000000000000009
846,0.010000000000000009
847,0.010000000000000009
848,0.010000000000000009
849,0.010000000000000009
850,0.010000000000000009
851,0.010000000000000009
852,0.010000000000000009
853,0.010000000000000009
854,0.010000000000000009
855,0.010000000000000009
856,0.010000000000000009
857,0.010000000000000009
858,0.010000000000000009
859,0.010000000000000009
860,0.010000000000000009
861,0.010000000000000009
862,0.010000000000000009
863,0.010000000000000009
864,0.010000000000000009
865,0.010000000000000009
866,0.010000000000000009
867,0.010000000000000009
868,0.010000000000000009
869,0.010000000000000009
870,0.010000000000000009
871,0.010000000000000009
872,0.010000000000000009
873,0.010000000000000009
874,0.010000000000000009
875,0.010000000000000009
876,0.010000000000000009
877,0.010000000000000009
878,0.010000000000000009
879,0.010000000000000009
880,0.010000000000000009
881,0.010000000000000009
882,0.010000000000000009
883,0.010000000000000009
884,0.010000000000000009
885,0.010000000000000009
886,0.010000000000000009
887,0.010000000000000009
888,0.010000000000000009
889,0.010000000000000009
890,0.010000000000000009
891,0.010000000000000009
892,0.010000000000000009
893,0.010000000000000009
894,0.010000000000000009
895,0.010000000000000009
896,0.010000000000000009
897,0.010000000000000009
898,0.010000000000000009
899,0.010000000000000009
900,0.010000000000000009
901,0.010000000000000009
902,0.010000000000000009
903,0.010000000000000009
904,0.010000000000000009
905,0.010000000000000009
906,0.010000000000000009
907,0.010000000000000009
908,0.010000000000000009
909,0.010000000000000009
910,0.010000000000000009
911,0.010000000000000009
912,0.010000000000000009
913,0.010000000000000009
914,0.010000000000000009
915,0.010000000000000009
916,0.010000000000000009
917,0.010000000000000009
918,0.010000000000000009
919,0.010000000000000009
920,0.010000000000000009
921,0.010000000000000009
922,0.010000000000000009
923,0.010000000000000009
924,0.010000000000000009
925,0.010000000000000009
926,0.010000000000000009
927,0.010000000000000009
928,0.010000000000000009
929,0.010000000000000009
930,0.010000000000000009
931,0.010000000000000009
932,0.010000000000000009
933,0.010000000000000009
934,0.010000000000000009
935,0.010000000000000009
936,0.010000000000000009
937,0.010000000000000009
938,0.010000000000000009
939,0.010000000000000009
940,0.010000000000000009
941,0.010000000000000009
942,0.010000000000000009
943,0.010000000000000009
944,0.010000000000000009
945,0.010000000000000009
946,0.010000000000000009
947,0.010000000000000009
948,0.010000000000000009
949,0.010000000000000009
950,0.010000000000000009
951,0.010000000000000009
952,0.010000000000000009
953,0.010000000000000009
954,0.010000000000000009
955,0.010000000000000009
956,0.010000000000000009
957,0.010000000000000009
958,0.010000000000000009
959,0.010000000000000009
960,0.010000000000000009
961,0.010000000000000009
962,0.010000000000000009
963,0.010000000000000009
964,0.010000000000000009
965,0.010000000000000009
966,0.010000000000000009
967,0.010000000000000009
968,0.010000000000000009
969,0.010000000000000009
970,0.010000000000000009
971,0.010000000000000009
972,0.010000000000000009
973,0.010000000000000009
974,0.010000000000000009
975,0.010000000000000009
976,0.010000000000000009
977,0.010000000000000009
978,0.010000000000000009
979,0.010000000000000009
980,0.010000000000000009
981,0.010000000000000009
982,0.010000000000000009
983,0.010000000000000009
984,0.010000000000000009
985,0.010000000000000009
986,0.010000000000000009
987,0.010000000000000009
988,0.010000000000000009
989,0.010000000000000009
990,0.010000000000000009
991,0.010000000000000009
992,0.010000000000000009
993,0.010000000000000009
994,0.010000000000000009
995,0.010000000000000009
996,0.010000000000000009
997,0.010000000000000009
998,0.010000000000000009
999,0.010000000000000009
1000,0.010000000000000009
1001,0.010000000000000009
1002,0.010000000000000009
1003,0.010000000000000009
1004,0.010000000000000009
1005,0.010000000000000009
1006,0.010000000000000009
1007,0.010000000000000009
1008,0.010000000000000009
1009,0.010000000000000009
1010,0.010000000000000009
1011,0.010000000000000009
1012,0.010000000000000009
1013,0.010000000000000009
1014,0.010000000000000009
1015,0.010000000000000009
1016,0.010000000000000009
1017,0.010000000000000009
1018,0.010000000000000009
1019,0.010000000000000009
1020,0.010000000000000009
1021,0.010000000000000009
1022,0.010000000000000009
1023,0.010000000000000009
1024,0.010000000000000009
1025,0.010000000000000009
1026,0.010000000000000009
1027,0.010000000000000009
1028,0.010000000000000009
1029,0.010000000000000009
1030,0.010000000000000009
1031,0.010000000000000009
1032,0.010000000000000009
1033,0.010000000000000009
1034,0.010000000000000009
1035,0.010000000000000009
1036,0.010000000000000009
1037,0.010000000000000009
1038,0.010000000000000009
1039,0.010000000000000009
1040,0.010000000000000009
1041,0.010000000000000009
1042,0.010000000000000009
1043,0.010000000000000009
1044,0.010000000000000009
1045,0.010000000000000009
1046,0.010000000000000009
1047,0.010000000000000009
1048,0.010000000000000009
1049,0.010000000000000009
1050,0.010000000000000009
1051,0.010000000000000009
1052,0.010000000000000009
1053,0.010000000000000009
1054,0.010000000000000009
1055,0.010000000000000009
1056,0.010000000000000009
1057,0.010000000000000009
1058,0.010000000000000009
1059,0.010000000000000009
1060,0.010000000000000009
1061,0.010000000000000009
1062,0.010000000000000009
1063,0.010000000000000009
1064,0.010000000000000009
1065,0.010000000000000009
1066,0.010000000000000009
1067,0.010000000000000009
1068,0.010000000000000009
1069,0.010000000000000009
1070,0.010000000000000009
1071,0.010000000000000009
1072,0.010000000000000009
1073,0.010000000000000009
1074,0.010000000000000009
1075,0.010000000000000009
1076,0.010000000000000009
1077,0.010000000000000009
1078,0.010000000000000009
1079,0.010000000000000009
1080,0.010000000000000009
1081,0.010000000000000009
1082,0.010000000000000009
1083,0.010000000000000009
1084,0.010000000000000009
1085,0.010000000000000009
1086,0.010000000000000009
1087,0.010000000000000009
1088,0.010000000000000009
1089,0.010000000000000009
1090,0.010000000000000009
1091,0.010000000000000009
1092,0.010000000000000009
1093,0.010000000000000009
1094,0.010000000000000009
1095,0.010000000000000009
1096,0.010000000000000009
1097,0.010000000000000009
1098,0.010000000000000009
1099,0.010000000000000009
1100,0.010000000000000009
1101,0.010000000000000009
1102,0.010000000000000009
1103,0.010000000000000009
1104,0.010000000000000009
1105,0.010000000000000009
1106,0.010000000000000009
1107,0.010000000000000009
1108,0.010000000000000009
1109,0.010000000000000009
1110,0.010000000000000009
1111,0.010000000000000009
1112,0.010000000000000009
1113,0.010000000000000009
1114,0.010000000000000009
1115,0.010000000000000009
1116,0.010000000000000009
1117,0.010000000000000009
1118,0.010000000000000009
1119,0.010000000000000009
1120,0.010000000000000009
1121,0.010000000000000009
1122,0.010000000000000009
1123,0.010000000000000009
1124,0.010000000000000009
1125,0.010000000000000009
1126,0.010000000000000009
1127,0.010000000000000009
1128,0.010000000000000009
1129,0.010000000000000009
1130,0.010000000000000009
1131,0.010000000000000009
1132,0.010000000000000009
1133,0.010000000000000009
1134,0.010000000000000009
1135,0.010000000000000009
1136,0.010000000000000009
1137,0.010000000000000009
1138,0.010000000000000009
1139,0.010000000000000009
1140,0.010000000000000009
1141,0.010000000000000009
1142,0.010000000000000009
1143,0.010000000000000009
1144,0.010000000000000009
1145,0.010000000000000009
1146,0.010000000000000009
1147,0.010000000000000009
1148,0.010000000000000009
1149,0.010000000000000009
1150,0.010000000000000009
1151,0.010000000000000009
1152,0.010000000000000009
1153,0.010000000000000009
1154,0.010000000000000009
1155,0.010000000000000009
1156,0.010000000000000009
1157,0.010000000000000009
1158,0.010000000000000009
1159,0.010000000000000009
1160,0.010000000000000009
1161,0.010000000000000009
1162,0.010000000000000009
1163,0.010000000000000009
1164,0.010000000000000009
1165,0.010000000000000009
1166,0.010000000000000009
1167,0.010000000000000009
1168,0.010000000000000009
1169,0.010000000000000009
1170,0.010000000000000009
1171,0.010000000000000009
1172,0.010000000000000009
1173,0.010000000000000009
1174,0.010000000000000009
1175,0.010000000000000009
1176,0.010000000000000009
1177,0.010000000000000009
1178,0.010000000000000009
1179,0.010000000000000009
1180,0.010000000000000009
1181,0.010000000000000009
1182,0.010000000000000009
1183,0.010000000000000009
1184,0.010000000000000009
1185,0.010000000000000009
1186,0.010000000000000009
1187,0.010000000000000009
1188,0.010000000000000009
1189,0.010000000000000009
1190,0.010000000000000009
1191,0.010000000000000009
1192,0.010000000000000009
1193,0.010000000000000009
1194,0.010000000000000009
1195,0.010000000000000009
1196,0.010000000000000009
1197,0.010000000000000009
1198,0.010000000000000009
1199,0.010000000000000009
1200,0.010000000000000009
1201,0.010000000000000009
1202,0.010000000000000009
1203,0.010000000000000009
1204,0.010000000000000009
1205,0.010000000000000009
1206,0.010000000000000009
1207,0.010000000000000009
1208,0.010000000000000009
1209,0.010000000000000009
1210,0.010000000000000009
1211,0.010000000000000009
1212,0.010000000000000009
1213,0.010000000000000009
1214,0.010000000000000009
1215,0.010000000000000009
1216,0.010000000000000009
1217,0.010000000000000009
1218,0.010000000000000009
1219,0.010000000000000009
1220,0.010000000000000009
1221,0.010000000000000009
1222,0.010000000000000009
1223,0.010000000000000009
1224,0.010000000000000009
1225,0.010000000000000009
1226,0.010000000000000009
1227,0.010000000000000009
1228,0.010000000000000009
1229,0.010000000000000009
1230,0.010000000000000009
1231,0.010000000000000009
1232,0.010000000000000009
1233,0.010000000000000009
1234,0.010000000000000009
1235,0.010000000000000009
1236,0.010000000000000009
1237,0.010000000000000009
1238,0.010000000000000009
1239,0.010000000000000009
1240,0.010000000000000009
1241,0.010000000000000009
1242,0.010000000000000009
1243,0.010000000000000009
1244,0.010000000000000009
1245,0.010000000000000009
1246,0.010000000000000009
1247,0.010000000000000009
1248,0.010000000000000009
1249,0.010000000000000009
1250,0.010000000000000009
1251,0.010000000000000009
1252,0.010000000000000009
1253,0.010000000000000009
1254,0.010000000000000009
1255,0.010000000000000009
1256,0.010000000000000009
1257,0.010000000000000009
1258,0.010000000000000009
1259,0.010000000000000009
1260,0.010000000000000009
1261,0.010000000000000009
1262,0.010000000000000009
1263,0.010000000000000009
1264,0.010000000000000009
1265,0.010000000000000009
1266,0.010000000000000009
1267,0.010000000000000009
1268,0.010000000000000009
1269,0.010000000000000009
1270,0.010000000000000009
1271,0.010000000000000009
1272,0.010000000000000009
1273,0.010000000000000009
1274,0.010000000000000009
1275,0.010000000000000009
1276,0.010000000000000009
1277,0.010000000000000009
1278,0.010000000000000009
1279,0.010000000000000009
1280,0.010000000000000009
1281,0.010000000000000009
1282,0.010000000000000009
1283,0.010000000000000009
1284,0.010000000000000009
1285,0.010000000000000009
1286,0.010000000000000009
1287,0.010000000000000009
1288,0.010000000000000009
1289,0.010000000000000009
1290,0.010000000000000009
1291,0.010000000000000009
1292,0.010000000000000009
1293,0.010000000000000009
1294,0.010000000000000009
1295,0.010000000000000009
1296,0.010000000000000009
1297,0.010000000000000009
1298,0.010000000000000009
1299,0.010000000000000009
1300,0.010000000000000009
1301,0.010000000000000009
1302,0.010000000000000009
1303,0.010000000000000009
1304,0.010000000000000009
1305,0.010000000000000009
1306,0.010000000000000009
1307,0.010000000000000009
1308,0.010000000000000009
1309,0.010000000000000009
1310,0.010000000000000009
1311,0.010000000000000009
1312,0.010000000000000009
1313,0.010000000000000009
1314,0.010000000000000009
1315,0.010000000000000009
1316,0.010000000000000009
1317,0.010000000000000009
1318,0.010000000000000009
1319,0.010000000000000009
1320,0.010000000000000009
1321,0.010000000000000009
1322,0.010000000000000009
1323,0.010000000000000009
1324,0.010000000000000009
1325,0.010000000000000009
1326,0.010000000000000009
1327,0.010000000000000009
1328,0.010000000000000009
1329,0.010000000000000009
1330,0.010000000000000009
1331,0.010000000000000009
1332,0.010000000000000009
1333,0.010000000000000009
1334,0.010000000000000009
1335,0.010000000000000009
1336,0.010000000000000009
1337,0.010000000000000009
1338,0.010000000000000009
1339,0.010000000000000009
1340,0.010000000000000009
1341,0.010000000000000009
1342,0.010000000000000009
1343,0.010000000000000009
1344,0.010000000000000009
1345,0.010000000000000009
1346,0.010000000000000009
1347,0.010000000000000009
1348,0.010000000000000009
1349,0.010000000000000009
1350,0.010000000000000009
1351,0.010000000000000009
1352,0.010000000000000009
1353,0.010000000000000009
1354,0.010000000000000009
1355,0.010000000000000009
1356,0.010000000000000009
1357,0.010000000000000009
1358,0.010000000000000009
1359,0.010000000000000009
1360,0.010000000000000009
1361,0.010000000000000009
1362,0.010000000000000009
1363,0.010000000000000009
1364,0.010000000000000009
1365,0.010000000000000009
1366,0.010000000000000009
1367,0.010000000000000009
1368,0.010000000000000009
1369,0.010000000000000009
1370,0.010000000000000009
1371,0.010000000000000009
1372,0.010000000000000009
1373,0.010000000000000009
1374,0.010000000000000009
1375,0.010000000000000009
1376,0.010000000000000009
1377,0.010000000000000009
1378,0.010000000000000009
1379,0.010000000000000009
1380,0.010000000000000009
1381,0.010000000000000009
1382,0.010000000000000009
1383,0.010000000000000009
1384,0.010000000000000009
1385,0.010000000000000009
1386,0.010000000000000009
1387,0.010000000000000009
1388,0.010000000000000009
1389,0.010000000000000009
1390,0.010000000000000009
1391,0.010000000000000009
1392,0.010000000000000009
1393,0.010000000000000009
1394,0.010000000000000009
1395,0.010000000000000009
1396,0.010000000000000009
1397,0.010000000000000009
1398,0.010000000000000009
1399,0.010000000000000009
1400,0.010000000000000009
1401,0.010000000000000009
1402,0.010000000000000009
1403,0.010000000000000009
1404,0.010000000000000009
1405,0.010000000000000009
1406,0.010000000000000009
1407,0.010000000000000009
1408,0.010000000000000009
1409,0.010000000000000009
1410,0.010000000000000009
1411,0.010000000000000009
1412,0.010000000000000009
1413,0.010000000000000009
1414,0.010000000000000009
1415,0.010000000000000009
1416,0.010000000000000009
1417,0.010000000000000009
1418,0.010000000000000009
1419,0.010000000000000009
1420,0.010000000000000009
1421,0.010000000000000009
1422,0.010000000000000009
1423,0.010000000000000009
1424,0.010000000000000009
1425,0.010000000000000009
1426,0.010000000000000009
1427,0.010000000000000009
1428,0.010000000000000009
1429,0.010000000000000009
1430,0.010000000000000009
1431,0.010000000000000009
1432,0.010000000000000009
1433,0.010000000000000009
1434,0.010000000000000009
1435,0.010000000000000009
1436,0.010000000000000009
1437,0.010000000000000009
1438,0.010000000000000009
1439,0.010000000000000009
1440,0.010000000000000009
1441,0.010000000000000009
1442,0.010000000000000009
1443,0.010000000000000009
1444,0.010000000000000009
1445,0.010000000000000009
1446,0.010000000000000009
1447,0.010000000000000009
1448,0.010000000000000009
1449,0.010000000000000009
1450,0.010000000000000009
1451,0.010000000000000009
1452,0.010000000000000009
1453,0.010000000000000009
1454,0.010000000000000009
1455,0.010000000000000009
1456,0.010000000000000009
1457,0.010000000000000009
1458,0.010000000000000009
1459,0.010000000000000009
1460,0.010000000000000009
1461,0.010000000000000009
1462,0.010000000000000009
1463,0.010000000000000009
1464,0.010000000000000009
1465,0.010000000000000009
1466,0.010000000000000009
1467,0.010000000000000009
1468,0.010000000000000009
1469,0.010000000000000009
1470,0.010000000000000009
1471,0.010000000000000009
1472,0.010000000000000009
1473,0.010000000000000009
1474,0.010000000000000009
1475,0.010000000000000009
1476,0.010000000000000009
1477,0.010000000000000009
1478,0.010000000000000009
1479,0.010000000000000009
1480,0.010000000000000009
1481,0.010000000000000009
1482,0.010000000000000009
1483,0.010000000000000009
1484,0.010000000000000009
1485,0.010000000000000009
1486,0.010000000000000009
1487,0.010000000000000009
1488,0.010000000000000009
1489,0.010000000000000009
1490,0.010000000000000009
1491,0.010000000000000009
1492,0.010000000000000009
1493,0.010000000000000009
1494,0.010000000000000009
1495,0.010000000000000009
1496,0.010000000000000009
1497,0.010000000000000009
1498,0.010000000000000009
1499,0.010000000000000009
1500,0.010000000000000009
1501,0.010000000000000009
1502,0.010000000000000009
1503,0.010000000000000009
1504,0.010000000000000009
1505,0.010000000000000009
1506,0.010000000000000009
1507,0.010000000000000009
1508,0.010000000000000009
1509,0.010000000000000009
1510,0.010000000000000009
1511,0.010000000000000009
1512,0.010000000000000009
1513,0.010000000000000009
1514,0.010000000000000009
1515,0.010000000000000009
1516,0.010000000000000009
1517,0.010000000000000009
1518,0.010000000000000009
1519,0.010000000000000009
1520,0.010000000000000009
1521,0.010000000000000009
1522,0.010000000000000009
1523,0.010000000000000009
1524,0.010000000000000009
1525,0.010000000000000009
1526,0.010000000000000009
1527,0.010000000000000009
1528,0.010000000000000009
1529,0.010000000000000009
1530,0.010000000000000009
1531,0.010000000000000009
1532,0.010000000000000009
1533,0.010000000000000009
1534,0.010000000000000009
1535,0.010000000000000009
1536,0.010000000000000009
1537,0.010000000000000009
1538,0.010000000000000009
1539,0.010000000000000009
1540,0.010000000000000009
1541,0.010000000000000009
1542,0.010000000000000009
1543,0.010000000000000009
1544,0.010000000000000009
1545,0.010000000000000009
1546,0.010000000000000009
1547,0.010000000000000009
1548,0.010000000000000009
1549,0.010000000000000009
1550,0.010000000000000009
1551,0.010000000000000009
1552,0.010000000000000009
1553,0.010000000000000009
1554,0.010000000000000009
1555,0.010000000000000009
1556,0.010000000000000009
1557,0.010000000000000009
1558,0.010000000000000009
1559,0.010000000000000009
1560,0.010000000000000009
1561,0.010000000000000009
1562,0.010000000000000009
1563,0.010000000000000009
1564,0.010000000000000009
1565,0.010000000000000009
1566,0.010000000000000009
1567,0.010000000000000009
1568,0.010000000000000009
1569,0.010000000000000009
1570,0.010000000000000009
1571,0.010000000000000009
1572,0.010000000000000009
1573,0.010000000000000009
1574,0.010000000000000009
1575,0.010000000000000009
1576,0.010000000000000009
1577,0.010000000000000009
1578,0.010000000000000009
1579,0.010000000000000009
1580,0.010000000000000009
1581,0.010000000000000009
1582,0.010000000000000009
1583,0.010000000000000009
1584,0.010000000000000009
1585,0.010000000000000009
1586,0.010000000000000009
1587,0.010000000000000009
1588,0.010000000000000009
1589,0.010000000000000009
1590,0.010000000000000009
1591,0.010000000000000009
1592,0.010000000000000009
1593,0.010000000000000009
1594,0.010000000000000009
1595,0.010000000000000009
1596,0.010000000000000009
1597,0.010000000000000009
1598,0.010000000000000009
1599,0.010000000000000009
1600,0.010000000000000009
1601,0.010000000000000009
1602,0.010000000000000009
1603,0.010000000000000009
1604,0.010000000000000009
1605,0.010000000000000009
1606,0.010000000000000009
1607,0.010000000000000009
1608,0.010000000000000009
1609,0.010000000000000009
1610,0.010000000000000009
1611,0.010000000000000009
1612,0.010000000000000009
1613,0.010000000000000009
1614,0.010000000000000009
1615,0.010000000000000009
1616,0.010000000000000009
1617,0.010000000000000009
1618,0.010000000000000009
1619,0.010000000000000009
1620,0.010000000000000009
1621,0.010000000000000009
1622,0.010000000000000009
1623,0.010000000000000009
1624,0.010000000000000009
1625,0.010000000000000009
1626,0.010000000000000009
1627,0.010000000000000009
1628,0.010000000000000009
1629,0.010000000000000009
1630,0.010000000000000009
1631,0.010000000000000009
1632,0.010000000000000009
1633,0.010000000000000009
1634,0.010000000000000009
1635,0.010000000000000009
1636,0.010000000000000009
1637,0.010000000000000009
1638,0.010000000000000009
1639,0.010000000000000009
1640,0.010000000000000009
1641,0.010000000000000009
1642,0.010000000000000009
1643,0.010000000000000009
1644,0.010000000000000009
1645,0.010000000000000009
1646,0.010000000000000009
1647,0.010000000000000009
1648,0.010000000000000009
1649,0.010000000000000009
1650,0.010000000000000009
1651,0.010000000000000009
1652,0.010000000000000009
1653,0.010000000000000009
1654,0.010000000000000009
1655,0.010000000000000009
1656,0.010000000000000009
1657,0.010000000000000009
1658,0.010000000000000009
1659,0.010000000000000009
1660,0.010000000000000009
1661,0.010000000000000009
1662,0.010000000000000009
1663,0.010000000000000009
1664,0.010000000000000009
1665,0.010000000000000009
1666,0.010000000000000009
1667,0.010000000000000009
1668,0.010000000000000009
1669,0.010000000000000009
1670,0.010000000000000009
1671,0.010000000000000009
1672,0.010000000000000009
1673,0.010000000000000009
1674,0.010000000000000009
1675,0.010000000000000009
1676,0.010000000000000009
1677,0.010000000000000009
1678,0.010000000000000009
1679,0.010000000000000009
1680,0.010000000000000009
1681,0.010000000000000009
1682,0.010000000000000009
1683,0.010000000000000009
1684,0.010000000000000009
1685,0.010000000000000009
1686,0.010000000000000009
1687,0.010000000000000009
1688,0.010000000000000009
1689,0.010000000000000009
1690,0.010000000000000009
1691,0.010000000000000009
1692,0.010000000000000009
1693,0.010000000000000009
1694,0.010000000000000009
1695,0.010000000000000009
1696,0.010000000000000009
1697,0.010000000000000009
1698,0.010000000000000009
1699,0.010000000000000009
1700,0.010000000000000009
1701,0.010000000000000009
1702,0.010000000000000009
1703,0.010000000000000009
1704,0.010000000000000009
1705,0.010000000000000009
1706,0.010000000000000009
1707,0.010000000000000009
1708,0.010000000000000009
1709,0.010000000000000009
1710,0.010000000000000009
1711,0.010000000000000009
1712,0.010000000000000009
1713,0.010000000000000009
1714,0.010000000000000009
1715,0.010000000000000009
1716,0.010000000000000009
1717,0.010000000000000009
1718,0.010000000000000009
1719,0.010000000000000009
1720,0.010000000000000009
1721,0.010000000000000009
1722,0.010000000000000009
1723,0.010000000000000009
1724,0.010000000000000009
1725,0.010000000000000009
1726,0.010000000000000009
1727,0.010000000000000009
1728,0.010000000000000009
1729,0.010000000000000009
1730,0.010000000000000009
1731,0.010000000000000009
1732,0.010000000000000009
1733,0.010000000000000009
1734,0.010000000000000009
1735,0.010000000000000009
1736,0.010000000000000009
1737,0.010000000000000009
1738,0.010000000000000009
1739,0.010000000000000009
1740,0.010000000000000009
1741,0.010000000000000009
1742,0.010000000000000009
1743,0.010000000000000009
1744,0.010000000000000009
1745,0.010000000000000009
1746,0.010000000000000009
1747,0.010000000000000009
1748,0.010000000000000009
1749,0.010000000000000009
1750,0.010000000000000009
1751,0.010000000000000009
1752,0.010000000000000009
1753,0.010000000000000009
1754,0.010000000000000009
1755,0.010000000000000009
1756,0.010000000000000009
1757,0.010000000000000009
1758,0.010000000000000009
1759,0.010000000000000009
1760,0.010000000000000009
1761,0.010000000000000009
1762,0.010000000000000009
1763,0.010000000000000009
1764,0.010000000000000009
1765,0.010000000000000009
1766,0.010000000000000009
1767,0.010000000000000009
1768,0.010000000000000009
1769,0.010000000000000009
1770,0.010000000000000009
1771,0.010000000000000009
1772,0.010000000000000009
1773,0.010000000000000009
1774,0.010000000000000009
1775,0.010000000000000009
1776,0.010000000000000009
1777,0.010000000000000009
1778,0.010000000000000009
1779,0.010000000000000009
1780,0.010000000000000009
1781,0.010000000000000009
1782,0.010000000000000009
1783,0.010000000000000009
1784,0.010000000000000009
1785,0.010000000000000009
1786,0.010000000000000009
1787,0.010000000000000009
1788,0.010000000000000009
1789,0.010000000000000009
1790,0.010000000000000009
1791,0.010000000000000009
1792,0.010000000000000009
1793,0.010000000000000009
1794,0.010000000000000009
1795,0.010000000000000009
1796,0.010000000000000009
1797,0.010000000000000009
1798,0.010000000000000009
1799,0.010000000000000009
1800,0.010000000000000009
1801,0.010000000000000009
1802,0.010000000000000009
1803,0.010000000000000009
1804,0.010000000000000009
1805,0.010000000000000009
1806,0.010000000000000009
1807,0.010000000000000009
1808,0.010000000000000009
1809,0.010000000000000009
1810,0.010000000000000009
1811,0.010000000000000009
1812,0.010000000000000009
1813,0.010000000000000009
1814,0.010000000000000009
1815,0.010000000000000009
1816,0.010000000000000009
1817,0.010000000000000009
1818,0.010000000000000009
1819,0.010000000000000009
1820,0.010000000000000009
1821,0.010000000000000009
1822,0.010000000000000009
1823,0.010000000000000009
1824,0.010000000000000009
1825,0.010000000000000009
1826,0.010000000000000009
1827,0.010000000000000009
1828,0.010000000000000009
1829,0.010000000000000009
1830,0.010000000000000009
1831,0.010000000000000009
1832,0.010000000000000009
1833,0.010000000000000009
1834,0.010000000000000009
1835,0.010000000000000009
1836,0.010000000000000009
1837,0.010000000000000009
1838,0.010000000000000009
1839,0.010000000000000009
1840,0.010000000000000009
1841,0.010000000000000009
1842,0.010000000000000009
1843,0.010000000000000009
1844,0.010000000000000009
1845,0.010000000000000009
1846,0.010000000000000009
1847,0.010000000000000009
1848,0.010000000000000009
1849,0.010000000000000009
1850,0.010000000000000009
1851,0.010000000000000009
1852,0.010000000000000009
1853,0.010000000000000009
1854,0.010000000000000009
1855,0.010000000000000009
1856,0.010000000000000009
1857,0.010000000000000009
1858,0.010000000000000009
1859,0.010000000000000009
1860,0.010000000000000009
1861,0.010000000000000009
1862,0.010000000000000009
1863,0.010000000000000009
1864,0.010000000000000009
1865,0.010000000000000009
1866,0.010000000000000009
1867,0.010000000000000009
1868,0.010000000000000009
1869,0.010000000000000009
1870,0.010000000000000009
1871,0.010000000000000009
1872,0.010000000000000009
1873,0.010000000000000009
1874,0.010000000000000009
1875,0.010000000000000009
1876,0.010000000000000009
1877,0.010000000000000009
1878,0.010000000000000009
1879,0.010000000000000009
1880,0.010000000000000009
1881,0.010000000000000009
1882,0.010000000000000009
1883,0.010000000000000009
1884,0.010000000000000009
1885,0.010000000000000009
1886,0.010000000000000009
1887,0.010000000000000009
1888,0.010000000000000009
1889,0.010000000000000009
1890,0.010000000000000009
1891,0.010000000000000009
1892,0.010000000000000009
1893,0.010000000000000009
1894,0.010000000000000009
1895,0.010000000000000009
1896,0.010000000000000009
1897,0.010000000000000009
1898,0.010000000000000009
1899,0.010000000000000009
1900,0.010000000000000009
1901,0.010000000000000009
1902,0.010000000000000009
1903,0.010000000000000009
1904,0.010000000000000009
1905,0.010000000000000009
1906,0.010000000000000009
1907,0.010000000000000009
1908,0.010000000000000009
1909,0.010000000000000009
1910,0.010000000000000009
1911,0.010000000000000009
1912,0.010000000000000009
1913,0.010000000000000009
1914,0.010000000000000009
1915,0.010000000000000009
1916,0.010000000000000009
1917,0.010000000000000009
1918,0.010000000000000009
1919,0.010000000000000009
1920,0.010000000000000009
1921,0.010000000000000009
1922,0.010000000000000009
1923,0.010000000000000009
1924,0.010000000000000009
1925,0.010000000000000009
1926,0.010000000000000009
1927,0.010000000000000009
1928,0.010000000000000009
1929,0.010000000000000009
1930,0.010000000000000009
1931,0.010000000000000009
1932,0.010000000000000009
1933,0.010000000000000009
1934,0.010000000000000009
1935,0.010000000000000009
1936,0.010000000000000009
1937,0.010000000000000009
1938,0.010000000000000009
1939,0.010000000000000009
1940,0.010000000000000009
1941,0.010000000000000009
1942,0.010000000000000009
1943,0.010000000000000009
1944,0.010000000000000009
1945,0.010000000000000009
1946,0.010000000000000009
1947,0.010000000000000009
1948,0.010000000000000009
1949,0.010000000000000009
1950,0.010000000000000009
1951,0.010000000000000009
1952,0.010000000000000009
1953,0.010000000000000009
1954,0.010000000000000009
1955,0.010000000000000009
1956,0.010000000000000009
1957,0.010000000000000009
1958,0.010000000000000009
1959,0.010000000000000009
1960,0.010000000000000009
1961,0.010000000000000009
1962,0.010000000000000009
1963,0.010000000000000009
1964,0.010000000000000009
1965,0.010000000000000009
1966,0.010000000000000009
1967,0.010000000000000009
1968,0.010000000000000009
1969,0.010000000000000009
1970,0.010000000000000009
1971,0.010000000000000009
1972,0.010000000000000009
1973,0.010000000000000009
1974,0.010000000000000009
1975,0.010000000000000009
1976,0.010000000000000009
1977,0.010000000000000009
1978,0.010000000000000009
1979,0.010000000000000009
1980,0.010000000000000009
1981,0.010000000000000009
1982,0.010000000000000009
1983,0.010000000000000009
1984,0.010000000000000009
1985,0.010000000000000009
1986,0.010000000000000009
1987,0.010000000000000009
1988,0.010000000000000009
1989,0.010000000000000009
1990,0.010000000000000009
1991,0.010000000000000009
1992,0.010000000000000009
1993,0.010000000000000009
1994,0.010000000000000009
1995,0.010000000000000009
1996,0.010000000000000009
1997,0.010000000000000009
1998,0.010000000000000009
