,0
0,1.0
1,0.9349178688414413
2,0.8854210259352125
3,0.8266453750215672
4,0.7883722989936355
5,0.7619764019927187
6,0.7350241344003156
7,0.7107876684858189
8,0.6749454073853896
9,0.6359089687092725
10,0.6186265998494622
11,0.5918454968327277
12,0.5637453605741795
13,0.5276011386912031
14,0.5038367234037027
15,0.4658687518199736
16,0.42331290409324734
17,0.39904886127787564
18,0.3634368909634559
19,0.34020211713117626
20,0.3025702893076866
21,0.2906771125879914
22,0.2613144498083428
23,0.24608807702373883
24,0.2317842235306143
25,0.2122905323701327
26,0.20252094309882626
27,0.19067592252160423
28,0.1713708194672409
29,0.16388490350195523
30,0.15355309160670347
31,0.14258248010649116
32,0.12806141357816042
33,0.12129729375638776
34,0.11304903502290096
35,0.10841615261013102
36,0.10277757325996868
37,0.09307177084512955
38,0.08749434323107882
39,0.0787656909928352
40,0.07250239919519039
41,0.06582405910001901
42,0.06051169750034801
43,0.05776078680683615
44,0.04421639595682405
45,0.0338958533319356
46,0.032158140438517197
47,0.02888192174972347
48,0.02718788788675229
49,0.02506998388249639
50,0.019149552245102813
51,0.018176015613454638
52,0.017320692615703088
53,0.016431481674058567
54,0.01566159097173221
55,0.014931804488675753
56,0.014464713038314553
57,0.013900890822696455
58,0.013352495329819683
59,0.012974883692063443
60,0.011804358168315595
61,0.011578862961150283
62,0.010957628793422323
63,0.010774300640128085
64,0.010670122292675721
65,0.010594345156473853
66,0.010501929776326534
67,0.010453484106262474
68,0.010389927265148315
69,0.01028857650192418
70,0.010256072401309843
71,0.010233214871086492
72,0.010207153532680743
73,0.010125644968838655
74,0.010081122488983756
75,0.01007518563750658
76,0.010068783247669267
77,0.010065395942948398
78,0.010046640078358463
79,0.010042818070529279
80,0.01003113897413155
81,0.010026962856187642
82,0.010023300159874411
83,0.010020956738095155
84,0.010018568381634601
85,0.010015548438601597
86,0.010013157082701571
87,0.010011222943639096
88,0.010009416469419571
89,0.010008260294346857
90,0.010007329887897392
91,0.010006549968379711
92,0.01000527226584683
93,0.010004501723043796
94,0.01000373205948529
95,0.01000329023905131
96,0.010002900723597101
97,0.010002648412018577
98,0.010002324396004108
99,0.010001957093025655
100,0.010001602332246739
101,0.010001264858454333
102,0.010001116233668157
103,0.010000677029943141
104,0.010000493101729731
105,0.01000029908131744
106,0.010000181401988774
107,0.010000110025867924
108,0.010000093477007886
109,0.010000077611491387
110,0.010000061296055972
111,0.010000037177937267
112,0.010000029230582326
113,0.010000024611541538
114,0.010000014927654526
115,0.010000009054080147
116,0.010000005491577205
117,0.010000003330809946
118,0.010000002020238354
119,0.010000001225336501
120,0.010000000743204156
121,0.010000000450776108
122,0.01000000027340953
123,0.010000000165831262
124,0.010000000100581745
125,0.010000000061005912
126,0.010000000037001956
127,0.01000000002244282
128,0.010000000013612259
129,0.010000000008256252
130,0.01000000000500767
131,0.010000000003037305
132,0.01000000000184222
133,0.010000000001117363
134,0.010000000000677715
135,0.010000000000411055
136,0.010000000000249318
137,0.01000000000015122
138,0.010000000000091719
139,0.01000000000005563
140,0.01000000000003374
141,0.010000000000020465
142,0.010000000000012412
143,0.010000000000007529
144,0.010000000000004566
145,0.010000000000004007
146,0.010000000000002677
147,0.010000000000001934
148,0.010000000000001437
149,0.010000000000000871
150,0.010000000000000528
151,0.01000000000000032
152,0.010000000000000299
153,0.010000000000000274
154,0.010000000000000167
155,0.0100000000000001
156,0.010000000000000061
157,0.010000000000000037
158,0.010000000000000023
159,0.010000000000000014
160,0.010000000000000009
161,0.010000000000000005
162,0.010000000000000004
163,0.010000000000000002
164,0.010000000000000002
165,0.010000000000000002
166,0.010000000000000002
167,0.010000000000000002
168,0.010000000000000002
169,0.010000000000000002
170,0.010000000000000002
171,0.010000000000000002
172,0.010000000000000002
173,0.010000000000000002
174,0.010000000000000002
175,0.010000000000000002
176,0.010000000000000002
177,0.010000000000000002
178,0.010000000000000002
179,0.010000000000000002
180,0.010000000000000002
181,0.010000000000000002
182,0.010000000000000002
183,0.010000000000000002
184,0.010000000000000002
185,0.010000000000000002
186,0.010000000000000002
187,0.010000000000000002
188,0.010000000000000002
189,0.010000000000000002
190,0.010000000000000002
191,0.010000000000000002
192,0.010000000000000002
193,0.010000000000000002
194,0.010000000000000002
195,0.010000000000000002
196,0.010000000000000002
197,0.010000000000000002
198,0.010000000000000002
199,0.010000000000000002
200,0.010000000000000002
201,0.010000000000000002
202,0.010000000000000002
203,0.010000000000000002
204,0.010000000000000002
205,0.010000000000000002
206,0.010000000000000002
207,0.010000000000000002
208,0.010000000000000002
209,0.010000000000000002
210,0.010000000000000002
211,0.010000000000000002
212,0.010000000000000002
213,0.010000000000000002
214,0.010000000000000002
215,0.010000000000000002
216,0.010000000000000002
217,0.010000000000000002
218,0.010000000000000002
219,0.010000000000000002
220,0.010000000000000002
221,0.010000000000000002
222,0.010000000000000002
223,0.010000000000000002
224,0.010000000000000002
225,0.010000000000000002
226,0.010000000000000002
227,0.010000000000000002
228,0.010000000000000002
229,0.010000000000000002
230,0.010000000000000002
231,0.010000000000000002
232,0.010000000000000002
233,0.010000000000000002
234,0.010000000000000002
235,0.010000000000000002
236,0.010000000000000002
237,0.010000000000000002
238,0.010000000000000002
239,0.010000000000000002
240,0.010000000000000002
241,0.010000000000000002
242,0.010000000000000002
243,0.010000000000000002
244,0.010000000000000002
245,0.010000000000000002
246,0.010000000000000002
247,0.010000000000000002
248,0.010000000000000002
249,0.010000000000000002
250,0.010000000000000002
251,0.010000000000000002
252,0.010000000000000002
253,0.010000000000000002
254,0.010000000000000002
255,0.010000000000000002
256,0.010000000000000002
257,0.010000000000000002
258,0.010000000000000002
259,0.010000000000000002
260,0.010000000000000002
261,0.010000000000000002
262,0.010000000000000002
263,0.010000000000000002
264,0.010000000000000002
265,0.010000000000000002
266,0.010000000000000002
267,0.010000000000000002
268,0.010000000000000002
269,0.010000000000000002
270,0.010000000000000002
271,0.010000000000000002
272,0.010000000000000002
273,0.010000000000000002
274,0.010000000000000002
275,0.010000000000000002
276,0.010000000000000002
277,0.010000000000000002
278,0.010000000000000002
279,0.010000000000000002
280,0.010000000000000002
281,0.010000000000000002
282,0.010000000000000002
283,0.010000000000000002
284,0.010000000000000002
285,0.010000000000000002
286,0.010000000000000002
287,0.010000000000000002
288,0.010000000000000002
289,0.010000000000000002
290,0.010000000000000002
291,0.010000000000000002
292,0.010000000000000002
293,0.010000000000000002
294,0.010000000000000002
295,0.010000000000000002
296,0.010000000000000002
297,0.010000000000000002
298,0.010000000000000002
299,0.010000000000000002
300,0.010000000000000002
301,0.010000000000000002
302,0.010000000000000002
303,0.010000000000000002
304,0.010000000000000002
305,0.010000000000000002
306,0.010000000000000002
307,0.010000000000000002
308,0.010000000000000002
309,0.010000000000000002
310,0.010000000000000002
311,0.010000000000000002
312,0.010000000000000002
313,0.010000000000000002
314,0.010000000000000002
315,0.010000000000000002
316,0.010000000000000002
317,0.010000000000000002
318,0.010000000000000002
319,0.010000000000000002
320,0.010000000000000002
321,0.010000000000000002
322,0.010000000000000002
323,0.010000000000000002
324,0.010000000000000002
325,0.010000000000000002
326,0.010000000000000002
327,0.010000000000000002
328,0.010000000000000002
329,0.010000000000000002
330,0.010000000000000002
331,0.010000000000000002
332,0.010000000000000002
333,0.010000000000000002
334,0.010000000000000002
335,0.010000000000000002
336,0.010000000000000002
337,0.010000000000000002
338,0.010000000000000002
339,0.010000000000000002
340,0.010000000000000002
341,0.010000000000000002
342,0.010000000000000002
343,0.010000000000000002
344,0.010000000000000002
345,0.010000000000000002
346,0.010000000000000002
347,0.010000000000000002
348,0.010000000000000002
349,0.010000000000000002
350,0.010000000000000002
351,0.010000000000000002
352,0.010000000000000002
353,0.010000000000000002
354,0.010000000000000002
355,0.010000000000000002
356,0.010000000000000002
357,0.010000000000000002
358,0.010000000000000002
359,0.010000000000000002
360,0.010000000000000002
361,0.010000000000000002
362,0.010000000000000002
363,0.010000000000000002
364,0.010000000000000002
365,0.010000000000000002
366,0.010000000000000002
367,0.010000000000000002
368,0.010000000000000002
369,0.010000000000000002
370,0.010000000000000002
371,0.010000000000000002
372,0.010000000000000002
373,0.010000000000000002
374,0.010000000000000002
375,0.010000000000000002
376,0.010000000000000002
377,0.010000000000000002
378,0.010000000000000002
379,0.010000000000000002
380,0.010000000000000002
381,0.010000000000000002
382,0.010000000000000002
383,0.010000000000000002
384,0.010000000000000002
385,0.010000000000000002
386,0.010000000000000002
387,0.010000000000000002
388,0.010000000000000002
389,0.010000000000000002
390,0.010000000000000002
391,0.010000000000000002
392,0.010000000000000002
393,0.010000000000000002
394,0.010000000000000002
395,0.010000000000000002
396,0.010000000000000002
397,0.010000000000000002
398,0.010000000000000002
399,0.010000000000000002
400,0.010000000000000002
401,0.010000000000000002
402,0.010000000000000002
403,0.010000000000000002
404,0.010000000000000002
405,0.010000000000000002
406,0.010000000000000002
407,0.010000000000000002
408,0.010000000000000002
409,0.010000000000000002
410,0.010000000000000002
411,0.010000000000000002
412,0.010000000000000002
413,0.010000000000000002
414,0.010000000000000002
415,0.010000000000000002
416,0.010000000000000002
417,0.010000000000000002
418,0.010000000000000002
419,0.010000000000000002
420,0.010000000000000002
421,0.010000000000000002
422,0.010000000000000002
423,0.010000000000000002
424,0.010000000000000002
425,0.010000000000000002
426,0.010000000000000002
427,0.010000000000000002
428,0.010000000000000002
429,0.010000000000000002
430,0.010000000000000002
431,0.010000000000000002
432,0.010000000000000002
433,0.010000000000000002
434,0.010000000000000002
435,0.010000000000000002
436,0.010000000000000002
437,0.010000000000000002
438,0.010000000000000002
439,0.010000000000000002
440,0.010000000000000002
441,0.010000000000000002
442,0.010000000000000002
443,0.010000000000000002
444,0.010000000000000002
445,0.010000000000000002
446,0.010000000000000002
447,0.010000000000000002
448,0.010000000000000002
449,0.010000000000000002
450,0.010000000000000002
451,0.010000000000000002
452,0.010000000000000002
453,0.010000000000000002
454,0.010000000000000002
455,0.010000000000000002
456,0.010000000000000002
457,0.010000000000000002
458,0.010000000000000002
459,0.010000000000000002
460,0.010000000000000002
461,0.010000000000000002
462,0.010000000000000002
463,0.010000000000000002
464,0.010000000000000002
465,0.010000000000000002
466,0.010000000000000002
467,0.010000000000000002
468,0.010000000000000002
469,0.010000000000000002
470,0.010000000000000002
471,0.010000000000000002
472,0.010000000000000002
473,0.010000000000000002
474,0.010000000000000002
475,0.010000000000000002
476,0.010000000000000002
477,0.010000000000000002
478,0.010000000000000002
479,0.010000000000000002
480,0.010000000000000002
481,0.010000000000000002
482,0.010000000000000002
483,0.010000000000000002
484,0.010000000000000002
485,0.010000000000000002
486,0.010000000000000002
487,0.010000000000000002
488,0.010000000000000002
489,0.010000000000000002
490,0.010000000000000002
491,0.010000000000000002
492,0.010000000000000002
493,0.010000000000000002
494,0.010000000000000002
495,0.010000000000000002
496,0.010000000000000002
497,0.010000000000000002
498,0.010000000000000002
499,0.010000000000000002
500,0.010000000000000002
501,0.010000000000000002
502,0.010000000000000002
503,0.010000000000000002
504,0.010000000000000002
505,0.010000000000000002
506,0.010000000000000002
507,0.010000000000000002
508,0.010000000000000002
509,0.010000000000000002
510,0.010000000000000002
511,0.010000000000000002
512,0.010000000000000002
513,0.010000000000000002
514,0.010000000000000002
515,0.010000000000000002
516,0.010000000000000002
517,0.010000000000000002
518,0.010000000000000002
519,0.010000000000000002
520,0.010000000000000002
521,0.010000000000000002
522,0.010000000000000002
523,0.010000000000000002
524,0.010000000000000002
525,0.010000000000000002
526,0.010000000000000002
527,0.010000000000000002
528,0.010000000000000002
529,0.010000000000000002
530,0.010000000000000002
531,0.010000000000000002
532,0.010000000000000002
533,0.010000000000000002
534,0.010000000000000002
535,0.010000000000000002
536,0.010000000000000002
537,0.010000000000000002
538,0.010000000000000002
539,0.010000000000000002
540,0.010000000000000002
541,0.010000000000000002
542,0.010000000000000002
543,0.010000000000000002
544,0.010000000000000002
545,0.010000000000000002
546,0.010000000000000002
547,0.010000000000000002
548,0.010000000000000002
549,0.010000000000000002
550,0.010000000000000002
551,0.010000000000000002
552,0.010000000000000002
553,0.010000000000000002
554,0.010000000000000002
555,0.010000000000000002
556,0.010000000000000002
557,0.010000000000000002
558,0.010000000000000002
559,0.010000000000000002
560,0.010000000000000002
561,0.010000000000000002
562,0.010000000000000002
563,0.010000000000000002
564,0.010000000000000002
565,0.010000000000000002
566,0.010000000000000002
567,0.010000000000000002
568,0.010000000000000002
569,0.010000000000000002
570,0.010000000000000002
571,0.010000000000000002
572,0.010000000000000002
573,0.010000000000000002
574,0.010000000000000002
575,0.010000000000000002
576,0.010000000000000002
577,0.010000000000000002
578,0.010000000000000002
579,0.010000000000000002
580,0.010000000000000002
581,0.010000000000000002
582,0.010000000000000002
583,0.010000000000000002
584,0.010000000000000002
585,0.010000000000000002
586,0.010000000000000002
587,0.010000000000000002
588,0.010000000000000002
589,0.010000000000000002
590,0.010000000000000002
591,0.010000000000000002
592,0.010000000000000002
593,0.010000000000000002
594,0.010000000000000002
595,0.010000000000000002
596,0.010000000000000002
597,0.010000000000000002
598,0.010000000000000002
599,0.010000000000000002
600,0.010000000000000002
601,0.010000000000000002
602,0.010000000000000002
603,0.010000000000000002
604,0.010000000000000002
605,0.010000000000000002
606,0.010000000000000002
607,0.010000000000000002
608,0.010000000000000002
609,0.010000000000000002
610,0.010000000000000002
611,0.010000000000000002
612,0.010000000000000002
613,0.010000000000000002
614,0.010000000000000002
615,0.010000000000000002
616,0.010000000000000002
617,0.010000000000000002
618,0.010000000000000002
619,0.010000000000000002
620,0.010000000000000002
621,0.010000000000000002
622,0.010000000000000002
623,0.010000000000000002
624,0.010000000000000002
625,0.010000000000000002
626,0.010000000000000002
627,0.010000000000000002
628,0.010000000000000002
629,0.010000000000000002
630,0.010000000000000002
631,0.010000000000000002
632,0.010000000000000002
633,0.010000000000000002
634,0.010000000000000002
635,0.010000000000000002
636,0.010000000000000002
637,0.010000000000000002
638,0.010000000000000002
639,0.010000000000000002
640,0.010000000000000002
641,0.010000000000000002
642,0.010000000000000002
643,0.010000000000000002
644,0.010000000000000002
645,0.010000000000000002
646,0.010000000000000002
647,0.010000000000000002
648,0.010000000000000002
649,0.010000000000000002
650,0.010000000000000002
651,0.010000000000000002
652,0.010000000000000002
653,0.010000000000000002
654,0.010000000000000002
655,0.010000000000000002
656,0.010000000000000002
657,0.010000000000000002
658,0.010000000000000002
659,0.010000000000000002
660,0.010000000000000002
661,0.010000000000000002
662,0.010000000000000002
663,0.010000000000000002
664,0.010000000000000002
665,0.010000000000000002
666,0.010000000000000002
667,0.010000000000000002
668,0.010000000000000002
669,0.010000000000000002
670,0.010000000000000002
671,0.010000000000000002
672,0.010000000000000002
673,0.010000000000000002
674,0.010000000000000002
675,0.010000000000000002
676,0.010000000000000002
677,0.010000000000000002
678,0.010000000000000002
679,0.010000000000000002
680,0.010000000000000002
681,0.010000000000000002
682,0.010000000000000002
683,0.010000000000000002
684,0.010000000000000002
685,0.010000000000000002
686,0.010000000000000002
687,0.010000000000000002
688,0.010000000000000002
689,0.010000000000000002
690,0.010000000000000002
691,0.010000000000000002
692,0.010000000000000002
693,0.010000000000000002
694,0.010000000000000002
695,0.010000000000000002
696,0.010000000000000002
697,0.010000000000000002
698,0.010000000000000002
699,0.010000000000000002
700,0.010000000000000002
701,0.010000000000000002
702,0.010000000000000002
703,0.010000000000000002
704,0.010000000000000002
705,0.010000000000000002
706,0.010000000000000002
707,0.010000000000000002
708,0.010000000000000002
709,0.010000000000000002
710,0.010000000000000002
711,0.010000000000000002
712,0.010000000000000002
713,0.010000000000000002
714,0.010000000000000002
715,0.010000000000000002
716,0.010000000000000002
717,0.010000000000000002
718,0.010000000000000002
719,0.010000000000000002
720,0.010000000000000002
721,0.010000000000000002
722,0.010000000000000002
723,0.010000000000000002
724,0.010000000000000002
725,0.010000000000000002
726,0.010000000000000002
727,0.010000000000000002
728,0.010000000000000002
729,0.010000000000000002
730,0.010000000000000002
731,0.010000000000000002
732,0.010000000000000002
733,0.010000000000000002
734,0.010000000000000002
735,0.010000000000000002
736,0.010000000000000002
737,0.010000000000000002
738,0.010000000000000002
739,0.010000000000000002
740,0.010000000000000002
741,0.010000000000000002
742,0.010000000000000002
743,0.010000000000000002
744,0.010000000000000002
745,0.010000000000000002
746,0.010000000000000002
747,0.010000000000000002
748,0.010000000000000002
749,0.010000000000000002
750,0.010000000000000002
751,0.010000000000000002
752,0.010000000000000002
753,0.010000000000000002
754,0.010000000000000002
755,0.010000000000000002
756,0.010000000000000002
757,0.010000000000000002
758,0.010000000000000002
759,0.010000000000000002
760,0.010000000000000002
761,0.010000000000000002
762,0.010000000000000002
763,0.010000000000000002
764,0.010000000000000002
765,0.010000000000000002
766,0.010000000000000002
767,0.010000000000000002
768,0.010000000000000002
769,0.010000000000000002
770,0.010000000000000002
771,0.010000000000000002
772,0.010000000000000002
773,0.010000000000000002
774,0.010000000000000002
775,0.010000000000000002
776,0.010000000000000002
777,0.010000000000000002
778,0.010000000000000002
779,0.010000000000000002
780,0.010000000000000002
781,0.010000000000000002
782,0.010000000000000002
783,0.010000000000000002
784,0.010000000000000002
785,0.010000000000000002
786,0.010000000000000002
787,0.010000000000000002
788,0.010000000000000002
789,0.010000000000000002
790,0.010000000000000002
791,0.010000000000000002
792,0.010000000000000002
793,0.010000000000000002
794,0.010000000000000002
795,0.010000000000000002
796,0.010000000000000002
797,0.010000000000000002
798,0.010000000000000002
799,0.010000000000000002
800,0.010000000000000002
801,0.010000000000000002
802,0.010000000000000002
803,0.010000000000000002
804,0.010000000000000002
805,0.010000000000000002
806,0.010000000000000002
807,0.010000000000000002
808,0.010000000000000002
809,0.010000000000000002
810,0.010000000000000002
811,0.010000000000000002
812,0.010000000000000002
813,0.010000000000000002
814,0.010000000000000002
815,0.010000000000000002
816,0.010000000000000002
817,0.010000000000000002
818,0.010000000000000002
819,0.010000000000000002
820,0.010000000000000002
821,0.010000000000000002
822,0.010000000000000002
823,0.010000000000000002
824,0.010000000000000002
825,0.010000000000000002
826,0.010000000000000002
827,0.010000000000000002
828,0.010000000000000002
829,0.010000000000000002
830,0.010000000000000002
831,0.010000000000000002
832,0.010000000000000002
833,0.010000000000000002
834,0.010000000000000002
835,0.010000000000000002
836,0.010000000000000002
837,0.010000000000000002
838,0.010000000000000002
839,0.010000000000000002
840,0.010000000000000002
841,0.010000000000000002
842,0.010000000000000002
843,0.010000000000000002
844,0.010000000000000002
845,0.010000000000000002
846,0.010000000000000002
847,0.010000000000000002
848,0.010000000000000002
849,0.010000000000000002
850,0.010000000000000002
851,0.010000000000000002
852,0.010000000000000002
853,0.010000000000000002
854,0.010000000000000002
855,0.010000000000000002
856,0.010000000000000002
857,0.010000000000000002
858,0.010000000000000002
859,0.010000000000000002
860,0.010000000000000002
861,0.010000000000000002
862,0.010000000000000002
863,0.010000000000000002
864,0.010000000000000002
865,0.010000000000000002
866,0.010000000000000002
867,0.010000000000000002
868,0.010000000000000002
869,0.010000000000000002
870,0.010000000000000002
871,0.010000000000000002
872,0.010000000000000002
873,0.010000000000000002
874,0.010000000000000002
875,0.010000000000000002
876,0.010000000000000002
877,0.010000000000000002
878,0.010000000000000002
879,0.010000000000000002
880,0.010000000000000002
881,0.010000000000000002
882,0.010000000000000002
883,0.010000000000000002
884,0.010000000000000002
885,0.010000000000000002
886,0.010000000000000002
887,0.010000000000000002
888,0.010000000000000002
889,0.010000000000000002
890,0.010000000000000002
891,0.010000000000000002
892,0.010000000000000002
893,0.010000000000000002
894,0.010000000000000002
895,0.010000000000000002
896,0.010000000000000002
897,0.010000000000000002
898,0.010000000000000002
899,0.010000000000000002
900,0.010000000000000002
901,0.010000000000000002
902,0.010000000000000002
903,0.010000000000000002
904,0.010000000000000002
905,0.010000000000000002
906,0.010000000000000002
907,0.010000000000000002
908,0.010000000000000002
909,0.010000000000000002
910,0.010000000000000002
911,0.010000000000000002
912,0.010000000000000002
913,0.010000000000000002
914,0.010000000000000002
915,0.010000000000000002
916,0.010000000000000002
917,0.010000000000000002
918,0.010000000000000002
919,0.010000000000000002
920,0.010000000000000002
921,0.010000000000000002
922,0.010000000000000002
923,0.010000000000000002
924,0.010000000000000002
925,0.010000000000000002
926,0.010000000000000002
927,0.010000000000000002
928,0.010000000000000002
929,0.010000000000000002
930,0.010000000000000002
931,0.010000000000000002
932,0.010000000000000002
933,0.010000000000000002
934,0.010000000000000002
935,0.010000000000000002
936,0.010000000000000002
937,0.010000000000000002
938,0.010000000000000002
939,0.010000000000000002
940,0.010000000000000002
941,0.010000000000000002
942,0.010000000000000002
943,0.010000000000000002
944,0.010000000000000002
945,0.010000000000000002
946,0.010000000000000002
947,0.010000000000000002
948,0.010000000000000002
949,0.010000000000000002
950,0.010000000000000002
951,0.010000000000000002
952,0.010000000000000002
953,0.010000000000000002
954,0.010000000000000002
955,0.010000000000000002
956,0.010000000000000002
957,0.010000000000000002
958,0.010000000000000002
959,0.010000000000000002
960,0.010000000000000002
961,0.010000000000000002
962,0.010000000000000002
963,0.010000000000000002
964,0.010000000000000002
965,0.010000000000000002
966,0.010000000000000002
967,0.010000000000000002
968,0.010000000000000002
969,0.010000000000000002
970,0.010000000000000002
971,0.010000000000000002
972,0.010000000000000002
973,0.010000000000000002
974,0.010000000000000002
975,0.010000000000000002
976,0.010000000000000002
977,0.010000000000000002
978,0.010000000000000002
979,0.010000000000000002
980,0.010000000000000002
981,0.010000000000000002
982,0.010000000000000002
983,0.010000000000000002
984,0.010000000000000002
985,0.010000000000000002
986,0.010000000000000002
987,0.010000000000000002
988,0.010000000000000002
989,0.010000000000000002
990,0.010000000000000002
991,0.010000000000000002
992,0.010000000000000002
993,0.010000000000000002
994,0.010000000000000002
995,0.010000000000000002
996,0.010000000000000002
997,0.010000000000000002
998,0.010000000000000002
999,0.010000000000000002
1000,0.010000000000000002
1001,0.010000000000000002
1002,0.010000000000000002
1003,0.010000000000000002
1004,0.010000000000000002
1005,0.010000000000000002
1006,0.010000000000000002
1007,0.010000000000000002
1008,0.010000000000000002
1009,0.010000000000000002
1010,0.010000000000000002
1011,0.010000000000000002
1012,0.010000000000000002
1013,0.010000000000000002
1014,0.010000000000000002
1015,0.010000000000000002
1016,0.010000000000000002
1017,0.010000000000000002
1018,0.010000000000000002
1019,0.010000000000000002
1020,0.010000000000000002
1021,0.010000000000000002
1022,0.010000000000000002
1023,0.010000000000000002
1024,0.010000000000000002
1025,0.010000000000000002
1026,0.010000000000000002
1027,0.010000000000000002
1028,0.010000000000000002
1029,0.010000000000000002
1030,0.010000000000000002
1031,0.010000000000000002
1032,0.010000000000000002
1033,0.010000000000000002
1034,0.010000000000000002
1035,0.010000000000000002
1036,0.010000000000000002
1037,0.010000000000000002
1038,0.010000000000000002
1039,0.010000000000000002
1040,0.010000000000000002
1041,0.010000000000000002
1042,0.010000000000000002
1043,0.010000000000000002
1044,0.010000000000000002
1045,0.010000000000000002
1046,0.010000000000000002
1047,0.010000000000000002
1048,0.010000000000000002
1049,0.010000000000000002
1050,0.010000000000000002
1051,0.010000000000000002
1052,0.010000000000000002
1053,0.010000000000000002
1054,0.010000000000000002
1055,0.010000000000000002
1056,0.010000000000000002
1057,0.010000000000000002
1058,0.010000000000000002
1059,0.010000000000000002
1060,0.010000000000000002
1061,0.010000000000000002
1062,0.010000000000000002
1063,0.010000000000000002
1064,0.010000000000000002
1065,0.010000000000000002
1066,0.010000000000000002
1067,0.010000000000000002
1068,0.010000000000000002
1069,0.010000000000000002
1070,0.010000000000000002
1071,0.010000000000000002
1072,0.010000000000000002
1073,0.010000000000000002
1074,0.010000000000000002
1075,0.010000000000000002
1076,0.010000000000000002
1077,0.010000000000000002
1078,0.010000000000000002
1079,0.010000000000000002
1080,0.010000000000000002
1081,0.010000000000000002
1082,0.010000000000000002
1083,0.010000000000000002
1084,0.010000000000000002
1085,0.010000000000000002
1086,0.010000000000000002
1087,0.010000000000000002
1088,0.010000000000000002
1089,0.010000000000000002
1090,0.010000000000000002
1091,0.010000000000000002
1092,0.010000000000000002
1093,0.010000000000000002
1094,0.010000000000000002
1095,0.010000000000000002
1096,0.010000000000000002
1097,0.010000000000000002
1098,0.010000000000000002
1099,0.010000000000000002
1100,0.010000000000000002
1101,0.010000000000000002
1102,0.010000000000000002
1103,0.010000000000000002
1104,0.010000000000000002
1105,0.010000000000000002
1106,0.010000000000000002
1107,0.010000000000000002
1108,0.010000000000000002
1109,0.010000000000000002
1110,0.010000000000000002
1111,0.010000000000000002
1112,0.010000000000000002
1113,0.010000000000000002
1114,0.010000000000000002
1115,0.010000000000000002
1116,0.010000000000000002
1117,0.010000000000000002
1118,0.010000000000000002
1119,0.010000000000000002
1120,0.010000000000000002
1121,0.010000000000000002
1122,0.010000000000000002
1123,0.010000000000000002
1124,0.010000000000000002
1125,0.010000000000000002
1126,0.010000000000000002
1127,0.010000000000000002
1128,0.010000000000000002
1129,0.010000000000000002
1130,0.010000000000000002
1131,0.010000000000000002
1132,0.010000000000000002
1133,0.010000000000000002
1134,0.010000000000000002
1135,0.010000000000000002
1136,0.010000000000000002
1137,0.010000000000000002
1138,0.010000000000000002
1139,0.010000000000000002
1140,0.010000000000000002
1141,0.010000000000000002
1142,0.010000000000000002
1143,0.010000000000000002
1144,0.010000000000000002
1145,0.010000000000000002
1146,0.010000000000000002
1147,0.010000000000000002
1148,0.010000000000000002
1149,0.010000000000000002
1150,0.010000000000000002
1151,0.010000000000000002
1152,0.010000000000000002
1153,0.010000000000000002
1154,0.010000000000000002
1155,0.010000000000000002
1156,0.010000000000000002
1157,0.010000000000000002
1158,0.010000000000000002
1159,0.010000000000000002
1160,0.010000000000000002
1161,0.010000000000000002
1162,0.010000000000000002
1163,0.010000000000000002
1164,0.010000000000000002
1165,0.010000000000000002
1166,0.010000000000000002
1167,0.010000000000000002
1168,0.010000000000000002
1169,0.010000000000000002
1170,0.010000000000000002
1171,0.010000000000000002
1172,0.010000000000000002
1173,0.010000000000000002
1174,0.010000000000000002
1175,0.010000000000000002
1176,0.010000000000000002
1177,0.010000000000000002
1178,0.010000000000000002
1179,0.010000000000000002
1180,0.010000000000000002
1181,0.010000000000000002
1182,0.010000000000000002
1183,0.010000000000000002
1184,0.010000000000000002
1185,0.010000000000000002
1186,0.010000000000000002
1187,0.010000000000000002
1188,0.010000000000000002
1189,0.010000000000000002
1190,0.010000000000000002
1191,0.010000000000000002
1192,0.010000000000000002
1193,0.010000000000000002
1194,0.010000000000000002
1195,0.010000000000000002
1196,0.010000000000000002
1197,0.010000000000000002
1198,0.010000000000000002
1199,0.010000000000000002
1200,0.010000000000000002
1201,0.010000000000000002
1202,0.010000000000000002
1203,0.010000000000000002
1204,0.010000000000000002
1205,0.010000000000000002
1206,0.010000000000000002
1207,0.010000000000000002
1208,0.010000000000000002
1209,0.010000000000000002
1210,0.010000000000000002
1211,0.010000000000000002
1212,0.010000000000000002
1213,0.010000000000000002
1214,0.010000000000000002
1215,0.010000000000000002
1216,0.010000000000000002
1217,0.010000000000000002
1218,0.010000000000000002
1219,0.010000000000000002
1220,0.010000000000000002
1221,0.010000000000000002
1222,0.010000000000000002
1223,0.010000000000000002
1224,0.010000000000000002
1225,0.010000000000000002
1226,0.010000000000000002
1227,0.010000000000000002
1228,0.010000000000000002
1229,0.010000000000000002
1230,0.010000000000000002
1231,0.010000000000000002
1232,0.010000000000000002
1233,0.010000000000000002
1234,0.010000000000000002
1235,0.010000000000000002
1236,0.010000000000000002
1237,0.010000000000000002
1238,0.010000000000000002
1239,0.010000000000000002
1240,0.010000000000000002
1241,0.010000000000000002
1242,0.010000000000000002
1243,0.010000000000000002
1244,0.010000000000000002
1245,0.010000000000000002
1246,0.010000000000000002
1247,0.010000000000000002
1248,0.010000000000000002
1249,0.010000000000000002
1250,0.010000000000000002
1251,0.010000000000000002
1252,0.010000000000000002
1253,0.010000000000000002
1254,0.010000000000000002
1255,0.010000000000000002
1256,0.010000000000000002
1257,0.010000000000000002
1258,0.010000000000000002
1259,0.010000000000000002
1260,0.010000000000000002
1261,0.010000000000000002
1262,0.010000000000000002
1263,0.010000000000000002
1264,0.010000000000000002
1265,0.010000000000000002
1266,0.010000000000000002
1267,0.010000000000000002
1268,0.010000000000000002
1269,0.010000000000000002
1270,0.010000000000000002
1271,0.010000000000000002
1272,0.010000000000000002
1273,0.010000000000000002
1274,0.010000000000000002
1275,0.010000000000000002
1276,0.010000000000000002
1277,0.010000000000000002
1278,0.010000000000000002
1279,0.010000000000000002
1280,0.010000000000000002
1281,0.010000000000000002
1282,0.010000000000000002
1283,0.010000000000000002
1284,0.010000000000000002
1285,0.010000000000000002
1286,0.010000000000000002
1287,0.010000000000000002
1288,0.010000000000000002
1289,0.010000000000000002
1290,0.010000000000000002
1291,0.010000000000000002
1292,0.010000000000000002
1293,0.010000000000000002
1294,0.010000000000000002
1295,0.010000000000000002
