0,1.0
1,0.9883866534975821
2,0.9785546833264186
3,0.9670014849547791
4,0.9576686758602481
5,0.9502115876026027
6,0.9412287430038324
7,0.9309492606280441
8,0.9198729215660072
9,0.9103692375456077
10,0.9041780738845959
11,0.8968757939435632
12,0.8897211155781614
13,0.8826241560307292
14,0.8765371164324993
15,0.8701484091416494
16,0.8623565652781808
17,0.8562416381622576
18,0.8504226693879497
19,0.8433926862306041
20,0.8346053787644651
21,0.8244434065042034
22,0.8166621595470424
23,0.8086357369512942
24,0.8019552939026665
25,0.7947811923972126
26,0.7887615824558882
27,0.7790876507109206
28,0.7696858124458833
29,0.7600238028264183
30,0.7540475492912658
31,0.740044099891927
32,0.7296067938132752
33,0.7229454737803598
34,0.7152165671795927
35,0.7104373622354371
36,0.6992506156554202
37,0.6938953734489636
38,0.6829055265062278
39,0.6752114387510703
40,0.6681316209290148
41,0.6565205234144175
42,0.6500875367218691
43,0.6426421529701919
44,0.6369739189072716
45,0.63092167274235
46,0.6217385241706209
47,0.6124501619140926
48,0.6044311769341952
49,0.5977519135457607
50,0.588249214746914
51,0.5822093627063233
52,0.5744235490371138
53,0.5678582752581761
54,0.5588388930323626
55,0.5500733389077008
56,0.5420326944192674
57,0.5371077269565218
58,0.5311328205438658
59,0.5127057169531224
60,0.5026529363801802
61,0.4928977546405299
62,0.48670838089721374
63,0.4813047644895481
64,0.4710953908286935
65,0.46395811820155936
66,0.4578260801675046
67,0.4477311648818829
68,0.43487922120183126
69,0.4270078068676183
70,0.421951219525006
71,0.4193231505113591
72,0.41484526935397703
73,0.40639252423319333
74,0.3969536595629434
75,0.3881931118699256
76,0.3821529564914426
77,0.3657417133124632
78,0.347378330511748
79,0.33983909450138333
80,0.3272229830409009
81,0.3220005476600567
82,0.31545575596406983
83,0.3086896107693738
84,0.29994897033318213
85,0.28796770645957953
86,0.28186481610278546
87,0.26536782150730764
88,0.25651058731507137
89,0.2514602692822326
90,0.24387924686578707
91,0.23755795270791244
92,0.2279149705009394
93,0.2225558852347074
94,0.2197895621151784
95,0.21625328309586073
96,0.21350792408733235
97,0.20753285859360546
98,0.2008532757655648
99,0.18269118526741862
100,0.18037552017474082
101,0.1764183740273534
102,0.16950973313110532
103,0.1626434703752808
104,0.16085286278659422
105,0.1592324180209261
106,0.15573719174645492
107,0.1514300068022497
108,0.1498408434085455
109,0.14534200471485273
110,0.14304733180279652
111,0.13982727888992938
112,0.13223005223371398
113,0.12059832486955423
114,0.11804036887125381
115,0.11427221621224232
116,0.11121074662161923
117,0.10813115920772809
118,0.10237948619552512
119,0.10046879124663657
120,0.09185954748444085
121,0.08406958158741348
122,0.07702092895855907
123,0.07530084282249927
124,0.06908664601508226
125,0.06346380822069174
126,0.06200318377391642
127,0.05705442653564004
128,0.05621964587676919
129,0.05227115519359067
130,0.05144241789468736
131,0.04990513223743459
132,0.04873350327151686
133,0.04742747061144379
134,0.043865775871675554
135,0.04250210781661989
136,0.04197022315319744
137,0.040438399206607106
138,0.03963941143549388
139,0.036818848515397774
140,0.03612793224758479
141,0.03559776244385581
142,0.0349782374341969
143,0.034288547504212494
144,0.033023258477596115
145,0.03239874528273744
146,0.03026722284887727
147,0.028338541593337513
148,0.027764550793771936
149,0.02710558371293699
150,0.025477772200811866
151,0.0249215271155746
152,0.02350155606841008
153,0.022216713132407917
154,0.021054139167613978
155,0.020588885816043512
156,0.019581220101666408
157,0.018669446458426067
158,0.017844439549243238
159,0.017517284305331945
160,0.016801920121478797
161,0.016154631840405713
162,0.01556894118343461
163,0.01539032102829949
164,0.014877364161631448
165,0.014748861680558653
166,0.014296947741646599
167,0.013888039099986956
168,0.013518043260455054
169,0.01318325718032896
170,0.012880330207993285
171,0.012606230548491621
172,0.012366483133457217
173,0.012141282488303075
174,0.011937512518001769
175,0.011832726856192095
176,0.011696733518744565
177,0.011607539811836372
178,0.011454562172732035
179,0.01131614228074763
180,0.011294733578539702
181,0.011171523388250322
182,0.01106003819779316
183,0.010959162225910654
184,0.01086788587197062
185,0.010785295611543783
186,0.010710564853544246
187,0.010661533233639432
188,0.010598580023071283
189,0.010541617602563724
190,0.010490075873066588
191,0.01044343898762729
192,0.010401240188621158
193,0.010363057136284229
194,0.010333072512693284
195,0.010301376472404141
196,0.010272696709146949
197,0.01024674618621143
198,0.01022326518204177
199,0.010202018690856003
200,0.01018819153024197
201,0.01017028273832038
202,0.010154078193277906
203,0.010139415714581226
204,0.010126148555215314
205,0.010114143932989992
206,0.010103281701611134
207,0.01009345314821618
208,0.010088178240137082
209,0.010080968502588088
210,0.010076911870092603
211,0.010072723183187074
212,0.010067091692067097
213,0.010060707073421655
214,0.010054930031571369
215,0.010050006861304863
216,0.01004788298500028
217,0.010043326316515508
218,0.010040991315291601
219,0.01003709047589035
220,0.010033560850438349
221,0.010030367113257726
222,0.010027477300353327
223,0.010024862489506303
224,0.010022496510810828
225,0.010020355684756888
226,0.01001927020695483
227,0.010017436404306027
228,0.01001623485090747
229,0.010014689900577314
230,0.010013291971709581
231,0.010012048741589912
232,0.010010902152230798
233,0.01000986467527555
234,0.010008925927306091
235,0.01000807651301722
236,0.010007307931185235
237,0.010006612489584833
238,0.010005983228002729
239,0.01000541384857751
240,0.010004898652768511
241,0.010004432484322914
242,0.01000401067767023
243,0.010003629011227705
244,0.010003397908930947
245,0.0100030745551438
246,0.010002781972537926
247,0.010002517232848264
248,0.01000227768647102
249,0.010002060935945533
250,0.010001864811959693
251,0.01000168735163873
252,0.010001526778900108
253,0.010001381486677886
254,0.010001250020838669
255,0.010001131065628152
256,0.010001023430502607
257,0.010000926038213518
258,0.010000837914026122
259,0.010000758175963933
260,0.010000686025981621
261,0.010000620741977917
262,0.010000561670568564
263,0.010000508220547046
264,0.010000459856967582
265,0.010000416095791213
266,0.010000376499041378
267,0.010000340670420493
268,0.01000030825134368
269,0.010000278917349921
270,0.010000252374854749
271,0.010000228358211948
272,0.010000206627054887
273,0.01000018696389084
274,0.010000169171924254
275,0.010000153073087147
276,0.010000138506256945
277,0.010000125325643915
278,0.010000113399332053
279,0.010000102607958822
280,0.010000092843520532
281,0.0100000840082914
282,0.010000076013845484
283,0.010000068780171683
284,0.010000062234872958
285,0.01000005631244176
286,0.010000050953604405
287,0.01000004610472785
288,0.010000041717282908
289,0.010000037747358553
290,0.010000034155222451
291,0.010000030904923294
292,0.010000027963930997
293,0.010000025302811123
294,0.010000022894930285
295,0.010000020716189606
296,0.010000018744783514
297,0.010000016960981517
298,0.010000015346930723
299,0.01000001388647717
300,0.010000012565004148
301,0.01000001136928591
302,0.010000010287355308
303,0.010000009308384015
304,0.01000000842257416
305,0.010000007621060255
306,0.010000006895820484
307,0.010000006239596402
308,0.010000005645820298
309,0.01000000510854946
310,0.010000004622406704
311,0.010000004182526548
312,0.010000003784506523
313,0.010000003424363111
314,0.010000003098491876
315,0.01000000280363139
316,0.010000002576200146
317,0.010000002331042288
318,0.010000002109214286
319,0.010000001908496009
320,0.0100000017268786
321,0.010000001562544374
322,0.010000001413848617
323,0.010000001279303132
324,0.010000001157561344
325,0.010000001094191246
326,0.010000000990065183
327,0.010000000895848024
328,0.010000000810596814
329,0.010000000793434336
330,0.010000000717929076
331,0.01000000064960909
332,0.010000000587790612
333,0.010000000551019822
334,0.010000000498583354
335,0.010000000451136875
336,0.010000000408205525
337,0.010000000369359633
338,0.010000000334210416
339,0.01000000030240609
340,0.010000000287628806
341,0.010000000260257307
342,0.01000000023549055
343,0.010000000213080661
344,0.010000000192803355
345,0.01000000017445569
346,0.010000000157854036
347,0.010000000142832238
348,0.010000000129239952
349,0.010000000116941144
350,0.010000000107004487
351,0.010000000105390318
352,0.01000000010094449
353,0.010000000091338352
354,0.010000000082646359
355,0.010000000074781518
356,0.010000000067665115
357,0.010000000065142081
358,0.010000000063533717
359,0.010000000057487685
360,0.010000000052017009
361,0.010000000050834271
362,0.01000000004599675
363,0.010000000041619581
364,0.010000000037658954
365,0.01000000003407523
366,0.01000000003281779
367,0.010000000029694764
368,0.010000000027629132
369,0.010000000024999872
370,0.01000000002262082
371,0.010000000022148521
372,0.010000000020040811
373,0.010000000018133675
374,0.010000000016408028
375,0.010000000014846598
376,0.010000000013433758
377,0.010000000012155367
378,0.010000000010998631
379,0.010000000009951973
380,0.010000000009004919
381,0.010000000008147988
382,0.010000000007372604
383,0.010000000006671008
384,0.010000000006036177
385,0.010000000005461758
386,0.010000000004942004
387,0.01000000000447171
388,0.01000000000404617
389,0.010000000003661125
390,0.010000000003312724
391,0.010000000002997476
392,0.010000000002712228
393,0.010000000002454126
394,0.010000000002220585
395,0.010000000002009268
396,0.010000000001818062
397,0.01000000000164505
398,0.010000000001488504
399,0.010000000001346853
400,0.010000000001218683
401,0.01000000000110271
402,0.010000000000997773
403,0.010000000000902823
404,0.010000000000816908
405,0.01000000000073917
406,0.010000000000668828
407,0.010000000000605181
408,0.01000000000054759
409,0.01000000000049548
410,0.010000000000448329
411,0.010000000000405665
412,0.01000000000036706
413,0.01000000000033213
414,0.010000000000300524
415,0.010000000000271925
416,0.010000000000246048
417,0.010000000000222633
418,0.010000000000202375
419,0.010000000000183116
420,0.01000000000016569
421,0.010000000000149924
422,0.010000000000135657
423,0.010000000000122748
424,0.010000000000111066
425,0.010000000000100496
426,0.010000000000090933
427,0.01000000000008228
428,0.01000000000007445
429,0.010000000000067365
430,0.010000000000060955
431,0.010000000000055154
432,0.010000000000049905
433,0.010000000000045155
434,0.010000000000040858
435,0.01000000000003697
436,0.010000000000033453
437,0.01000000000003027
438,0.01000000000002739
439,0.010000000000024782
440,0.010000000000022425
441,0.010000000000020291
442,0.01000000000001836
443,0.010000000000016614
444,0.010000000000015033
445,0.010000000000013602
446,0.010000000000012308
447,0.010000000000011137
448,0.010000000000010077
449,0.010000000000009118
450,0.01000000000000825
451,0.010000000000007465
452,0.010000000000006755
453,0.010000000000006112
454,0.01000000000000553
455,0.010000000000005005
456,0.010000000000004528
457,0.010000000000004098
458,0.010000000000003707
459,0.010000000000003355
460,0.010000000000003036
461,0.010000000000002746
462,0.010000000000002484
463,0.010000000000002248
464,0.010000000000002035
465,0.01000000000000184
466,0.010000000000001666
467,0.010000000000001508
468,0.010000000000001364
469,0.010000000000001234
470,0.010000000000001116
471,0.01000000000000101
472,0.010000000000000914
473,0.010000000000000828
474,0.01000000000000075
475,0.010000000000000678
476,0.010000000000000614
477,0.010000000000000555
478,0.010000000000000503
479,0.010000000000000455
480,0.010000000000000411
481,0.010000000000000371
482,0.010000000000000337
483,0.010000000000000306
484,0.010000000000000276
485,0.01000000000000025
486,0.010000000000000226
487,0.010000000000000205
488,0.010000000000000186
489,0.010000000000000168
490,0.010000000000000153
491,0.010000000000000139
492,0.010000000000000125
493,0.010000000000000113
494,0.010000000000000103
495,0.010000000000000092
496,0.010000000000000083
497,0.010000000000000075
498,0.010000000000000068
499,0.010000000000000061
500,0.010000000000000056
501,0.01000000000000005
502,0.010000000000000045
503,0.010000000000000042
504,0.010000000000000038
505,0.010000000000000035
506,0.010000000000000031
507,0.010000000000000028
508,0.010000000000000024
509,0.010000000000000023
510,0.010000000000000021
511,0.01000000000000002
512,0.010000000000000018
513,0.010000000000000016
514,0.010000000000000014
515,0.010000000000000012
516,0.01000000000000001
517,0.010000000000000009
518,0.010000000000000009
519,0.010000000000000009
520,0.010000000000000009
521,0.010000000000000009
522,0.010000000000000009
523,0.010000000000000009
524,0.010000000000000009
525,0.010000000000000009
526,0.010000000000000009
527,0.010000000000000009
528,0.010000000000000009
529,0.010000000000000009
530,0.010000000000000009
531,0.010000000000000009
532,0.010000000000000009
533,0.010000000000000009
534,0.010000000000000009
535,0.010000000000000009
536,0.010000000000000009
537,0.010000000000000009
538,0.010000000000000009
539,0.010000000000000009
540,0.010000000000000009
541,0.010000000000000009
542,0.010000000000000009
543,0.010000000000000009
544,0.010000000000000009
545,0.010000000000000009
546,0.010000000000000009
547,0.010000000000000009
548,0.010000000000000009
549,0.010000000000000009
550,0.010000000000000009
551,0.010000000000000009
552,0.010000000000000009
553,0.010000000000000009
554,0.010000000000000009
555,0.010000000000000009
556,0.010000000000000009
557,0.010000000000000009
558,0.010000000000000009
559,0.010000000000000009
560,0.010000000000000009
561,0.010000000000000009
562,0.010000000000000009
563,0.010000000000000009
564,0.010000000000000009
565,0.010000000000000009
566,0.010000000000000009
567,0.010000000000000009
568,0.010000000000000009
569,0.010000000000000009
570,0.010000000000000009
571,0.010000000000000009
572,0.010000000000000009
573,0.010000000000000009
574,0.010000000000000009
575,0.010000000000000009
576,0.010000000000000009
577,0.010000000000000009
578,0.010000000000000009
579,0.010000000000000009
580,0.010000000000000009
581,0.010000000000000009
582,0.010000000000000009
583,0.010000000000000009
584,0.010000000000000009
585,0.010000000000000009
586,0.010000000000000009
587,0.010000000000000009
588,0.010000000000000009
589,0.010000000000000009
590,0.010000000000000009
591,0.010000000000000009
592,0.010000000000000009
593,0.010000000000000009
594,0.010000000000000009
595,0.010000000000000009
596,0.010000000000000009
597,0.010000000000000009
598,0.010000000000000009
599,0.010000000000000009
600,0.010000000000000009
601,0.010000000000000009
602,0.010000000000000009
603,0.010000000000000009
604,0.010000000000000009
605,0.010000000000000009
606,0.010000000000000009
607,0.010000000000000009
608,0.010000000000000009
609,0.010000000000000009
610,0.010000000000000009
611,0.010000000000000009
612,0.010000000000000009
613,0.010000000000000009
614,0.010000000000000009
615,0.010000000000000009
616,0.010000000000000009
617,0.010000000000000009
618,0.010000000000000009
619,0.010000000000000009
620,0.010000000000000009
621,0.010000000000000009
622,0.010000000000000009
623,0.010000000000000009
624,0.010000000000000009
625,0.010000000000000009
626,0.010000000000000009
627,0.010000000000000009
628,0.010000000000000009
629,0.010000000000000009
630,0.010000000000000009
631,0.010000000000000009
632,0.010000000000000009
633,0.010000000000000009
634,0.010000000000000009
635,0.010000000000000009
636,0.010000000000000009
637,0.010000000000000009
638,0.010000000000000009
639,0.010000000000000009
640,0.010000000000000009
641,0.010000000000000009
642,0.010000000000000009
643,0.010000000000000009
644,0.010000000000000009
645,0.010000000000000009
646,0.010000000000000009
647,0.010000000000000009
648,0.010000000000000009
649,0.010000000000000009
650,0.010000000000000009
651,0.010000000000000009
652,0.010000000000000009
653,0.010000000000000009
654,0.010000000000000009
655,0.010000000000000009
656,0.010000000000000009
657,0.010000000000000009
658,0.010000000000000009
659,0.010000000000000009
660,0.010000000000000009
661,0.010000000000000009
662,0.010000000000000009
663,0.010000000000000009
664,0.010000000000000009
665,0.010000000000000009
666,0.010000000000000009
667,0.010000000000000009
668,0.010000000000000009
669,0.010000000000000009
670,0.010000000000000009
671,0.010000000000000009
672,0.010000000000000009
673,0.010000000000000009
674,0.010000000000000009
675,0.010000000000000009
676,0.010000000000000009
677,0.010000000000000009
678,0.010000000000000009
679,0.010000000000000009
680,0.010000000000000009
681,0.010000000000000009
682,0.010000000000000009
683,0.010000000000000009
684,0.010000000000000009
685,0.010000000000000009
686,0.010000000000000009
687,0.010000000000000009
688,0.010000000000000009
689,0.010000000000000009
690,0.010000000000000009
691,0.010000000000000009
692,0.010000000000000009
693,0.010000000000000009
694,0.010000000000000009
695,0.010000000000000009
696,0.010000000000000009
697,0.010000000000000009
698,0.010000000000000009
699,0.010000000000000009
700,0.010000000000000009
701,0.010000000000000009
702,0.010000000000000009
703,0.010000000000000009
704,0.010000000000000009
705,0.010000000000000009
706,0.010000000000000009
707,0.010000000000000009
708,0.010000000000000009
709,0.010000000000000009
710,0.010000000000000009
711,0.010000000000000009
712,0.010000000000000009
713,0.010000000000000009
714,0.010000000000000009
715,0.010000000000000009
716,0.010000000000000009
717,0.010000000000000009
718,0.010000000000000009
719,0.010000000000000009
720,0.010000000000000009
721,0.010000000000000009
722,0.010000000000000009
723,0.010000000000000009
724,0.010000000000000009
725,0.010000000000000009
726,0.010000000000000009
727,0.010000000000000009
728,0.010000000000000009
729,0.010000000000000009
730,0.010000000000000009
731,0.010000000000000009
732,0.010000000000000009
733,0.010000000000000009
734,0.010000000000000009
735,0.010000000000000009
736,0.010000000000000009
737,0.010000000000000009
738,0.010000000000000009
739,0.010000000000000009
740,0.010000000000000009
741,0.010000000000000009
742,0.010000000000000009
743,0.010000000000000009
744,0.010000000000000009
745,0.010000000000000009
746,0.010000000000000009
747,0.010000000000000009
748,0.010000000000000009
749,0.010000000000000009
750,0.010000000000000009
751,0.010000000000000009
752,0.010000000000000009
753,0.010000000000000009
754,0.010000000000000009
755,0.010000000000000009
756,0.010000000000000009
757,0.010000000000000009
758,0.010000000000000009
759,0.010000000000000009
760,0.010000000000000009
761,0.010000000000000009
762,0.010000000000000009
763,0.010000000000000009
764,0.010000000000000009
765,0.010000000000000009
766,0.010000000000000009
767,0.010000000000000009
768,0.010000000000000009
769,0.010000000000000009
770,0.010000000000000009
771,0.010000000000000009
772,0.010000000000000009
773,0.010000000000000009
774,0.010000000000000009
775,0.010000000000000009
776,0.010000000000000009
777,0.010000000000000009
778,0.010000000000000009
779,0.010000000000000009
780,0.010000000000000009
781,0.010000000000000009
782,0.010000000000000009
783,0.010000000000000009
784,0.010000000000000009
785,0.010000000000000009
786,0.010000000000000009
787,0.010000000000000009
788,0.010000000000000009
789,0.010000000000000009
790,0.010000000000000009
791,0.010000000000000009
792,0.010000000000000009
793,0.010000000000000009
794,0.010000000000000009
795,0.010000000000000009
796,0.010000000000000009
797,0.010000000000000009
798,0.010000000000000009
799,0.010000000000000009
800,0.010000000000000009
801,0.010000000000000009
802,0.010000000000000009
803,0.010000000000000009
804,0.010000000000000009
805,0.010000000000000009
806,0.010000000000000009
807,0.010000000000000009
808,0.010000000000000009
809,0.010000000000000009
810,0.010000000000000009
811,0.010000000000000009
812,0.010000000000000009
813,0.010000000000000009
814,0.010000000000000009
815,0.010000000000000009
816,0.010000000000000009
817,0.010000000000000009
818,0.010000000000000009
819,0.010000000000000009
820,0.010000000000000009
821,0.010000000000000009
822,0.010000000000000009
823,0.010000000000000009
824,0.010000000000000009
825,0.010000000000000009
826,0.010000000000000009
827,0.010000000000000009
828,0.010000000000000009
829,0.010000000000000009
830,0.010000000000000009
831,0.010000000000000009
832,0.010000000000000009
833,0.010000000000000009
834,0.010000000000000009
835,0.010000000000000009
836,0.010000000000000009
837,0.010000000000000009
838,0.010000000000000009
839,0.010000000000000009
840,0.010000000000000009
841,0.010000000000000009
842,0.010000000000000009
843,0.010000000000000009
844,0.010000000000000009
845,0.010000000000000009
846,0.010000000000000009
847,0.010000000000000009
848,0.010000000000000009
849,0.010000000000000009
850,0.010000000000000009
851,0.010000000000000009
852,0.010000000000000009
853,0.010000000000000009
854,0.010000000000000009
855,0.010000000000000009
856,0.010000000000000009
857,0.010000000000000009
858,0.010000000000000009
859,0.010000000000000009
860,0.010000000000000009
861,0.010000000000000009
862,0.010000000000000009
863,0.010000000000000009
864,0.010000000000000009
865,0.010000000000000009
866,0.010000000000000009
867,0.010000000000000009
868,0.010000000000000009
869,0.010000000000000009
870,0.010000000000000009
871,0.010000000000000009
872,0.010000000000000009
873,0.010000000000000009
874,0.010000000000000009
875,0.010000000000000009
876,0.010000000000000009
877,0.010000000000000009
878,0.010000000000000009
879,0.010000000000000009
880,0.010000000000000009
881,0.010000000000000009
882,0.010000000000000009
883,0.010000000000000009
884,0.010000000000000009
885,0.010000000000000009
886,0.010000000000000009
887,0.010000000000000009
888,0.010000000000000009
889,0.010000000000000009
890,0.010000000000000009
891,0.010000000000000009
892,0.010000000000000009
893,0.010000000000000009
894,0.010000000000000009
895,0.010000000000000009
896,0.010000000000000009
897,0.010000000000000009
898,0.010000000000000009
899,0.010000000000000009
900,0.010000000000000009
901,0.010000000000000009
902,0.010000000000000009
903,0.010000000000000009
904,0.010000000000000009
905,0.010000000000000009
906,0.010000000000000009
907,0.010000000000000009
908,0.010000000000000009
909,0.010000000000000009
910,0.010000000000000009
911,0.010000000000000009
912,0.010000000000000009
913,0.010000000000000009
914,0.010000000000000009
915,0.010000000000000009
916,0.010000000000000009
917,0.010000000000000009
918,0.010000000000000009
919,0.010000000000000009
920,0.010000000000000009
921,0.010000000000000009
922,0.010000000000000009
923,0.010000000000000009
924,0.010000000000000009
925,0.010000000000000009
926,0.010000000000000009
927,0.010000000000000009
928,0.010000000000000009
929,0.010000000000000009
930,0.010000000000000009
931,0.010000000000000009
932,0.010000000000000009
933,0.010000000000000009
934,0.010000000000000009
935,0.010000000000000009
936,0.010000000000000009
937,0.010000000000000009
938,0.010000000000000009
939,0.010000000000000009
940,0.010000000000000009
941,0.010000000000000009
942,0.010000000000000009
943,0.010000000000000009
944,0.010000000000000009
945,0.010000000000000009
946,0.010000000000000009
947,0.010000000000000009
948,0.010000000000000009
949,0.010000000000000009
950,0.010000000000000009
951,0.010000000000000009
952,0.010000000000000009
953,0.010000000000000009
954,0.010000000000000009
955,0.010000000000000009
956,0.010000000000000009
957,0.010000000000000009
958,0.010000000000000009
959,0.010000000000000009
960,0.010000000000000009
961,0.010000000000000009
962,0.010000000000000009
963,0.010000000000000009
964,0.010000000000000009
965,0.010000000000000009
966,0.010000000000000009
967,0.010000000000000009
968,0.010000000000000009
969,0.010000000000000009
970,0.010000000000000009
971,0.010000000000000009
972,0.010000000000000009
973,0.010000000000000009
974,0.010000000000000009
975,0.010000000000000009
976,0.010000000000000009
977,0.010000000000000009
978,0.010000000000000009
979,0.010000000000000009
980,0.010000000000000009
981,0.010000000000000009
982,0.010000000000000009
983,0.010000000000000009
984,0.010000000000000009
985,0.010000000000000009
986,0.010000000000000009
987,0.010000000000000009
988,0.010000000000000009
989,0.010000000000000009
990,0.010000000000000009
991,0.010000000000000009
992,0.010000000000000009
993,0.010000000000000009
994,0.010000000000000009
995,0.010000000000000009
996,0.010000000000000009
997,0.010000000000000009
998,0.010000000000000009
999,0.010000000000000009
1000,0.010000000000000009
1001,0.010000000000000009
1002,0.010000000000000009
1003,0.010000000000000009
1004,0.010000000000000009
1005,0.010000000000000009
1006,0.010000000000000009
1007,0.010000000000000009
1008,0.010000000000000009
1009,0.010000000000000009
1010,0.010000000000000009
1011,0.010000000000000009
1012,0.010000000000000009
1013,0.010000000000000009
1014,0.010000000000000009
1015,0.010000000000000009
1016,0.010000000000000009
1017,0.010000000000000009
1018,0.010000000000000009
1019,0.010000000000000009
1020,0.010000000000000009
1021,0.010000000000000009
1022,0.010000000000000009
1023,0.010000000000000009
1024,0.010000000000000009
1025,0.010000000000000009
1026,0.010000000000000009
1027,0.010000000000000009
1028,0.010000000000000009
1029,0.010000000000000009
1030,0.010000000000000009
1031,0.010000000000000009
1032,0.010000000000000009
1033,0.010000000000000009
1034,0.010000000000000009
1035,0.010000000000000009
1036,0.010000000000000009
1037,0.010000000000000009
1038,0.010000000000000009
1039,0.010000000000000009
1040,0.010000000000000009
1041,0.010000000000000009
1042,0.010000000000000009
1043,0.010000000000000009
1044,0.010000000000000009
1045,0.010000000000000009
1046,0.010000000000000009
1047,0.010000000000000009
1048,0.010000000000000009
1049,0.010000000000000009
1050,0.010000000000000009
1051,0.010000000000000009
1052,0.010000000000000009
1053,0.010000000000000009
1054,0.010000000000000009
1055,0.010000000000000009
1056,0.010000000000000009
1057,0.010000000000000009
1058,0.010000000000000009
1059,0.010000000000000009
1060,0.010000000000000009
1061,0.010000000000000009
1062,0.010000000000000009
1063,0.010000000000000009
1064,0.010000000000000009
1065,0.010000000000000009
1066,0.010000000000000009
1067,0.010000000000000009
1068,0.010000000000000009
1069,0.010000000000000009
1070,0.010000000000000009
1071,0.010000000000000009
1072,0.010000000000000009
1073,0.010000000000000009
1074,0.010000000000000009
1075,0.010000000000000009
1076,0.010000000000000009
1077,0.010000000000000009
1078,0.010000000000000009
1079,0.010000000000000009
1080,0.010000000000000009
1081,0.010000000000000009
1082,0.010000000000000009
1083,0.010000000000000009
1084,0.010000000000000009
1085,0.010000000000000009
1086,0.010000000000000009
1087,0.010000000000000009
1088,0.010000000000000009
1089,0.010000000000000009
1090,0.010000000000000009
1091,0.010000000000000009
1092,0.010000000000000009
1093,0.010000000000000009
1094,0.010000000000000009
1095,0.010000000000000009
1096,0.010000000000000009
1097,0.010000000000000009
1098,0.010000000000000009
1099,0.010000000000000009
1100,0.010000000000000009
1101,0.010000000000000009
1102,0.010000000000000009
1103,0.010000000000000009
1104,0.010000000000000009
1105,0.010000000000000009
1106,0.010000000000000009
1107,0.010000000000000009
1108,0.010000000000000009
1109,0.010000000000000009
1110,0.010000000000000009
1111,0.010000000000000009
1112,0.010000000000000009
1113,0.010000000000000009
1114,0.010000000000000009
1115,0.010000000000000009
1116,0.010000000000000009
1117,0.010000000000000009
1118,0.010000000000000009
1119,0.010000000000000009
1120,0.010000000000000009
1121,0.010000000000000009
1122,0.010000000000000009
1123,0.010000000000000009
1124,0.010000000000000009
1125,0.010000000000000009
1126,0.010000000000000009
1127,0.010000000000000009
1128,0.010000000000000009
1129,0.010000000000000009
1130,0.010000000000000009
1131,0.010000000000000009
1132,0.010000000000000009
1133,0.010000000000000009
1134,0.010000000000000009
1135,0.010000000000000009
1136,0.010000000000000009
1137,0.010000000000000009
1138,0.010000000000000009
1139,0.010000000000000009
1140,0.010000000000000009
1141,0.010000000000000009
1142,0.010000000000000009
1143,0.010000000000000009
1144,0.010000000000000009
1145,0.010000000000000009
1146,0.010000000000000009
1147,0.010000000000000009
1148,0.010000000000000009
1149,0.010000000000000009
1150,0.010000000000000009
1151,0.010000000000000009
1152,0.010000000000000009
1153,0.010000000000000009
1154,0.010000000000000009
1155,0.010000000000000009
1156,0.010000000000000009
1157,0.010000000000000009
1158,0.010000000000000009
1159,0.010000000000000009
1160,0.010000000000000009
1161,0.010000000000000009
1162,0.010000000000000009
1163,0.010000000000000009
1164,0.010000000000000009
1165,0.010000000000000009
1166,0.010000000000000009
1167,0.010000000000000009
1168,0.010000000000000009
1169,0.010000000000000009
1170,0.010000000000000009
1171,0.010000000000000009
1172,0.010000000000000009
1173,0.010000000000000009
1174,0.010000000000000009
1175,0.010000000000000009
1176,0.010000000000000009
1177,0.010000000000000009
1178,0.010000000000000009
1179,0.010000000000000009
1180,0.010000000000000009
1181,0.010000000000000009
1182,0.010000000000000009
1183,0.010000000000000009
1184,0.010000000000000009
1185,0.010000000000000009
1186,0.010000000000000009
1187,0.010000000000000009
1188,0.010000000000000009
1189,0.010000000000000009
1190,0.010000000000000009
1191,0.010000000000000009
1192,0.010000000000000009
1193,0.010000000000000009
1194,0.010000000000000009
1195,0.010000000000000009
1196,0.010000000000000009
1197,0.010000000000000009
1198,0.010000000000000009
1199,0.010000000000000009
1200,0.010000000000000009
1201,0.010000000000000009
1202,0.010000000000000009
1203,0.010000000000000009
1204,0.010000000000000009
1205,0.010000000000000009
1206,0.010000000000000009
1207,0.010000000000000009
1208,0.010000000000000009
1209,0.010000000000000009
1210,0.010000000000000009
1211,0.010000000000000009
1212,0.010000000000000009
1213,0.010000000000000009
1214,0.010000000000000009
1215,0.010000000000000009
1216,0.010000000000000009
1217,0.010000000000000009
1218,0.010000000000000009
1219,0.010000000000000009
1220,0.010000000000000009
1221,0.010000000000000009
1222,0.010000000000000009
1223,0.010000000000000009
1224,0.010000000000000009
1225,0.010000000000000009
1226,0.010000000000000009
1227,0.010000000000000009
1228,0.010000000000000009
1229,0.010000000000000009
1230,0.010000000000000009
1231,0.010000000000000009
1232,0.010000000000000009
1233,0.010000000000000009
1234,0.010000000000000009
1235,0.010000000000000009
1236,0.010000000000000009
1237,0.010000000000000009
1238,0.010000000000000009
1239,0.010000000000000009
1240,0.010000000000000009
1241,0.010000000000000009
1242,0.010000000000000009
1243,0.010000000000000009
1244,0.010000000000000009
1245,0.010000000000000009
1246,0.010000000000000009
1247,0.010000000000000009
1248,0.010000000000000009
1249,0.010000000000000009
1250,0.010000000000000009
1251,0.010000000000000009
1252,0.010000000000000009
1253,0.010000000000000009
1254,0.010000000000000009
1255,0.010000000000000009
1256,0.010000000000000009
1257,0.010000000000000009
1258,0.010000000000000009
1259,0.010000000000000009
1260,0.010000000000000009
1261,0.010000000000000009
1262,0.010000000000000009
1263,0.010000000000000009
1264,0.010000000000000009
1265,0.010000000000000009
1266,0.010000000000000009
1267,0.010000000000000009
1268,0.010000000000000009
1269,0.010000000000000009
1270,0.010000000000000009
1271,0.010000000000000009
1272,0.010000000000000009
1273,0.010000000000000009
1274,0.010000000000000009
1275,0.010000000000000009
1276,0.010000000000000009
1277,0.010000000000000009
1278,0.010000000000000009
1279,0.010000000000000009
1280,0.010000000000000009
1281,0.010000000000000009
1282,0.010000000000000009
1283,0.010000000000000009
1284,0.010000000000000009
1285,0.010000000000000009
1286,0.010000000000000009
1287,0.010000000000000009
1288,0.010000000000000009
1289,0.010000000000000009
1290,0.010000000000000009
1291,0.010000000000000009
1292,0.010000000000000009
1293,0.010000000000000009
1294,0.010000000000000009
1295,0.010000000000000009
1296,0.010000000000000009
1297,0.010000000000000009
1298,0.010000000000000009
1299,0.010000000000000009
1300,0.010000000000000009
1301,0.010000000000000009
1302,0.010000000000000009
1303,0.010000000000000009
1304,0.010000000000000009
1305,0.010000000000000009
1306,0.010000000000000009
1307,0.010000000000000009
1308,0.010000000000000009
1309,0.010000000000000009
1310,0.010000000000000009
1311,0.010000000000000009
1312,0.010000000000000009
1313,0.010000000000000009
1314,0.010000000000000009
1315,0.010000000000000009
1316,0.010000000000000009
1317,0.010000000000000009
1318,0.010000000000000009
1319,0.010000000000000009
1320,0.010000000000000009
1321,0.010000000000000009
1322,0.010000000000000009
1323,0.010000000000000009
1324,0.010000000000000009
1325,0.010000000000000009
1326,0.010000000000000009
1327,0.010000000000000009
1328,0.010000000000000009
1329,0.010000000000000009
1330,0.010000000000000009
1331,0.010000000000000009
1332,0.010000000000000009
1333,0.010000000000000009
1334,0.010000000000000009
1335,0.010000000000000009
1336,0.010000000000000009
1337,0.010000000000000009
1338,0.010000000000000009
1339,0.010000000000000009
1340,0.010000000000000009
1341,0.010000000000000009
1342,0.010000000000000009
1343,0.010000000000000009
1344,0.010000000000000009
1345,0.010000000000000009
1346,0.010000000000000009
1347,0.010000000000000009
1348,0.010000000000000009
1349,0.010000000000000009
1350,0.010000000000000009
1351,0.010000000000000009
1352,0.010000000000000009
1353,0.010000000000000009
1354,0.010000000000000009
1355,0.010000000000000009
1356,0.010000000000000009
1357,0.010000000000000009
1358,0.010000000000000009
1359,0.010000000000000009
1360,0.010000000000000009
1361,0.010000000000000009
1362,0.010000000000000009
1363,0.010000000000000009
1364,0.010000000000000009
1365,0.010000000000000009
1366,0.010000000000000009
1367,0.010000000000000009
1368,0.010000000000000009
1369,0.010000000000000009
1370,0.010000000000000009
1371,0.010000000000000009
1372,0.010000000000000009
1373,0.010000000000000009
1374,0.010000000000000009
1375,0.010000000000000009
1376,0.010000000000000009
1377,0.010000000000000009
1378,0.010000000000000009
1379,0.010000000000000009
1380,0.010000000000000009
1381,0.010000000000000009
1382,0.010000000000000009
1383,0.010000000000000009
1384,0.010000000000000009
1385,0.010000000000000009
1386,0.010000000000000009
1387,0.010000000000000009
1388,0.010000000000000009
1389,0.010000000000000009
1390,0.010000000000000009
1391,0.010000000000000009
1392,0.010000000000000009
1393,0.010000000000000009
1394,0.010000000000000009
1395,0.010000000000000009
1396,0.010000000000000009
1397,0.010000000000000009
1398,0.010000000000000009
1399,0.010000000000000009
1400,0.010000000000000009
1401,0.010000000000000009
1402,0.010000000000000009
1403,0.010000000000000009
1404,0.010000000000000009
1405,0.010000000000000009
1406,0.010000000000000009
1407,0.010000000000000009
1408,0.010000000000000009
1409,0.010000000000000009
1410,0.010000000000000009
1411,0.010000000000000009
1412,0.010000000000000009
1413,0.010000000000000009
1414,0.010000000000000009
1415,0.010000000000000009
1416,0.010000000000000009
1417,0.010000000000000009
1418,0.010000000000000009
1419,0.010000000000000009
1420,0.010000000000000009
1421,0.010000000000000009
1422,0.010000000000000009
1423,0.010000000000000009
1424,0.010000000000000009
1425,0.010000000000000009
1426,0.010000000000000009
1427,0.010000000000000009
1428,0.010000000000000009
1429,0.010000000000000009
1430,0.010000000000000009
1431,0.010000000000000009
1432,0.010000000000000009
1433,0.010000000000000009
1434,0.010000000000000009
1435,0.010000000000000009
1436,0.010000000000000009
1437,0.010000000000000009
1438,0.010000000000000009
1439,0.010000000000000009
1440,0.010000000000000009
1441,0.010000000000000009
1442,0.010000000000000009
1443,0.010000000000000009
1444,0.010000000000000009
1445,0.010000000000000009
1446,0.010000000000000009
1447,0.010000000000000009
1448,0.010000000000000009
1449,0.010000000000000009
1450,0.010000000000000009
1451,0.010000000000000009
1452,0.010000000000000009
1453,0.010000000000000009
1454,0.010000000000000009
1455,0.010000000000000009
1456,0.010000000000000009
1457,0.010000000000000009
1458,0.010000000000000009
1459,0.010000000000000009
1460,0.010000000000000009
1461,0.010000000000000009
1462,0.010000000000000009
1463,0.010000000000000009
1464,0.010000000000000009
1465,0.010000000000000009
1466,0.010000000000000009
1467,0.010000000000000009
1468,0.010000000000000009
1469,0.010000000000000009
1470,0.010000000000000009
1471,0.010000000000000009
1472,0.010000000000000009
1473,0.010000000000000009
1474,0.010000000000000009
1475,0.010000000000000009
1476,0.010000000000000009
1477,0.010000000000000009
1478,0.010000000000000009
1479,0.010000000000000009
1480,0.010000000000000009
1481,0.010000000000000009
1482,0.010000000000000009
1483,0.010000000000000009
1484,0.010000000000000009
1485,0.010000000000000009
1486,0.010000000000000009
1487,0.010000000000000009
1488,0.010000000000000009
1489,0.010000000000000009
1490,0.010000000000000009
1491,0.010000000000000009
1492,0.010000000000000009
1493,0.010000000000000009
1494,0.010000000000000009
1495,0.010000000000000009
1496,0.010000000000000009
1497,0.010000000000000009
1498,0.010000000000000009
1499,0.010000000000000009
1500,0.010000000000000009
1501,0.010000000000000009
1502,0.010000000000000009
1503,0.010000000000000009
1504,0.010000000000000009
1505,0.010000000000000009
1506,0.010000000000000009
1507,0.010000000000000009
1508,0.010000000000000009
1509,0.010000000000000009
1510,0.010000000000000009
1511,0.010000000000000009
1512,0.010000000000000009
1513,0.010000000000000009
1514,0.010000000000000009
1515,0.010000000000000009
1516,0.010000000000000009
1517,0.010000000000000009
1518,0.010000000000000009
1519,0.010000000000000009
1520,0.010000000000000009
1521,0.010000000000000009
1522,0.010000000000000009
1523,0.010000000000000009
1524,0.010000000000000009
1525,0.010000000000000009
1526,0.010000000000000009
1527,0.010000000000000009
1528,0.010000000000000009
1529,0.010000000000000009
1530,0.010000000000000009
1531,0.010000000000000009
1532,0.010000000000000009
1533,0.010000000000000009
1534,0.010000000000000009
1535,0.010000000000000009
1536,0.010000000000000009
1537,0.010000000000000009
1538,0.010000000000000009
1539,0.010000000000000009
1540,0.010000000000000009
1541,0.010000000000000009
1542,0.010000000000000009
1543,0.010000000000000009
1544,0.010000000000000009
1545,0.010000000000000009
1546,0.010000000000000009
1547,0.010000000000000009
1548,0.010000000000000009
1549,0.010000000000000009
1550,0.010000000000000009
1551,0.010000000000000009
1552,0.010000000000000009
1553,0.010000000000000009
1554,0.010000000000000009
1555,0.010000000000000009
1556,0.010000000000000009
1557,0.010000000000000009
1558,0.010000000000000009
1559,0.010000000000000009
1560,0.010000000000000009
1561,0.010000000000000009
1562,0.010000000000000009
1563,0.010000000000000009
1564,0.010000000000000009
1565,0.010000000000000009
1566,0.010000000000000009
1567,0.010000000000000009
1568,0.010000000000000009
1569,0.010000000000000009
1570,0.010000000000000009
1571,0.010000000000000009
1572,0.010000000000000009
1573,0.010000000000000009
1574,0.010000000000000009
1575,0.010000000000000009
1576,0.010000000000000009
1577,0.010000000000000009
1578,0.010000000000000009
1579,0.010000000000000009
1580,0.010000000000000009
1581,0.010000000000000009
1582,0.010000000000000009
1583,0.010000000000000009
1584,0.010000000000000009
1585,0.010000000000000009
1586,0.010000000000000009
1587,0.010000000000000009
1588,0.010000000000000009
1589,0.010000000000000009
1590,0.010000000000000009
1591,0.010000000000000009
1592,0.010000000000000009
1593,0.010000000000000009
1594,0.010000000000000009
1595,0.010000000000000009
1596,0.010000000000000009
1597,0.010000000000000009
1598,0.010000000000000009
1599,0.010000000000000009
1600,0.010000000000000009
1601,0.010000000000000009
1602,0.010000000000000009
1603,0.010000000000000009
1604,0.010000000000000009
1605,0.010000000000000009
1606,0.010000000000000009
1607,0.010000000000000009
1608,0.010000000000000009
1609,0.010000000000000009
1610,0.010000000000000009
1611,0.010000000000000009
1612,0.010000000000000009
1613,0.010000000000000009
1614,0.010000000000000009
1615,0.010000000000000009
1616,0.010000000000000009
1617,0.010000000000000009
1618,0.010000000000000009
1619,0.010000000000000009
1620,0.010000000000000009
1621,0.010000000000000009
1622,0.010000000000000009
1623,0.010000000000000009
1624,0.010000000000000009
1625,0.010000000000000009
1626,0.010000000000000009
1627,0.010000000000000009
1628,0.010000000000000009
1629,0.010000000000000009
1630,0.010000000000000009
1631,0.010000000000000009
1632,0.010000000000000009
1633,0.010000000000000009
1634,0.010000000000000009
1635,0.010000000000000009
1636,0.010000000000000009
1637,0.010000000000000009
1638,0.010000000000000009
1639,0.010000000000000009
1640,0.010000000000000009
1641,0.010000000000000009
1642,0.010000000000000009
1643,0.010000000000000009
1644,0.010000000000000009
1645,0.010000000000000009
1646,0.010000000000000009
1647,0.010000000000000009
1648,0.010000000000000009
1649,0.010000000000000009
1650,0.010000000000000009
1651,0.010000000000000009
1652,0.010000000000000009
1653,0.010000000000000009
1654,0.010000000000000009
1655,0.010000000000000009
1656,0.010000000000000009
1657,0.010000000000000009
1658,0.010000000000000009
1659,0.010000000000000009
1660,0.010000000000000009
1661,0.010000000000000009
1662,0.010000000000000009
1663,0.010000000000000009
1664,0.010000000000000009
1665,0.010000000000000009
1666,0.010000000000000009
1667,0.010000000000000009
1668,0.010000000000000009
1669,0.010000000000000009
1670,0.010000000000000009
1671,0.010000000000000009
1672,0.010000000000000009
1673,0.010000000000000009
1674,0.010000000000000009
1675,0.010000000000000009
1676,0.010000000000000009
1677,0.010000000000000009
1678,0.010000000000000009
1679,0.010000000000000009
1680,0.010000000000000009
1681,0.010000000000000009
1682,0.010000000000000009
1683,0.010000000000000009
1684,0.010000000000000009
1685,0.010000000000000009
1686,0.010000000000000009
1687,0.010000000000000009
1688,0.010000000000000009
1689,0.010000000000000009
1690,0.010000000000000009
1691,0.010000000000000009
1692,0.010000000000000009
1693,0.010000000000000009
1694,0.010000000000000009
1695,0.010000000000000009
1696,0.010000000000000009
1697,0.010000000000000009
1698,0.010000000000000009
1699,0.010000000000000009
1700,0.010000000000000009
1701,0.010000000000000009
1702,0.010000000000000009
1703,0.010000000000000009
1704,0.010000000000000009
1705,0.010000000000000009
1706,0.010000000000000009
1707,0.010000000000000009
1708,0.010000000000000009
1709,0.010000000000000009
1710,0.010000000000000009
1711,0.010000000000000009
1712,0.010000000000000009
1713,0.010000000000000009
1714,0.010000000000000009
1715,0.010000000000000009
1716,0.010000000000000009
1717,0.010000000000000009
1718,0.010000000000000009
1719,0.010000000000000009
1720,0.010000000000000009
1721,0.010000000000000009
1722,0.010000000000000009
1723,0.010000000000000009
1724,0.010000000000000009
1725,0.010000000000000009
1726,0.010000000000000009
1727,0.010000000000000009
1728,0.010000000000000009
1729,0.010000000000000009
1730,0.010000000000000009
1731,0.010000000000000009
1732,0.010000000000000009
1733,0.010000000000000009
1734,0.010000000000000009
1735,0.010000000000000009
1736,0.010000000000000009
1737,0.010000000000000009
1738,0.010000000000000009
1739,0.010000000000000009
1740,0.010000000000000009
1741,0.010000000000000009
1742,0.010000000000000009
1743,0.010000000000000009
1744,0.010000000000000009
1745,0.010000000000000009
1746,0.010000000000000009
1747,0.010000000000000009
1748,0.010000000000000009
1749,0.010000000000000009
1750,0.010000000000000009
1751,0.010000000000000009
1752,0.010000000000000009
1753,0.010000000000000009
1754,0.010000000000000009
1755,0.010000000000000009
1756,0.010000000000000009
1757,0.010000000000000009
1758,0.010000000000000009
1759,0.010000000000000009
1760,0.010000000000000009
1761,0.010000000000000009
1762,0.010000000000000009
1763,0.010000000000000009
1764,0.010000000000000009
1765,0.010000000000000009
1766,0.010000000000000009
1767,0.010000000000000009
1768,0.010000000000000009
1769,0.010000000000000009
1770,0.010000000000000009
1771,0.010000000000000009
1772,0.010000000000000009
1773,0.010000000000000009
1774,0.010000000000000009
1775,0.010000000000000009
1776,0.010000000000000009
1777,0.010000000000000009
1778,0.010000000000000009
1779,0.010000000000000009
1780,0.010000000000000009
1781,0.010000000000000009
1782,0.010000000000000009
1783,0.010000000000000009
1784,0.010000000000000009
1785,0.010000000000000009
1786,0.010000000000000009
1787,0.010000000000000009
1788,0.010000000000000009
1789,0.010000000000000009
1790,0.010000000000000009
1791,0.010000000000000009
1792,0.010000000000000009
1793,0.010000000000000009
1794,0.010000000000000009
1795,0.010000000000000009
1796,0.010000000000000009
1797,0.010000000000000009
1798,0.010000000000000009
1799,0.010000000000000009
1800,0.010000000000000009
1801,0.010000000000000009
1802,0.010000000000000009
1803,0.010000000000000009
1804,0.010000000000000009
1805,0.010000000000000009
1806,0.010000000000000009
1807,0.010000000000000009
1808,0.010000000000000009
1809,0.010000000000000009
1810,0.010000000000000009
1811,0.010000000000000009
1812,0.010000000000000009
1813,0.010000000000000009
1814,0.010000000000000009
1815,0.010000000000000009
1816,0.010000000000000009
1817,0.010000000000000009
1818,0.010000000000000009
1819,0.010000000000000009
1820,0.010000000000000009
1821,0.010000000000000009
1822,0.010000000000000009
1823,0.010000000000000009
1824,0.010000000000000009
1825,0.010000000000000009
1826,0.010000000000000009
1827,0.010000000000000009
1828,0.010000000000000009
1829,0.010000000000000009
1830,0.010000000000000009
1831,0.010000000000000009
1832,0.010000000000000009
1833,0.010000000000000009
1834,0.010000000000000009
1835,0.010000000000000009
1836,0.010000000000000009
1837,0.010000000000000009
1838,0.010000000000000009
1839,0.010000000000000009
1840,0.010000000000000009
1841,0.010000000000000009
1842,0.010000000000000009
1843,0.010000000000000009
1844,0.010000000000000009
1845,0.010000000000000009
1846,0.010000000000000009
1847,0.010000000000000009
1848,0.010000000000000009
1849,0.010000000000000009
1850,0.010000000000000009
1851,0.010000000000000009
1852,0.010000000000000009
1853,0.010000000000000009
1854,0.010000000000000009
1855,0.010000000000000009
1856,0.010000000000000009
1857,0.010000000000000009
1858,0.010000000000000009
1859,0.010000000000000009
1860,0.010000000000000009
1861,0.010000000000000009
1862,0.010000000000000009
1863,0.010000000000000009
1864,0.010000000000000009
1865,0.010000000000000009
1866,0.010000000000000009
1867,0.010000000000000009
1868,0.010000000000000009
1869,0.010000000000000009
1870,0.010000000000000009
1871,0.010000000000000009
1872,0.010000000000000009
1873,0.010000000000000009
1874,0.010000000000000009
1875,0.010000000000000009
1876,0.010000000000000009
1877,0.010000000000000009
1878,0.010000000000000009
1879,0.010000000000000009
1880,0.010000000000000009
1881,0.010000000000000009
1882,0.010000000000000009
1883,0.010000000000000009
1884,0.010000000000000009
1885,0.010000000000000009
1886,0.010000000000000009
1887,0.010000000000000009
1888,0.010000000000000009
1889,0.010000000000000009
1890,0.010000000000000009
1891,0.010000000000000009
1892,0.010000000000000009
1893,0.010000000000000009
1894,0.010000000000000009
1895,0.010000000000000009
1896,0.010000000000000009
1897,0.010000000000000009
1898,0.010000000000000009
1899,0.010000000000000009
1900,0.010000000000000009
1901,0.010000000000000009
1902,0.010000000000000009
1903,0.010000000000000009
1904,0.010000000000000009
1905,0.010000000000000009
1906,0.010000000000000009
1907,0.010000000000000009
1908,0.010000000000000009
1909,0.010000000000000009
1910,0.010000000000000009
1911,0.010000000000000009
1912,0.010000000000000009
1913,0.010000000000000009
1914,0.010000000000000009
1915,0.010000000000000009
1916,0.010000000000000009
1917,0.010000000000000009
1918,0.010000000000000009
1919,0.010000000000000009
1920,0.010000000000000009
1921,0.010000000000000009
1922,0.010000000000000009
1923,0.010000000000000009
1924,0.010000000000000009
1925,0.010000000000000009
1926,0.010000000000000009
1927,0.010000000000000009
1928,0.010000000000000009
1929,0.010000000000000009
1930,0.010000000000000009
1931,0.010000000000000009
1932,0.010000000000000009
1933,0.010000000000000009
1934,0.010000000000000009
1935,0.010000000000000009
1936,0.010000000000000009
1937,0.010000000000000009
1938,0.010000000000000009
1939,0.010000000000000009
1940,0.010000000000000009
1941,0.010000000000000009
1942,0.010000000000000009
1943,0.010000000000000009
1944,0.010000000000000009
1945,0.010000000000000009
1946,0.010000000000000009
1947,0.010000000000000009
1948,0.010000000000000009
1949,0.010000000000000009
1950,0.010000000000000009
1951,0.010000000000000009
1952,0.010000000000000009
1953,0.010000000000000009
1954,0.010000000000000009
1955,0.010000000000000009
1956,0.010000000000000009
1957,0.010000000000000009
1958,0.010000000000000009
1959,0.010000000000000009
1960,0.010000000000000009
1961,0.010000000000000009
1962,0.010000000000000009
1963,0.010000000000000009
1964,0.010000000000000009
1965,0.010000000000000009
1966,0.010000000000000009
1967,0.010000000000000009
1968,0.010000000000000009
1969,0.010000000000000009
1970,0.010000000000000009
1971,0.010000000000000009
1972,0.010000000000000009
1973,0.010000000000000009
1974,0.010000000000000009
1975,0.010000000000000009
1976,0.010000000000000009
1977,0.010000000000000009
1978,0.010000000000000009
1979,0.010000000000000009
1980,0.010000000000000009
1981,0.010000000000000009
1982,0.010000000000000009
1983,0.010000000000000009
1984,0.010000000000000009
1985,0.010000000000000009
1986,0.010000000000000009
1987,0.010000000000000009
1988,0.010000000000000009
1989,0.010000000000000009
1990,0.010000000000000009
1991,0.010000000000000009
1992,0.010000000000000009
1993,0.010000000000000009
1994,0.010000000000000009
1995,0.010000000000000009
1996,0.010000000000000009
1997,0.010000000000000009
1998,0.010000000000000009
