0,1.0
1,0.9884844970550282
2,0.9825339093672095
3,0.9696848440622753
4,0.9628952133804366
5,0.9542632021577265
6,0.9460837445314924
7,0.9371403376224132
8,0.9315941507957094
9,0.925714782278104
10,0.9178734014171986
11,0.9108195347292952
12,0.9030163976417065
13,0.8928938190339442
14,0.887261341744961
15,0.8784455966471333
16,0.8704064923749412
17,0.8594634739984213
18,0.852189411423524
19,0.8415612376530163
20,0.8313956807666705
21,0.819328541784498
22,0.8137633966765032
23,0.8041758760898758
24,0.7939184077041542
25,0.7829427186028167
26,0.773417407869358
27,0.7639340845223609
28,0.7559845899811203
29,0.7493008506136237
30,0.7407745091355731
31,0.7319854188054943
32,0.725946141762018
33,0.7181138905592912
34,0.7084788807747637
35,0.7024284719533022
36,0.6968424552396836
37,0.6910290364017911
38,0.6814939076191661
39,0.6746130177860219
40,0.6652422031775727
41,0.656197343954308
42,0.6500235311685277
43,0.6430851575107708
44,0.6368485366621325
45,0.6293093732907687
46,0.6209437807843264
47,0.6120285943666083
48,0.6039558221599097
49,0.5957569503988689
50,0.5400148065955301
51,0.5293639776908516
52,0.5196911444383411
53,0.5102985114268432
54,0.5008825743728152
55,0.4905373433731839
56,0.4832410807598538
57,0.4779703518338999
58,0.4723420305902755
59,0.46277936014374405
60,0.45661858060901217
61,0.4487829813524923
62,0.43914932836550086
63,0.42876292281994244
64,0.42182765269509975
65,0.41395558876887967
66,0.4086185494220853
67,0.4031160823254602
68,0.3947542978391161
69,0.3878906783699594
70,0.37955698230587115
71,0.3630483241343327
72,0.35702781773904085
73,0.34586353886186727
74,0.33603506702029
75,0.32416079572395395
76,0.30172306453837316
77,0.29036853751155134
78,0.28572526219707045
79,0.26966827295041873
80,0.2507369739598407
81,0.24025904163296097
82,0.2183469967106029
83,0.21051818544925807
84,0.2013310058687898
85,0.18667377327053353
86,0.18210503226227856
87,0.17745337312809006
88,0.17335160166792443
89,0.16787521509820014
90,0.1536823475455972
91,0.14000916437050356
92,0.1276371566100191
93,0.11644250105210148
94,0.1063131578212734
95,0.09714774904589091
96,0.09193325424024161
97,0.08413627421802405
98,0.07708127494624276
99,0.0706976476209186
100,0.06956719142935294
101,0.06389862369258945
102,0.05876949149769443
103,0.054128460765700506
104,0.05033844333374322
105,0.049346418064273874
106,0.04864838323069612
107,0.04769792085236944
108,0.04703653815709424
109,0.04403212539694609
110,0.04339161909274277
111,0.04030779509010825
112,0.037423627055696476
113,0.036295687257397326
114,0.035582408393065326
115,0.03382427319582902
116,0.03318498667524142
117,0.03097864348042357
118,0.0300836277456297
119,0.02817241787415093
120,0.026443083668717247
121,0.024878317371351363
122,0.023462458275013132
123,0.022181335985979718
124,0.021223445551781673
125,0.020155393494541304
126,0.019188980028739935
127,0.018346188295890145
128,0.018168660509695678
129,0.017524805349532616
130,0.01680872544369427
131,0.016160789550588063
132,0.01567916913582173
133,0.015551149054236945
134,0.015022887377368517
135,0.014671615499022737
136,0.014227052506192505
137,0.013896991881669176
138,0.013526144072316632
139,0.013190587098017785
140,0.012886962591789258
141,0.012644296200482075
142,0.0123926581465665
143,0.012164966619581935
144,0.011958942806196558
145,0.01177252475083901
146,0.011603846718954003
147,0.011451220524103786
148,0.011330300615158679
149,0.011203705773831828
150,0.011089158024468969
151,0.010992334474282243
152,0.010897901363537616
153,0.010812454751434344
154,0.010735139459558899
155,0.010665181690483624
156,0.010601881283341998
157,0.010544604706383343
158,0.010492778716374137
159,0.010445884621387048
160,0.010403453089557799
161,0.010365059451854109
162,0.010332906018064063
163,0.01030122582183372
164,0.0102740362020994
165,0.010247958209556
166,0.01022436186611547
167,0.010203011011641653
168,0.010191686307752752
169,0.010176860311797943
170,0.010160029827880286
171,0.010144800976267937
172,0.010131152428369376
173,0.010118671624654891
174,0.010107378526446864
175,0.010097160108622686
176,0.010089439303506956
177,0.010080928028456169
178,0.01007322670831502
179,0.010066258265683036
180,0.01005995295804418
181,0.010054247679760313
182,0.010049707718462988
183,0.01004497740363051
184,0.010040697237770992
185,0.010036835432518227
186,0.010034286792513782
187,0.01003219336006455
188,0.010029129756798708
189,0.010026357693929759
190,0.010023849427720785
191,0.010021579854600511
192,0.010019526259918319
193,0.010017668090608391
194,0.010015986749487721
195,0.010014465409129257
196,0.01001308884344735
197,0.010011843275309977
198,0.01001071623865257
199,0.010009696453713447
200,0.010008773714142181
201,0.010007938784850998
202,0.01000718330958692
203,0.010006499727299582
204,0.010005881196467692
205,0.010005321526626788
206,0.010004815116412992
207,0.010004356897502675
208,0.010003942283886968
209,0.010003567125973448
210,0.010003227669055623
211,0.010002920515734565
212,0.010002642591916596
213,0.010002391116046736
214,0.010002163571269953
215,0.010001957680241641
216,0.010001771382335187
217,0.010001602813018526
218,0.010001450285193277
219,0.010001312272309701
220,0.01000118739308847
221,0.010001074397696364
222,0.010000972155237521
223,0.010000879642435049
224,0.010000795933389725
225,0.010000720190313287
226,0.010000651655143569
227,0.010000589641957557
228,0.010000533530106442
229,0.010000482758003958
230,0.010000436817505837
231,0.010000395248824135
232,0.010000357635925513
233,0.010000323602367439
234,0.010000292807530623
235,0.010000264943209991
236,0.010000239730530054
237,0.010000216917153838
238,0.010000196274757407
239,0.010000177596744719
240,0.010000160696179943
241,0.010000145403916548
242,0.010000131566904422
243,0.010000119046658096
244,0.010000107717870738
245,0.010000097467160034
246,0.010000088191933428
247,0.010000079799361334
248,0.01000007220544807
249,0.0100000653341912
250,0.010000059116820875
251,0.010000053491111563
252,0.010000048400759274
253,0.010000043794818052
254,0.010000039627190089
255,0.010000035856164364
256,0.010000032443999184
257,0.010000029356544453
258,0.010000026765547008
259,0.010000024218468448
260,0.010000021913776459
261,0.01000001982840491
262,0.010000017941482702
263,0.010000016234124885
264,0.010000014689243645
265,0.010000013291377292
266,0.01000001202653551
267,0.010000010882059339
268,0.010000009846494476
269,0.010000008909476638
270,0.010000008061627836
271,0.010000007294462517
272,0.01000000660030263
273,0.01000000597220079
274,0.010000005403870742
275,0.010000004889624449
276,0.010000004424315161
277,0.010000004003285906
278,0.010000003712165877
279,0.010000003358906587
280,0.010000003039264363
281,0.01000000275004012
282,0.010000002488339202
283,0.010000002251542418
284,0.010000002037279828
285,0.01000000184340702
286,0.010000001667983647
287,0.010000001509254017
288,0.010000001366312494
289,0.010000001236290669
290,0.010000001118642058
291,0.010000001012189192
292,0.010000000915866655
293,0.01000000082871042
294,0.010000000749848196
295,0.010000000678490705
296,0.010000000613923778
297,0.010000000555501206
298,0.010000000502638277
299,0.01000000045480592
300,0.010000000411525415
301,0.010000000383703753
302,0.010000000347189513
303,0.010000000333275935
304,0.010000000301560537
305,0.010000000272863258
306,0.010000000246896887
307,0.010000000239288704
308,0.010000000216517372
309,0.01000000019591302
310,0.010000000177269432
311,0.010000000160400015
312,0.010000000145135935
313,0.010000000131324424
314,0.010000000118827252
315,0.010000000107519344
316,0.010000000097287525
317,0.010000000088029393
318,0.010000000079652288
319,0.01000000007207237
320,0.010000000065213777
321,0.010000000059007867
322,0.010000000053392525
323,0.010000000048311555
324,0.010000000045946183
325,0.010000000041573826
326,0.010000000037617553
327,0.01000000003403777
328,0.010000000030798647
329,0.010000000027867767
330,0.010000000025215798
331,0.010000000023914159
332,0.010000000021638426
333,0.010000000019579257
334,0.010000000017716044
335,0.010000000016731124
336,0.010000000015138948
337,0.010000000013698286
338,0.010000000012394721
339,0.010000000011215208
340,0.01000000001014794
341,0.010000000009391177
342,0.01000000000849749
343,0.010000000007688846
344,0.010000000006957156
345,0.010000000006295095
346,0.010000000005696038
347,0.010000000005153989
348,0.010000000004778234
349,0.010000000004323524
350,0.010000000003912086
351,0.010000000003687582
352,0.010000000003336663
353,0.010000000003019137
354,0.010000000002731829
355,0.010000000002471861
356,0.010000000002236633
357,0.01000000000202379
358,0.010000000001982525
359,0.010000000001793864
360,0.010000000001623155
361,0.010000000001468692
362,0.010000000001328927
363,0.010000000001286816
364,0.010000000001222467
365,0.010000000001132775
366,0.010000000001024977
367,0.010000000000927437
368,0.01000000000083918
369,0.010000000000808132
370,0.010000000000731228
371,0.010000000000661643
372,0.01000000000059868
373,0.010000000000578782
374,0.010000000000523703
375,0.01000000000049677
376,0.010000000000449495
377,0.010000000000429887
378,0.010000000000388977
379,0.010000000000351962
380,0.010000000000337959
381,0.010000000000321991
382,0.010000000000291349
383,0.010000000000263623
384,0.010000000000255551
385,0.01000000000024964
386,0.010000000000244844
387,0.010000000000237751
388,0.010000000000226314
389,0.010000000000205742
390,0.010000000000191602
391,0.010000000000187376
392,0.010000000000169545
393,0.010000000000166487
394,0.010000000000158764
395,0.010000000000153903
396,0.010000000000139257
397,0.010000000000134615
398,0.010000000000121804
399,0.010000000000110212
400,0.01000000000010686
401,0.01000000000009669
402,0.01000000000008749
403,0.01000000000008544
404,0.010000000000082436
405,0.010000000000074592
406,0.010000000000073297
407,0.010000000000071167
408,0.010000000000070319
409,0.010000000000063824
410,0.010000000000057751
411,0.010000000000052255
412,0.010000000000051612
413,0.010000000000048392
414,0.010000000000043786
415,0.01000000000003962
416,0.01000000000003585
417,0.010000000000032438
418,0.010000000000029352
419,0.010000000000026816
420,0.010000000000024264
421,0.010000000000021955
422,0.010000000000019866
423,0.010000000000017975
424,0.010000000000016265
425,0.01000000000001506
426,0.010000000000013626
427,0.010000000000012329
428,0.010000000000011156
429,0.010000000000010095
430,0.010000000000009134
431,0.010000000000008264
432,0.010000000000007479
433,0.010000000000007014
434,0.010000000000006346
435,0.010000000000005742
436,0.010000000000005508
437,0.010000000000005
438,0.010000000000004524
439,0.010000000000004299
440,0.010000000000003973
441,0.010000000000003595
442,0.010000000000003253
443,0.010000000000002944
444,0.010000000000002836
445,0.010000000000002566
446,0.010000000000002392
447,0.010000000000002247
448,0.010000000000002111
449,0.01000000000000191
450,0.010000000000001764
451,0.0100000000000016
452,0.01000000000000158
453,0.010000000000001476
454,0.01000000000000137
455,0.01000000000000124
456,0.010000000000001136
457,0.01000000000000104
458,0.010000000000000965
459,0.010000000000000906
460,0.01000000000000084
461,0.010000000000000767
462,0.010000000000000694
463,0.010000000000000628
464,0.010000000000000587
465,0.010000000000000545
466,0.010000000000000515
467,0.010000000000000493
468,0.010000000000000446
469,0.010000000000000404
470,0.010000000000000396
471,0.01000000000000037
472,0.01000000000000035
473,0.010000000000000323
474,0.010000000000000295
475,0.010000000000000278
476,0.010000000000000264
477,0.010000000000000257
478,0.010000000000000238
479,0.010000000000000226
480,0.010000000000000205
481,0.010000000000000194
482,0.010000000000000186
483,0.010000000000000179
484,0.010000000000000167
485,0.010000000000000163
486,0.010000000000000155
487,0.010000000000000146
488,0.010000000000000137
489,0.010000000000000134
490,0.010000000000000129
491,0.010000000000000125
492,0.01000000000000012
493,0.010000000000000118
494,0.010000000000000113
495,0.01000000000000011
496,0.010000000000000104
497,0.010000000000000097
498,0.010000000000000096
499,0.01000000000000009
500,0.010000000000000085
501,0.010000000000000082
502,0.01000000000000008
503,0.010000000000000078
504,0.010000000000000077
505,0.010000000000000075
506,0.010000000000000068
507,0.010000000000000064
508,0.01000000000000006
509,0.010000000000000057
510,0.010000000000000056
511,0.010000000000000054
512,0.010000000000000052
513,0.010000000000000049
514,0.010000000000000047
515,0.010000000000000045
516,0.010000000000000044
517,0.01000000000000004
518,0.010000000000000038
519,0.010000000000000035
520,0.010000000000000035
521,0.010000000000000033
522,0.010000000000000031
523,0.01000000000000003
524,0.01000000000000003
525,0.010000000000000028
526,0.010000000000000026
527,0.010000000000000024
528,0.010000000000000024
529,0.010000000000000023
530,0.010000000000000023
531,0.010000000000000023
532,0.010000000000000023
533,0.010000000000000023
534,0.010000000000000023
535,0.010000000000000023
536,0.010000000000000021
537,0.010000000000000021
538,0.01000000000000002
539,0.010000000000000018
540,0.010000000000000018
541,0.010000000000000016
542,0.010000000000000016
543,0.010000000000000014
544,0.010000000000000014
545,0.010000000000000012
546,0.010000000000000012
547,0.010000000000000012
548,0.010000000000000012
549,0.010000000000000012
550,0.010000000000000012
551,0.010000000000000012
552,0.010000000000000012
553,0.010000000000000012
554,0.010000000000000012
555,0.01000000000000001
556,0.01000000000000001
557,0.01000000000000001
558,0.01000000000000001
559,0.01000000000000001
560,0.01000000000000001
561,0.01000000000000001
562,0.010000000000000009
563,0.010000000000000009
564,0.010000000000000009
565,0.010000000000000009
566,0.010000000000000009
567,0.010000000000000009
568,0.010000000000000009
569,0.010000000000000009
570,0.010000000000000009
571,0.010000000000000009
572,0.010000000000000009
573,0.010000000000000009
574,0.010000000000000009
575,0.010000000000000009
576,0.010000000000000009
577,0.010000000000000009
578,0.010000000000000009
579,0.010000000000000009
580,0.010000000000000009
581,0.010000000000000009
582,0.010000000000000009
583,0.010000000000000009
584,0.010000000000000009
585,0.010000000000000009
586,0.010000000000000009
587,0.010000000000000009
588,0.010000000000000009
589,0.010000000000000009
590,0.010000000000000009
591,0.010000000000000009
592,0.010000000000000009
593,0.010000000000000009
594,0.010000000000000009
595,0.010000000000000009
596,0.010000000000000009
597,0.010000000000000009
598,0.010000000000000009
599,0.010000000000000009
600,0.010000000000000009
601,0.010000000000000009
602,0.010000000000000009
603,0.010000000000000009
604,0.010000000000000009
605,0.010000000000000009
606,0.010000000000000009
607,0.010000000000000009
608,0.010000000000000009
609,0.010000000000000009
610,0.010000000000000009
611,0.010000000000000009
612,0.010000000000000009
613,0.010000000000000009
614,0.010000000000000009
615,0.010000000000000009
616,0.010000000000000009
617,0.010000000000000009
618,0.010000000000000009
619,0.010000000000000009
620,0.010000000000000009
621,0.010000000000000009
622,0.010000000000000009
623,0.010000000000000009
624,0.010000000000000009
625,0.010000000000000009
626,0.010000000000000009
627,0.010000000000000009
628,0.010000000000000009
629,0.010000000000000009
630,0.010000000000000009
631,0.010000000000000009
632,0.010000000000000009
633,0.010000000000000009
634,0.010000000000000009
635,0.010000000000000009
636,0.010000000000000009
637,0.010000000000000009
638,0.010000000000000009
639,0.010000000000000009
640,0.010000000000000009
641,0.010000000000000009
642,0.010000000000000009
643,0.010000000000000009
644,0.010000000000000009
645,0.010000000000000009
646,0.010000000000000009
647,0.010000000000000009
648,0.010000000000000009
649,0.010000000000000009
650,0.010000000000000009
651,0.010000000000000009
652,0.010000000000000009
653,0.010000000000000009
654,0.010000000000000009
655,0.010000000000000009
656,0.010000000000000009
657,0.010000000000000009
658,0.010000000000000009
659,0.010000000000000009
660,0.010000000000000009
661,0.010000000000000009
662,0.010000000000000009
663,0.010000000000000009
664,0.010000000000000009
665,0.010000000000000009
666,0.010000000000000009
667,0.010000000000000009
668,0.010000000000000009
669,0.010000000000000009
670,0.010000000000000009
671,0.010000000000000009
672,0.010000000000000009
673,0.010000000000000009
674,0.010000000000000009
675,0.010000000000000009
676,0.010000000000000009
677,0.010000000000000009
678,0.010000000000000009
679,0.010000000000000009
680,0.010000000000000009
681,0.010000000000000009
682,0.010000000000000009
683,0.010000000000000009
684,0.010000000000000009
685,0.010000000000000009
686,0.010000000000000009
687,0.010000000000000009
688,0.010000000000000009
689,0.010000000000000009
690,0.010000000000000009
691,0.010000000000000009
692,0.010000000000000009
693,0.010000000000000009
694,0.010000000000000009
695,0.010000000000000009
696,0.010000000000000009
697,0.010000000000000009
698,0.010000000000000009
699,0.010000000000000009
700,0.010000000000000009
701,0.010000000000000009
702,0.010000000000000009
703,0.010000000000000009
704,0.010000000000000009
705,0.010000000000000009
706,0.010000000000000009
707,0.010000000000000009
708,0.010000000000000009
709,0.010000000000000009
710,0.010000000000000009
711,0.010000000000000009
712,0.010000000000000009
713,0.010000000000000009
714,0.010000000000000009
715,0.010000000000000009
716,0.010000000000000009
717,0.010000000000000009
718,0.010000000000000009
719,0.010000000000000009
720,0.010000000000000009
721,0.010000000000000009
722,0.010000000000000009
723,0.010000000000000009
724,0.010000000000000009
725,0.010000000000000009
726,0.010000000000000009
727,0.010000000000000009
728,0.010000000000000009
729,0.010000000000000009
730,0.010000000000000009
731,0.010000000000000009
732,0.010000000000000009
733,0.010000000000000009
734,0.010000000000000009
735,0.010000000000000009
736,0.010000000000000009
737,0.010000000000000009
738,0.010000000000000009
739,0.010000000000000009
740,0.010000000000000009
741,0.010000000000000009
742,0.010000000000000009
743,0.010000000000000009
744,0.010000000000000009
745,0.010000000000000009
746,0.010000000000000009
747,0.010000000000000009
748,0.010000000000000009
749,0.010000000000000009
750,0.010000000000000009
751,0.010000000000000009
752,0.010000000000000009
753,0.010000000000000009
754,0.010000000000000009
755,0.010000000000000009
756,0.010000000000000009
757,0.010000000000000009
758,0.010000000000000009
759,0.010000000000000009
760,0.010000000000000009
761,0.010000000000000009
762,0.010000000000000009
763,0.010000000000000009
764,0.010000000000000009
765,0.010000000000000009
766,0.010000000000000009
767,0.010000000000000009
768,0.010000000000000009
769,0.010000000000000009
770,0.010000000000000009
771,0.010000000000000009
772,0.010000000000000009
773,0.010000000000000009
774,0.010000000000000009
775,0.010000000000000009
776,0.010000000000000009
777,0.010000000000000009
778,0.010000000000000009
779,0.010000000000000009
780,0.010000000000000009
781,0.010000000000000009
782,0.010000000000000009
783,0.010000000000000009
784,0.010000000000000009
785,0.010000000000000009
786,0.010000000000000009
787,0.010000000000000009
788,0.010000000000000009
789,0.010000000000000009
790,0.010000000000000009
791,0.010000000000000009
792,0.010000000000000009
793,0.010000000000000009
794,0.010000000000000009
795,0.010000000000000009
796,0.010000000000000009
797,0.010000000000000009
798,0.010000000000000009
799,0.010000000000000009
800,0.010000000000000009
801,0.010000000000000009
802,0.010000000000000009
803,0.010000000000000009
804,0.010000000000000009
805,0.010000000000000009
806,0.010000000000000009
807,0.010000000000000009
808,0.010000000000000009
809,0.010000000000000009
810,0.010000000000000009
811,0.010000000000000009
812,0.010000000000000009
813,0.010000000000000009
814,0.010000000000000009
815,0.010000000000000009
816,0.010000000000000009
817,0.010000000000000009
818,0.010000000000000009
819,0.010000000000000009
820,0.010000000000000009
821,0.010000000000000009
822,0.010000000000000009
823,0.010000000000000009
824,0.010000000000000009
825,0.010000000000000009
826,0.010000000000000009
827,0.010000000000000009
828,0.010000000000000009
829,0.010000000000000009
830,0.010000000000000009
831,0.010000000000000009
832,0.010000000000000009
833,0.010000000000000009
834,0.010000000000000009
835,0.010000000000000009
836,0.010000000000000009
837,0.010000000000000009
838,0.010000000000000009
839,0.010000000000000009
840,0.010000000000000009
841,0.010000000000000009
842,0.010000000000000009
843,0.010000000000000009
844,0.010000000000000009
845,0.010000000000000009
846,0.010000000000000009
847,0.010000000000000009
848,0.010000000000000009
849,0.010000000000000009
850,0.010000000000000009
851,0.010000000000000009
852,0.010000000000000009
853,0.010000000000000009
854,0.010000000000000009
855,0.010000000000000009
856,0.010000000000000009
857,0.010000000000000009
858,0.010000000000000009
859,0.010000000000000009
860,0.010000000000000009
861,0.010000000000000009
862,0.010000000000000009
863,0.010000000000000009
864,0.010000000000000009
865,0.010000000000000009
866,0.010000000000000009
867,0.010000000000000009
868,0.010000000000000009
869,0.010000000000000009
870,0.010000000000000009
871,0.010000000000000009
872,0.010000000000000009
873,0.010000000000000009
874,0.010000000000000009
875,0.010000000000000009
876,0.010000000000000009
877,0.010000000000000009
878,0.010000000000000009
879,0.010000000000000009
880,0.010000000000000009
881,0.010000000000000009
882,0.010000000000000009
883,0.010000000000000009
884,0.010000000000000009
885,0.010000000000000009
886,0.010000000000000009
887,0.010000000000000009
888,0.010000000000000009
889,0.010000000000000009
890,0.010000000000000009
891,0.010000000000000009
892,0.010000000000000009
893,0.010000000000000009
894,0.010000000000000009
895,0.010000000000000009
896,0.010000000000000009
897,0.010000000000000009
898,0.010000000000000009
899,0.010000000000000009
900,0.010000000000000009
901,0.010000000000000009
902,0.010000000000000009
903,0.010000000000000009
904,0.010000000000000009
905,0.010000000000000009
906,0.010000000000000009
907,0.010000000000000009
908,0.010000000000000009
909,0.010000000000000009
910,0.010000000000000009
911,0.010000000000000009
912,0.010000000000000009
913,0.010000000000000009
914,0.010000000000000009
915,0.010000000000000009
916,0.010000000000000009
917,0.010000000000000009
918,0.010000000000000009
919,0.010000000000000009
920,0.010000000000000009
921,0.010000000000000009
922,0.010000000000000009
923,0.010000000000000009
924,0.010000000000000009
925,0.010000000000000009
926,0.010000000000000009
927,0.010000000000000009
928,0.010000000000000009
929,0.010000000000000009
930,0.010000000000000009
931,0.010000000000000009
932,0.010000000000000009
933,0.010000000000000009
934,0.010000000000000009
935,0.010000000000000009
936,0.010000000000000009
937,0.010000000000000009
938,0.010000000000000009
939,0.010000000000000009
940,0.010000000000000009
941,0.010000000000000009
942,0.010000000000000009
943,0.010000000000000009
944,0.010000000000000009
945,0.010000000000000009
946,0.010000000000000009
947,0.010000000000000009
948,0.010000000000000009
949,0.010000000000000009
950,0.010000000000000009
951,0.010000000000000009
952,0.010000000000000009
953,0.010000000000000009
954,0.010000000000000009
955,0.010000000000000009
956,0.010000000000000009
957,0.010000000000000009
958,0.010000000000000009
959,0.010000000000000009
960,0.010000000000000009
961,0.010000000000000009
962,0.010000000000000009
963,0.010000000000000009
964,0.010000000000000009
965,0.010000000000000009
966,0.010000000000000009
967,0.010000000000000009
968,0.010000000000000009
969,0.010000000000000009
970,0.010000000000000009
971,0.010000000000000009
972,0.010000000000000009
973,0.010000000000000009
974,0.010000000000000009
975,0.010000000000000009
976,0.010000000000000009
977,0.010000000000000009
978,0.010000000000000009
979,0.010000000000000009
980,0.010000000000000009
981,0.010000000000000009
982,0.010000000000000009
983,0.010000000000000009
984,0.010000000000000009
985,0.010000000000000009
986,0.010000000000000009
987,0.010000000000000009
988,0.010000000000000009
