0,1.0
1,0.9884844970550282
2,0.9760397120292232
3,0.9639439748282013
4,0.953036457551682
5,0.9442134479624306
6,0.9342706528852651
7,0.9229717545301621
8,0.9131647129301356
9,0.9035523682553965
10,0.8922760096191428
11,0.8867351428153788
12,0.8790537213836122
13,0.8689450439210549
14,0.861674952707339
15,0.8531163294875606
16,0.844226495752111
17,0.8360910051088315
18,0.8265637145671557
19,0.8183579300178895
20,0.8111954646896186
21,0.8052089760983028
22,0.7959592475062542
23,0.7860406812719499
24,0.7794722906882564
25,0.7706740462148359
26,0.76476386831275
27,0.7553135058832792
28,0.7466441524772932
29,0.7388769632903698
30,0.728887546702954
31,0.7240156944558701
32,0.7167697515036928
33,0.7069439163170647
34,0.6989749705418555
35,0.6913015025059394
36,0.6847248263773957
37,0.6793485614992711
38,0.6724234096677917
39,0.6643255059309235
40,0.6567791833523214
41,0.6499595320154214
42,0.6431484691920527
43,0.6362846267766485
44,0.6266520603030168
45,0.621065981760173
46,0.6146228910629036
47,0.6073510375174491
48,0.6004618003091945
49,0.5938271384036482
50,0.5881335764681773
51,0.5785020636235235
52,0.573183182133107
53,0.5676351765707842
54,0.5606530530971255
55,0.5538671150051553
56,0.5453950807900905
57,0.5373186122215448
58,0.5312370575313251
59,0.5226046796485959
60,0.5145691733743347
61,0.5068583339591541
62,0.5028500369722219
63,0.4937677533628325
64,0.4893854365901424
65,0.481116280283106
66,0.4760556013121954
67,0.4714182705970076
68,0.4642305748012858
69,0.4591715756420968
70,0.44979334368087864
71,0.44281264469481607
72,0.428679178610078
73,0.4201016037937637
74,0.4127858145538778
75,0.40410010204341057
76,0.39264395795549284
77,0.38690943877044126
78,0.37996371865038403
79,0.3688501683913184
80,0.36361365359591286
81,0.3564730171894551
82,0.34913726710207477
83,0.3403342243977203
84,0.3287174402846698
85,0.3215017459315939
86,0.3109081122206841
87,0.30681378128869224
88,0.27856821549875027
89,0.27282934497122563
90,0.2686058125634445
91,0.264475596436718
92,0.2599610093574536
93,0.2516293506423015
94,0.24538087412741394
95,0.2368309311141883
96,0.22968724980324443
97,0.21397653100410957
98,0.21100000704898145
99,0.19797424206086572
100,0.19118252401577682
101,0.17394072722367374
102,0.15833970433200648
103,0.15399879667660704
104,0.14029549938514624
105,0.12789624324536167
106,0.12170985651372213
107,0.11107925813704385
108,0.10146029494971301
109,0.09843828314327216
110,0.0900222677748915
111,0.08240714215881499
112,0.08086700441013128
113,0.07412311729440614
114,0.06802099588908744
115,0.06249956811215691
116,0.057541591722731954
117,0.05301741110371653
118,0.04892376319367828
119,0.04837495154089694
120,0.04472309206952025
121,0.041418752974409605
122,0.038428863319274406
123,0.03572349928350945
124,0.033275584674540545
125,0.031060619940188612
126,0.029056436968916903
127,0.027242977223919773
128,0.025602090990544425
129,0.024117355727846325
130,0.022773911706279633
131,0.02155831328652938
132,0.02045839435103397
133,0.019463146541391443
134,0.018562609083008552
135,0.017747769094320714
136,0.01701047138284396
137,0.016343336825267514
138,0.01573968851470748
139,0.015193484935978567
140,0.014699259500079498
141,0.014252065832732887
142,0.013847428269408948
143,0.013481297061370552
144,0.013150007844426704
145,0.012850244964744077
146,0.012579008294669024
147,0.012333583206441644
148,0.012111513403288733
149,0.011910576335980099
150,0.011728760958808836
151,0.011564247602369956
152,0.011415389761697372
153,0.011280697617488782
154,0.011213252710191746
155,0.01109779644971503
156,0.01099332730508919
157,0.010898799714001522
158,0.010813267612548597
159,0.010735874966710742
160,0.010694269505869158
161,0.01062820102711175
162,0.010568419795379334
163,0.01054416919684528
164,0.010492384651048185
165,0.010445528056334976
166,0.010403130456156718
167,0.010364767521080504
168,0.010330055301957861
169,0.010313299694267166
170,0.010284052824353764
171,0.010257021624174082
172,0.010241304644944178
173,0.010218341471891374
174,0.010197563533676362
175,0.010178762877709779
176,0.010161751340707594
177,0.010146358665489715
178,0.01013811134699629
179,0.01012963985011517
180,0.01011730298725278
181,0.010108914178850483
182,0.010099480358444551
183,0.01009245853022598
184,0.010083659937765076
185,0.0100756986420804
186,0.010070998604513647
187,0.01006616556901389
188,0.010059869082629408
189,0.010054666999202535
190,0.010053434693291136
191,0.010051813991662687
192,0.010047610828369042
193,0.010044503161078036
194,0.01004346952953152
195,0.010042878057809318
196,0.010040876700144873
197,0.010040352777280957
198,0.010038037032403616
199,0.010037515726639317
200,0.010036842800341488
201,0.010033336744334206
202,0.010030164333669088
203,0.010027293817793914
204,0.010024696467620988
205,0.010024231664350012
206,0.010021925716605179
207,0.010019839208801617
208,0.010017951258467932
209,0.01001624297036262
210,0.010014697247364148
211,0.010013298619357212
212,0.010012033088402622
213,0.010010887988641227
214,0.010009851859529732
215,0.010008914331139736
216,0.010008066020371997
217,0.010007298437047223
218,0.010006603898933507
219,0.010005975454859964
220,0.01000540681514708
221,0.010004892288657481
222,0.010004426725837122
223,0.010004005467176814
224,0.010003624296578296
225,0.010003279399158101
226,0.010002967323066925
227,0.010002684944942355
228,0.01000242943864921
229,0.010002198246994626
230,0.010001989056134824
231,0.010001799772417363
232,0.01000162850142718
233,0.010001473529026637
234,0.010001333304199863
235,0.01000120642352966
236,0.010001091617151635
237,0.01000098773604497
238,0.01000089374053263
239,0.01000080868987594
240,0.010000731732859336
241,0.010000662099271133
242,0.010000599092194976
243,0.010000542081034867
244,0.010000490495203955
245,0.010000443818413906
246,0.010000401583507715
247,0.010000363367784247
248,0.010000328788767696
249,0.010000297500379642
250,0.01000026918947538
251,0.010000243572709866
252,0.0100002203937019
253,0.010000199420468179
254,0.01000018044310153
255,0.01000016327167009
256,0.010000147734316404
257,0.01000013367553741
258,0.010000120954628124
259,0.010000109444273412
260,0.010000099029273773
261,0.010000089605392391
262,0.010000081078311893
263,0.010000073362690392
264,0.010000066381307354
265,0.010000060064290751
266,0.01000005434841776
267,0.010000049176482
268,0.010000044496721
269,0.010000040262298142
270,0.010000036430833895
271,0.010000032963981678
272,0.01000002982704407
273,0.010000026988625543
274,0.010000024420318252
275,0.010000022096417715
276,0.010000019993665553
277,0.010000018091016716
278,0.010000016369428854
279,0.01000001481167174
280,0.010000013402154813
281,0.010000012126771157
282,0.010000010972756303
283,0.010000009928560481
284,0.01000000898373303
285,0.0100000081288178
286,0.01000000735525851
287,0.010000006655313119
288,0.010000006021976338
289,0.010000005448909522
290,0.010000004930377223
291,0.010000004461189796
292,0.010000004036651456
293,0.010000003652513282
294,0.010000003304930687
295,0.01000000299042495
296,0.010000002705848391
297,0.010000002448352871
298,0.01000000221536129
299,0.01000000200454179
300,0.010000001813784418
301,0.01000000164118001
302,0.010000001485001082
303,0.010000001343684546
304,0.010000001215816056
305,0.010000001100115861
306,0.010000000995425995
307,0.010000000900698688
308,0.010000000814985876
309,0.010000000737429716
310,0.010000000667254
311,0.010000000603756387
312,0.01000000054630137
313,0.010000000494313922
314,0.010000000447273732
315,0.010000000404710009
316,0.010000000366196759
317,0.01000000033134853
318,0.010000000299816549
319,0.010000000271285232
320,0.010000000245469029
321,0.010000000222109562
322,0.010000000200973042
323,0.01000000018184793
324,0.01000000016454281
325,0.010000000148884492
326,0.01000000013471626
327,0.010000000121896313
328,0.010000000110296345
329,0.01000000009980026
330,0.01000000009030301
331,0.010000000081709542
332,0.01000000007393385
333,0.010000000066898114
334,0.010000000060531916
335,0.010000000054771543
336,0.010000000049559341
337,0.010000000044843147
338,0.010000000040575757
339,0.010000000036714463
340,0.010000000033220621
341,0.01000000003005926
342,0.010000000027198743
343,0.01000000002461044
344,0.010000000022268448
345,0.010000000020149325
346,0.010000000018231864
347,0.010000000016496874
348,0.010000000014926989
349,0.010000000013506498
350,0.010000000012221184
351,0.010000000011058184
352,0.01000000001000586
353,0.010000000009053676
354,0.010000000008192105
355,0.010000000007412524
356,0.01000000000670713
357,0.010000000006068863
358,0.010000000005491333
359,0.010000000004968763
360,0.010000000004495923
361,0.01000000000406808
362,0.01000000000368095
363,0.01000000000333066
364,0.010000000003013706
365,0.010000000002726914
366,0.010000000002467414
367,0.010000000002232608
368,0.010000000002020148
369,0.010000000001827906
370,0.010000000001653958
371,0.010000000001496563
372,0.010000000001354146
373,0.010000000001225282
374,0.010000000001108681
375,0.010000000001003177
376,0.010000000000907712
377,0.010000000000821331
378,0.010000000000743171
379,0.010000000000672448
380,0.010000000000608456
381,0.010000000000550555
382,0.010000000000498162
383,0.010000000000450756
384,0.010000000000407861
385,0.010000000000369049
386,0.01000000000033393
387,0.010000000000302151
388,0.010000000000273398
389,0.01000000000024738
390,0.010000000000223839
391,0.010000000000202538
392,0.010000000000183263
393,0.010000000000165824
394,0.010000000000150043
395,0.010000000000135765
396,0.010000000000122845
397,0.010000000000111154
398,0.010000000000100576
399,0.010000000000091006
400,0.010000000000082346
401,0.01000000000007451
402,0.01000000000006742
403,0.010000000000061005
404,0.010000000000055199
405,0.010000000000049946
406,0.010000000000045193
407,0.010000000000040893
408,0.010000000000037002
409,0.01000000000003348
410,0.010000000000030294
411,0.01000000000002741
412,0.010000000000024802
413,0.01000000000002244
414,0.010000000000020305
415,0.010000000000020149
416,0.010000000000018232
417,0.010000000000016497
418,0.010000000000014928
419,0.010000000000013507
420,0.010000000000012221
421,0.010000000000011059
422,0.010000000000010006
423,0.010000000000009054
424,0.010000000000008192
425,0.010000000000007413
426,0.010000000000006707
427,0.010000000000006068
428,0.01000000000000549
429,0.010000000000004968
430,0.010000000000004495
431,0.010000000000004066
432,0.01000000000000368
433,0.01000000000000333
434,0.010000000000003012
435,0.010000000000002725
436,0.010000000000002465
437,0.010000000000002231
438,0.01000000000000202
439,0.010000000000001827
440,0.010000000000001653
441,0.010000000000001496
442,0.010000000000001353
443,0.010000000000001225
444,0.010000000000001109
445,0.010000000000001003
446,0.010000000000000907
447,0.01000000000000082
448,0.010000000000000743
449,0.010000000000000672
450,0.010000000000000607
451,0.01000000000000055
452,0.010000000000000498
453,0.010000000000000451
454,0.010000000000000408
455,0.01000000000000037
456,0.010000000000000335
457,0.010000000000000304
458,0.010000000000000274
459,0.010000000000000248
460,0.010000000000000224
461,0.010000000000000203
462,0.010000000000000184
463,0.010000000000000167
464,0.010000000000000151
465,0.010000000000000137
466,0.010000000000000123
467,0.010000000000000111
468,0.0100000000000001
469,0.01000000000000009
470,0.010000000000000082
471,0.010000000000000075
472,0.010000000000000068
473,0.010000000000000061
474,0.010000000000000056
475,0.01000000000000005
476,0.010000000000000045
477,0.010000000000000042
478,0.010000000000000038
479,0.010000000000000035
480,0.010000000000000031
481,0.010000000000000028
482,0.010000000000000024
483,0.010000000000000023
484,0.010000000000000021
485,0.01000000000000002
486,0.010000000000000018
487,0.010000000000000016
488,0.010000000000000016
489,0.010000000000000016
490,0.010000000000000014
491,0.010000000000000012
492,0.01000000000000001
493,0.010000000000000009
494,0.010000000000000009
495,0.010000000000000009
496,0.010000000000000009
497,0.010000000000000009
498,0.010000000000000009
499,0.010000000000000009
500,0.010000000000000009
501,0.010000000000000009
502,0.010000000000000009
503,0.010000000000000009
504,0.010000000000000009
505,0.010000000000000009
506,0.010000000000000009
507,0.010000000000000009
508,0.010000000000000009
509,0.010000000000000009
510,0.010000000000000009
511,0.010000000000000009
512,0.010000000000000009
513,0.010000000000000009
514,0.010000000000000009
515,0.010000000000000009
516,0.010000000000000009
517,0.010000000000000009
518,0.010000000000000009
519,0.010000000000000009
520,0.010000000000000009
521,0.010000000000000009
522,0.010000000000000009
523,0.010000000000000009
524,0.010000000000000009
525,0.010000000000000009
526,0.010000000000000009
527,0.010000000000000009
528,0.010000000000000009
529,0.010000000000000009
530,0.010000000000000009
531,0.010000000000000009
532,0.010000000000000009
533,0.010000000000000009
534,0.010000000000000009
535,0.010000000000000009
536,0.010000000000000009
537,0.010000000000000009
538,0.010000000000000009
539,0.010000000000000009
540,0.010000000000000009
541,0.010000000000000009
542,0.010000000000000009
543,0.010000000000000009
544,0.010000000000000009
545,0.010000000000000009
546,0.010000000000000009
547,0.010000000000000009
548,0.010000000000000009
549,0.010000000000000009
550,0.010000000000000009
551,0.010000000000000009
552,0.010000000000000009
553,0.010000000000000009
554,0.010000000000000009
555,0.010000000000000009
556,0.010000000000000009
557,0.010000000000000009
558,0.010000000000000009
559,0.010000000000000009
560,0.010000000000000009
561,0.010000000000000009
562,0.010000000000000009
563,0.010000000000000009
564,0.010000000000000009
565,0.010000000000000009
566,0.010000000000000009
567,0.010000000000000009
568,0.010000000000000009
569,0.010000000000000009
570,0.010000000000000009
571,0.010000000000000009
572,0.010000000000000009
573,0.010000000000000009
574,0.010000000000000009
575,0.010000000000000009
576,0.010000000000000009
577,0.010000000000000009
578,0.010000000000000009
579,0.010000000000000009
580,0.010000000000000009
581,0.010000000000000009
582,0.010000000000000009
583,0.010000000000000009
584,0.010000000000000009
585,0.010000000000000009
586,0.010000000000000009
587,0.010000000000000009
588,0.010000000000000009
589,0.010000000000000009
590,0.010000000000000009
591,0.010000000000000009
592,0.010000000000000009
593,0.010000000000000009
594,0.010000000000000009
595,0.010000000000000009
596,0.010000000000000009
597,0.010000000000000009
598,0.010000000000000009
599,0.010000000000000009
600,0.010000000000000009
601,0.010000000000000009
602,0.010000000000000009
603,0.010000000000000009
604,0.010000000000000009
605,0.010000000000000009
606,0.010000000000000009
607,0.010000000000000009
608,0.010000000000000009
609,0.010000000000000009
610,0.010000000000000009
611,0.010000000000000009
612,0.010000000000000009
613,0.010000000000000009
614,0.010000000000000009
615,0.010000000000000009
616,0.010000000000000009
617,0.010000000000000009
618,0.010000000000000009
619,0.010000000000000009
620,0.010000000000000009
621,0.010000000000000009
622,0.010000000000000009
623,0.010000000000000009
624,0.010000000000000009
625,0.010000000000000009
626,0.010000000000000009
627,0.010000000000000009
628,0.010000000000000009
629,0.010000000000000009
630,0.010000000000000009
631,0.010000000000000009
632,0.010000000000000009
633,0.010000000000000009
634,0.010000000000000009
635,0.010000000000000009
636,0.010000000000000009
637,0.010000000000000009
638,0.010000000000000009
639,0.010000000000000009
640,0.010000000000000009
641,0.010000000000000009
642,0.010000000000000009
643,0.010000000000000009
644,0.010000000000000009
645,0.010000000000000009
646,0.010000000000000009
647,0.010000000000000009
648,0.010000000000000009
649,0.010000000000000009
650,0.010000000000000009
651,0.010000000000000009
652,0.010000000000000009
653,0.010000000000000009
654,0.010000000000000009
655,0.010000000000000009
656,0.010000000000000009
657,0.010000000000000009
658,0.010000000000000009
659,0.010000000000000009
660,0.010000000000000009
661,0.010000000000000009
662,0.010000000000000009
663,0.010000000000000009
664,0.010000000000000009
665,0.010000000000000009
666,0.010000000000000009
667,0.010000000000000009
668,0.010000000000000009
669,0.010000000000000009
670,0.010000000000000009
671,0.010000000000000009
672,0.010000000000000009
673,0.010000000000000009
674,0.010000000000000009
675,0.010000000000000009
676,0.010000000000000009
677,0.010000000000000009
678,0.010000000000000009
679,0.010000000000000009
680,0.010000000000000009
681,0.010000000000000009
682,0.010000000000000009
683,0.010000000000000009
684,0.010000000000000009
685,0.010000000000000009
686,0.010000000000000009
687,0.010000000000000009
688,0.010000000000000009
689,0.010000000000000009
690,0.010000000000000009
691,0.010000000000000009
692,0.010000000000000009
693,0.010000000000000009
694,0.010000000000000009
695,0.010000000000000009
696,0.010000000000000009
697,0.010000000000000009
698,0.010000000000000009
699,0.010000000000000009
700,0.010000000000000009
701,0.010000000000000009
702,0.010000000000000009
703,0.010000000000000009
704,0.010000000000000009
705,0.010000000000000009
706,0.010000000000000009
707,0.010000000000000009
708,0.010000000000000009
709,0.010000000000000009
710,0.010000000000000009
711,0.010000000000000009
712,0.010000000000000009
713,0.010000000000000009
714,0.010000000000000009
715,0.010000000000000009
716,0.010000000000000009
717,0.010000000000000009
718,0.010000000000000009
719,0.010000000000000009
720,0.010000000000000009
721,0.010000000000000009
722,0.010000000000000009
723,0.010000000000000009
724,0.010000000000000009
725,0.010000000000000009
726,0.010000000000000009
727,0.010000000000000009
728,0.010000000000000009
729,0.010000000000000009
730,0.010000000000000009
731,0.010000000000000009
732,0.010000000000000009
733,0.010000000000000009
734,0.010000000000000009
735,0.010000000000000009
736,0.010000000000000009
737,0.010000000000000009
738,0.010000000000000009
739,0.010000000000000009
740,0.010000000000000009
741,0.010000000000000009
742,0.010000000000000009
743,0.010000000000000009
744,0.010000000000000009
745,0.010000000000000009
746,0.010000000000000009
747,0.010000000000000009
748,0.010000000000000009
749,0.010000000000000009
750,0.010000000000000009
751,0.010000000000000009
752,0.010000000000000009
753,0.010000000000000009
754,0.010000000000000009
755,0.010000000000000009
756,0.010000000000000009
757,0.010000000000000009
758,0.010000000000000009
759,0.010000000000000009
760,0.010000000000000009
761,0.010000000000000009
762,0.010000000000000009
763,0.010000000000000009
764,0.010000000000000009
765,0.010000000000000009
766,0.010000000000000009
767,0.010000000000000009
768,0.010000000000000009
769,0.010000000000000009
770,0.010000000000000009
771,0.010000000000000009
772,0.010000000000000009
773,0.010000000000000009
774,0.010000000000000009
775,0.010000000000000009
776,0.010000000000000009
777,0.010000000000000009
778,0.010000000000000009
779,0.010000000000000009
780,0.010000000000000009
781,0.010000000000000009
782,0.010000000000000009
783,0.010000000000000009
784,0.010000000000000009
785,0.010000000000000009
786,0.010000000000000009
787,0.010000000000000009
788,0.010000000000000009
789,0.010000000000000009
790,0.010000000000000009
791,0.010000000000000009
792,0.010000000000000009
793,0.010000000000000009
794,0.010000000000000009
795,0.010000000000000009
796,0.010000000000000009
797,0.010000000000000009
798,0.010000000000000009
799,0.010000000000000009
800,0.010000000000000009
801,0.010000000000000009
802,0.010000000000000009
803,0.010000000000000009
804,0.010000000000000009
805,0.010000000000000009
806,0.010000000000000009
807,0.010000000000000009
808,0.010000000000000009
809,0.010000000000000009
810,0.010000000000000009
811,0.010000000000000009
812,0.010000000000000009
813,0.010000000000000009
814,0.010000000000000009
815,0.010000000000000009
816,0.010000000000000009
817,0.010000000000000009
818,0.010000000000000009
819,0.010000000000000009
820,0.010000000000000009
821,0.010000000000000009
822,0.010000000000000009
823,0.010000000000000009
824,0.010000000000000009
825,0.010000000000000009
826,0.010000000000000009
827,0.010000000000000009
828,0.010000000000000009
829,0.010000000000000009
830,0.010000000000000009
831,0.010000000000000009
832,0.010000000000000009
833,0.010000000000000009
834,0.010000000000000009
835,0.010000000000000009
836,0.010000000000000009
837,0.010000000000000009
838,0.010000000000000009
839,0.010000000000000009
840,0.010000000000000009
841,0.010000000000000009
842,0.010000000000000009
843,0.010000000000000009
844,0.010000000000000009
845,0.010000000000000009
846,0.010000000000000009
847,0.010000000000000009
848,0.010000000000000009
849,0.010000000000000009
850,0.010000000000000009
851,0.010000000000000009
852,0.010000000000000009
853,0.010000000000000009
854,0.010000000000000009
855,0.010000000000000009
856,0.010000000000000009
857,0.010000000000000009
858,0.010000000000000009
859,0.010000000000000009
860,0.010000000000000009
861,0.010000000000000009
862,0.010000000000000009
863,0.010000000000000009
864,0.010000000000000009
865,0.010000000000000009
866,0.010000000000000009
867,0.010000000000000009
868,0.010000000000000009
869,0.010000000000000009
870,0.010000000000000009
871,0.010000000000000009
872,0.010000000000000009
873,0.010000000000000009
874,0.010000000000000009
