,0
0,1.0
1,0.9993764964242488
2,0.9988028244372809
3,0.9977552487565761
4,0.9969160135206372
5,0.9963043152383166
6,0.9949638530904629
7,0.9941269895327342
8,0.9932023448136761
9,0.9924160974786923
10,0.9908552970488645
11,0.9901199313726767
12,0.9894732656411361
13,0.9885138520302622
14,0.9876335857426823
15,0.9866564408108344
16,0.9856802725355086
17,0.9847928073454053
18,0.983506929705661
19,0.9826408939812858
20,0.9820088828260756
21,0.9806587290532055
22,0.9798340196846462
23,0.9785449978280129
24,0.9776253169976383
25,0.9767161765626081
26,0.9760686936553064
27,0.9752671893098889
28,0.974292761617505
29,0.9730014746724104
30,0.9720678161395732
31,0.9709716837433511
32,0.9698863990420606
33,0.9691667541433495
34,0.9683518088031637
35,0.9670493362252988
36,0.966494408554869
37,0.965528836897997
38,0.9648315553857785
39,0.9640679956061049
40,0.9629523888084852
41,0.9623522178772299
42,0.9615050014705434
43,0.9606395257703738
44,0.9599078150802989
45,0.9590058311661684
46,0.9578203149791917
47,0.9569771301717568
48,0.9560211661133977
49,0.9552930101914973
50,0.9541687805586693
51,0.953272246138415
52,0.9524708053897689
53,0.9518395614404945
54,0.9510299276101032
55,0.9497979855031919
56,0.9485488850184229
57,0.9474701741782677
58,0.9465238072980713
59,0.9458403943948026
60,0.9448769750347207
61,0.9442508172477295
62,0.9435970705137077
63,0.9424774259501867
64,0.9416292574677623
65,0.9406887869352866
66,0.9396934825160904
67,0.9385785194487071
68,0.9378266753859061
69,0.9367788233905976
70,0.9358062163341004
71,0.9351583787522736
72,0.9343908158805655
73,0.9336238898217271
74,0.9326545937069286
75,0.9319444231205384
76,0.9311058353108217
77,0.9297987932441742
78,0.9292103103511107
79,0.9284017610918542
80,0.9273186861536522
81,0.9262002397475771
82,0.9253119564020934
83,0.9244428229472685
84,0.9237206983938953
85,0.9231178416975487
86,0.9223693919736816
87,0.9215668600745704
88,0.9203370751050978
89,0.919354441781491
90,0.9180277530149537
91,0.9169024964044965
92,0.9162316368058222
93,0.9155341070289096
94,0.9146561648159028
95,0.9136796635634938
96,0.9127312978958588
97,0.9118831291775878
98,0.9109907067017162
99,0.9098021835667126
100,0.9088488985824328
101,0.9080133576934861
102,0.9070171158829403
103,0.9060309395518906
104,0.905475572550929
105,0.9045984363567644
106,0.9036059830059182
107,0.9030610495778776
108,0.9023825810309032
109,0.9014460710745896
110,0.9006263178335118
111,0.8998073184186025
112,0.8990335227015225
113,0.8979318043399237
114,0.8970975406092273
115,0.8961577154115352
116,0.8955819000567815
117,0.8948029307814822
118,0.8938743752811104
119,0.8929909426957413
120,0.8922936553157915
121,0.8912179133923075
122,0.8906188889026097
123,0.8899146755144008
124,0.8889033552581626
125,0.8876737514842781
126,0.8869718932638113
127,0.8860690772438163
128,0.8851059310863519
129,0.8839865120755663
130,0.8832701368896315
131,0.8823711317157793
132,0.8812726362872683
133,0.880410503203635
134,0.8796361824796175
135,0.8788017323445876
136,0.8778031846273769
137,0.8772653134102151
138,0.8762338815109545
139,0.8752988539247039
140,0.8742179060904428
141,0.8734231912417239
142,0.8725515740593415
143,0.8718100985858036
144,0.8713017805961905
145,0.8699849964686075
146,0.8691340326187118
147,0.8682924936881726
148,0.8676833222990874
149,0.866706120422567
150,0.8659867894427202
151,0.8648661809073973
152,0.8640117420171383
153,0.8631666887629219
154,0.862382136358703
155,0.8612917851977762
156,0.8601433166784334
157,0.8594719686756341
158,0.8583598889679143
159,0.8570035984673081
160,0.8557002167871538
161,0.8547282205428112
162,0.8541540006097459
163,0.8535042522145115
164,0.8526358901179807
165,0.8519873102178966
166,0.8510868656197335
167,0.8502714069214897
168,0.8495406887059819
169,0.8487686664570602
170,0.8481063008794107
171,0.8473690917542266
172,0.8459969319223586
173,0.845119595825896
174,0.8443015795154474
175,0.8434260226047761
176,0.8424514843743637
177,0.8417525187341572
178,0.8409461099624685
179,0.8400657737465316
180,0.8394268691105988
181,0.8388547619705742
182,0.8377613954654233
183,0.8367273401403124
184,0.8357193477857021
185,0.8345806409741705
186,0.833410567412827
187,0.8326204725743125
188,0.8316667860712381
189,0.8308537384779919
190,0.8301071013473956
191,0.8293529497770712
192,0.8285340063672444
193,0.8275850574166586
194,0.826710709264904
195,0.8256578317019881
196,0.8247529538089379
197,0.8235724181211282
198,0.8230031167071847
199,0.8223935929696273
200,0.8214679919664564
201,0.8209082721775336
202,0.8201868848802604
203,0.8193932906577608
204,0.8183902649817854
205,0.8172350930476452
206,0.8162831174139338
207,0.8157269739544767
208,0.8146158375908478
209,0.8140849663448196
210,0.81332144835526
211,0.8127352376908858
212,0.8122296737605001
213,0.8116763262124636
214,0.8109791711150991
215,0.8099625732440703
216,0.8092988797791671
217,0.8081566992348093
218,0.8070161508413637
219,0.8058056065388249
220,0.8051215079217702
221,0.8045889549366345
222,0.8039376590613896
223,0.8031599812798625
224,0.8020740961066942
225,0.8011953816367685
226,0.8004124858063272
227,0.7994092991077434
228,0.7984546915098898
229,0.7977454015159052
230,0.7969423108522254
231,0.7959435284784951
232,0.7953385848947357
233,0.7942947788617034
234,0.7936049030461839
235,0.7928921469376274
236,0.7917343235607999
237,0.7911560541474362
238,0.7902192290899128
239,0.7894471942734039
240,0.788286682749726
241,0.7873921675094101
242,0.7862502405451226
243,0.7856294886865367
244,0.7844669166005537
245,0.7835458491136473
246,0.782618150825008
247,0.7816915651066393
248,0.7802729581454837
249,0.779687773095779
250,0.7788338936584024
251,0.7781192105164719
252,0.7773591487906929
253,0.7763085865562969
254,0.7751446822960595
255,0.7740207459087218
256,0.7733487033943977
257,0.7724713569563868
258,0.7713132808546187
259,0.7707805480362602
260,0.7700505491656672
261,0.7692529149203047
262,0.7684333644091271
263,0.7674404671914213
264,0.7665245184868393
265,0.7653377068837045
266,0.7644469340489136
267,0.7635873545974776
268,0.7629546070108076
269,0.762307344411589
270,0.7616907052457819
271,0.7607591864323001
272,0.7601363148350322
273,0.7593565786007258
274,0.7585177690537228
275,0.7574631027138585
276,0.7561487246450674
277,0.7556340596049206
278,0.7549632908424961
279,0.754144281760148
280,0.7531255021175374
281,0.7523901719189474
282,0.7515814074882449
283,0.7507587088081709
284,0.7496853870267455
285,0.7423253944525184
286,0.7413886176126979
287,0.740628368848262
288,0.7399054046894089
289,0.7392560778725298
290,0.7384616218048634
291,0.7375225121686815
292,0.7368316939727196
293,0.735647923346701
294,0.7351401475426239
295,0.7340966971947213
296,0.7334597723892072
297,0.7328812360167002
298,0.7323970678030325
299,0.731501850588337
300,0.7304492264890516
301,0.7299666871760248
302,0.7289234919789139
303,0.7282336566005752
304,0.7274009885997289
305,0.7265836174627945
306,0.7255023927305403
307,0.7246585978440097
308,0.7239371570491171
309,0.7232378413558672
310,0.7221616649331015
311,0.7213146965979398
312,0.7208027343449172
313,0.7199218851936694
314,0.7191768584217206
315,0.7184751207493454
316,0.7176396131532896
317,0.7169888840904556
318,0.7162045618085119
319,0.7152659340671161
320,0.7145751120098273
321,0.7137934675284389
322,0.7132165934357677
323,0.7126612717079173
324,0.7116922679193554
325,0.710661538057571
326,0.7099192303198357
327,0.7089050828704598
328,0.7083531658909034
329,0.7076830685498352
330,0.7067836376490655
331,0.7059271206407026
332,0.7050716565006133
333,0.7040437113160632
334,0.7032598848676251
335,0.702553120296268
336,0.7017225549907636
337,0.701072641296364
338,0.7001955361215939
339,0.699209261859107
340,0.6984722023460789
341,0.6978115861783225
342,0.6969592283825102
343,0.696471660437461
344,0.6956689582670871
345,0.6946823055276484
346,0.6938611795351459
347,0.6932186520616069
348,0.6923651622887694
349,0.691689955060829
350,0.6910698993698521
351,0.6900898645092092
352,0.6892063221123373
353,0.6884460368707819
354,0.6873952600760224
355,0.6868061824856642
356,0.6859945021722711
357,0.6849475223129091
358,0.6841650371161829
359,0.6835855044190413
360,0.6829122555951384
361,0.6821657373856828
362,0.6811918033392985
363,0.6804538982778146
364,0.6796096583488327
365,0.6790474224079743
366,0.678158180812914
367,0.6776505735107039
368,0.6765098666123605
369,0.6753910700886725
370,0.6746329564756346
371,0.6738425136641802
372,0.6729933388345217
373,0.6723902893253244
374,0.6716223620736232
375,0.6706504917011084
376,0.6700099714267135
377,0.6691327416518272
378,0.66835542372445
379,0.6674606689193637
380,0.6668101049394385
381,0.6660552074680002
382,0.6647836941322369
383,0.6636976548619625
384,0.6628157584419204
385,0.6620589312067897
386,0.6614137123009517
387,0.660671523796755
388,0.6597352310950243
389,0.6589819751998384
390,0.6579185170345626
391,0.6567856511764948
392,0.6559776742033377
393,0.6554546441430041
394,0.6547256923304632
395,0.6539589250735927
396,0.6530130008783553
397,0.6525566236808085
398,0.6461630784496112
399,0.645336603772562
400,0.6444604439486809
401,0.6439023643490446
402,0.6428383024392098
403,0.642250036404047
404,0.6416686338567352
405,0.6409804901522823
406,0.6404885172643329
407,0.6398394484193889
408,0.639316898565389
409,0.6385433146318023
410,0.6377518487835615
411,0.636973918907272
412,0.6364788051070364
413,0.6359402649401081
414,0.6352145952025972
415,0.6347271179591791
416,0.6339092612477589
417,0.6334103334364947
418,0.6321958677751471
419,0.6314248230456349
420,0.6302576418723856
421,0.62921029171778
422,0.6286285075249747
423,0.6276518462486715
424,0.6268309153332317
425,0.625733932907937
426,0.624995495339601
427,0.6239570307022588
428,0.6232207241377117
429,0.6226323147242477
430,0.6215978404893058
431,0.6209132343589548
432,0.6201256643784855
433,0.6195767983073254
434,0.6189127215847333
435,0.6180608402306031
436,0.616949106439657
437,0.6162090800376937
438,0.6157667088943785
439,0.6153307138410287
440,0.6145140687368166
441,0.612070737843219
442,0.6114870123801296
443,0.6106695460463983
444,0.6095173669638578
445,0.6088762264525502
446,0.6076677174801116
447,0.6071718590843038
448,0.6066883457277911
449,0.6057046217528019
450,0.6048890652047958
451,0.604240989389207
452,0.6036826653126084
453,0.6028165210604122
454,0.6020818841433173
455,0.5961905709619855
456,0.5957100917172099
457,0.5946450688151073
458,0.5938388150631837
459,0.5933660970996036
460,0.5927305744765167
461,0.5919793366879935
462,0.5906597419004406
463,0.5895285586658321
464,0.5888972166807763
465,0.587757911747735
466,0.5872785716346494
467,0.5865285970806058
468,0.5855320648565735
469,0.5847671160140544
470,0.5824669148644309
471,0.576770773888429
472,0.575779792395837
473,0.5748809173209826
474,0.5733296287977042
475,0.5726990528019246
476,0.5671001036773597
477,0.5662539547558624
478,0.5656479682678122
479,0.5648650567149082
480,0.5634574878400792
481,0.5627605705554921
482,0.562103176703451
483,0.5610937517955796
484,0.5604988918258444
485,0.5561670837513031
486,0.5554411643733068
487,0.554874200434709
488,0.5539160652482347
489,0.5533832886074853
490,0.5526285105286113
491,0.5517718344343078
492,0.551165389652213
493,0.5503110234635881
494,0.549841157294595
495,0.5493878811251114
496,0.5486440392181222
497,0.547626963423384
498,0.5457378433141051
499,0.5448332109885294
500,0.5443948275173062
501,0.5390775101399243
502,0.5383373198798083
503,0.5378778663027989
504,0.537244792783316
505,0.5358336684898148
506,0.5347725565633246
507,0.5343266894106306
508,0.5335983816035393
509,0.532897229648916
510,0.5314455940588637
511,0.5298836014371141
512,0.5292653079090169
513,0.5287774278591302
514,0.5281656315250822
515,0.5274407072063745
516,0.5268821729054036
517,0.5234152352127148
518,0.5227174650840626
519,0.52200016286166
520,0.5207064396995027
521,0.5203031409361265
522,0.5194771191061432
523,0.5185405431211335
524,0.5175853850299974
525,0.5162977541355305
526,0.5153417550838951
527,0.5148164728527136
528,0.5138078488672017
529,0.5133898618412536
530,0.5128414658219729
531,0.5118116966910308
532,0.5096685322726594
533,0.5081020337710579
534,0.506431219477502
535,0.5055087156038343
536,0.5047462194545339
537,0.5043159774260284
538,0.5033826025457974
539,0.5027071311838418
540,0.5012606995145796
541,0.5001762121685651
542,0.49923597675603776
543,0.49652337275243025
544,0.4949835355921763
545,0.49451332964940214
546,0.49379678029883456
547,0.4928832679251926
548,0.4917642772746654
549,0.49088345484559087
550,0.4901434642641232
551,0.4892608125784535
552,0.4883319478921199
553,0.48636051076720477
554,0.48255537844706975
555,0.479601725602257
556,0.47848071761622
557,0.47754936798839653
558,0.47670853610174
559,0.47403266252826387
560,0.4695946673629319
561,0.46727041934683405
562,0.4665941596817928
563,0.4651627025841679
564,0.4648532971561786
565,0.462498723946666
566,0.45917606738031286
567,0.45470669083398385
568,0.45028178532732843
569,0.4491341481855789
570,0.4482260806729585
571,0.44727616111337665
572,0.44698765406484064
573,0.4461974217869348
574,0.44426934106042615
575,0.4399482889192357
576,0.4374618066126281
577,0.4369448906238681
578,0.4361685576002779
579,0.4346668346922828
580,0.4336742760456239
581,0.43139260102200894
582,0.430491785072669
583,0.42880898927506156
584,0.42464177020443183
585,0.4205160156563585
586,0.41643131305194864
587,0.41495054280896554
588,0.4109212175846517
589,0.40693198481619847
590,0.40298244557700463
591,0.39907220490985496
592,0.3981007392356447
593,0.3942390723581793
594,0.39326051091975783
595,0.39203985786666723
596,0.3915091913628944
597,0.38771311148261317
598,0.384254086768279
599,0.38152826441281096
600,0.37783149641502045
601,0.3741715118733987
602,0.3705479447864416
603,0.36696043279442075
604,0.36532929217552673
605,0.36267429118323685
606,0.3600006260263722
607,0.35651806160951455
608,0.35307014928758385
609,0.3496565442664747
610,0.3462769051828402
611,0.3429308940699557
612,0.3414029289712717
613,0.3401922112162525
614,0.336906743819921
615,0.3355333594310772
616,0.3322942483845462
617,0.32908736703143304
618,0.32686789218789214
619,0.3247740069622624
620,0.3216419532615474
621,0.318541064015861
622,0.3154710291336946
623,0.31243154160900166
624,0.3106644753360455
625,0.30767281382073275
626,0.30471091983486354
627,0.3031824006458753
628,0.302552735616945
629,0.29964178726042073
630,0.2967598033239915
631,0.29390649560686194
632,0.2910815787758826
633,0.28828477033701627
634,0.28551579060708837
635,0.28277436268581846
636,0.28006021242812984
637,0.277373068416735
638,0.27471266193499344
639,0.27207872694004
640,0.2694710000361802
641,0.26688922044855057
642,0.2643331299970409
643,0.2618024730704759
644,0.259296996601054
645,0.2568164500390404
646,0.2543605853277118
647,0.25192915687855044
648,0.2495219215466853
649,0.24713863860657706
650,0.24477906972794566
651,0.24244297895193695
652,0.24013013266752656
653,0.23784029958815867
654,0.23557325072861715
655,0.23332875938212683
656,0.23110660109768263
657,0.22890655365760432
658,0.2267283970553145
659,0.22457191347333783
660,0.222436887261519
661,0.22032310491545765
662,0.21823035505515767
663,0.2161584284038891
664,0.21410711776726019
665,0.21207621801249782
666,0.2100655260479341
667,0.20807484080269703
668,0.20610396320660312
669,0.2041526961702504
670,0.20222084456530914
671,0.200308215205009
672,0.19841461682482006
673,0.19653986006332633
674,0.1946837574432893
675,0.19284612335290027
676,0.1910267740272188
677,0.18922552752979618
678,0.18744220373448167
679,0.18567662430740958
680,0.1839286126891659
681,0.18219799407713216
682,0.18048459540800493
683,0.17878824534048948
684,0.1771087742381654
685,0.17544601415252292
686,0.17379979880616783
687,0.17216996357619366
688,0.17055634547771917
689,0.16895878314758986
690,0.1673771168282414
691,0.1659795553369504
692,0.16442753282961692
693,0.16289095320425642
694,0.1613696628016259
695,0.15986350949141737
696,0.15837234265704464
697,0.15689601318058166
698,0.1554343734278505
699,0.15398727723365782
700,0.1525545798871783
701,0.1511361381174834
702,0.14973181007921404
703,0.1483414553383962
704,0.14696493485839712
705,0.14560211098602172
706,0.14425284743774705
707,0.1429170092860939
708,0.1415944629461339
709,0.14028507616213093
710,0.13898871799431542
711,0.13770525880579032
712,0.1364345702495672
713,0.13517652525573154
714,0.13393099801873554
715,0.13269786398481762
716,0.13147699983954672
717,0.13026828349549097
718,0.12907159408000865
719,0.127886811923161
720,0.126713818545745
721,0.12555249664744542
722,0.1249497346864473
723,0.12380596571582812
724,0.12267357743661916
725,0.12244395763048287
726,0.12132512155815807
727,0.12021741809076032
728,0.11912073645701982
729,0.11803496698785926
730,0.11696000110542693
731,0.11589573131223876
732,0.11484205118042856
733,0.11379885534110507
734,0.11276603947381501
735,0.111743500296111
736,0.11073113555322314
737,0.10972884400783349
738,0.10873652542995227
739,0.10775408058689476
740,0.10678141123335794
741,0.1058184201015959
742,0.10490676068076533
743,0.1039624226336638
744,0.10302748090712792
745,0.10250335768238876
746,0.10158293389468882
747,0.10067166847669773
748,0.10058013632305485
749,0.09994918890040959
750,0.09905417951672303
751,0.0981680756252002
752,0.09729078861471355
753,0.09642223075583092
754,0.09556231519204265
755,0.09471095593107574
756,0.0945002880411771
757,0.09365949612692422
758,0.0928270702320005
759,0.09200292711312276
760,0.09181290083793264
761,0.09160535975855609
762,0.09079337286199951
763,0.08998946537005717
764,0.08919355689130994
765,0.08840556783424669
766,0.08762541939930506
767,0.08685303357099142
768,0.08639176811096495
769,0.08563165731806585
770,0.08512511646436997
771,0.08437760906593639
772,0.08418373661987293
773,0.08344559610739727
774,0.08271552736737513
775,0.08199199578105283
776,0.08127566345430216
777,0.08056645875329352
778,0.07986431075696578
779,0.07974006289721913
780,0.0791117626747799
781,0.0789771260509353
782,0.07844667282179758
783,0.07780628861838414
784,0.07713160477377932
785,0.07646363414559508
786,0.07605481602375981
787,0.07563669687527189
788,0.07520166093873719
789,0.07506488111984226
790,0.07500049876205915
791,0.07481745556775682
792,0.07419690129696534
793,0.07370320932191168
794,0.0731892974791772
795,0.07278931672310272
796,0.07239186779775929
797,0.07205585974987982
798,0.07175067725428348
799,0.07119802655277283
800,0.07078997819876554
801,0.07036351964767529
802,0.06986397727267195
803,0.06926832074637283
804,0.0687607986609453
805,0.06848878012619647
806,0.06844726783091555
807,0.06791086065850024
808,0.0676012888390028
809,0.06720120377196
810,0.06674598716591675
811,0.06620720452782058
812,0.0658989134804478
813,0.06559064563508529
814,0.06530121852682454
815,0.06475096220860904
816,0.06420618103224036
817,0.06370064126849136
818,0.06341998586757155
819,0.06305583996296207
820,0.06262940232463814
821,0.062105731021826066
822,0.061795586510145044
823,0.06145537582049003
824,0.06116137962054667
825,0.06090112080856317
826,0.06046222028459372
827,0.05996011280337591
828,0.05960764441515204
829,0.05938046709807857
830,0.058910150084349897
831,0.058550036334411755
832,0.058271674682182965
833,0.058036202391956254
834,0.05768586120353882
835,0.05727468460986651
836,0.05705630875034594
837,0.056680893263502924
838,0.0564169615521929
839,0.05616375392670779
840,0.05575151670201577
841,0.0554496419692696
842,0.05512944622624337
843,0.054893586420387636
844,0.054654047072146085
845,0.05440423923422115
846,0.054116547689631894
847,0.05388115439800923
848,0.05350191426109756
849,0.05331872298836307
850,0.05302171305992161
851,0.052593639862579804
852,0.052348158748022386
853,0.052059906326347404
854,0.05164140326590583
855,0.05125015800215576
856,0.05101077935015428
857,0.05066325841674532
858,0.05037718683324832
859,0.05013886003057238
860,0.04993028039158134
861,0.04964341844994488
862,0.049248959845616634
863,0.048958420763251874
864,0.048716851445509655
865,0.04833161233691807
866,0.04812136717325784
867,0.04774205323217492
868,0.047583869027959344
869,0.04720990328278166
870,0.047026909908900315
871,0.04681461610651932
872,0.046742897553426685
873,0.04659658547888574
874,0.046286832816098966
875,0.046023263681625765
876,0.04595128915278286
877,0.045745162422425906
878,0.04556048121834944
879,0.04529759894704734
880,0.04515317506264121
881,0.04497225186260629
882,0.04481940837104541
883,0.044666539532286394
884,0.04448191360114652
885,0.04420715877699147
886,0.0438667918601918
887,0.04369046781282406
888,0.043446426277662764
889,0.043250338354612075
890,0.043004203862593286
891,0.042851419091456046
892,0.04267842071627328
893,0.04257662293076225
894,0.04246085633992536
895,0.042279906379320026
896,0.042152652241500756
897,0.04199868931736817
898,0.041894862387237504
899,0.04175959686492938
900,0.041606883941842254
901,0.04149960301735888
902,0.041387036053647026
903,0.04129395485057591
904,0.04119428619063501
905,0.041052674599147666
906,0.0408971807886663
907,0.0408024718961802
908,0.040571706074501036
909,0.040481347621005394
910,0.04034691737422279
911,0.04004496050114901
912,0.039928013350369024
913,0.03977606679445419
914,0.03964860107736007
915,0.039445024343137076
916,0.03927063933475767
917,0.039130185621533614
918,0.03897678357922706
919,0.03880920468304571
920,0.03864975647511522
921,0.03853139166752037
922,0.03838795521699753
923,0.038208826999404776
924,0.03804316536083278
925,0.037866212769906565
926,0.037680133206976114
927,0.03740471127972153
928,0.03728930707226248
929,0.03712172163377505
930,0.03689323971002389
931,0.036685088950399174
932,0.03657324661013025
933,0.03640160867958659
934,0.036306996834303044
935,0.0361237521128451
936,0.03600775969049427
937,0.03579536805683003
938,0.03572941636878365
939,0.035597506467511475
940,0.03536664046111537
941,0.03525906100742417
942,0.03507107880933906
943,0.034949528971677635
944,0.03485713771095487
945,0.03470028897920983
946,0.03459578146643121
947,0.03450175978985827
948,0.03437346262569984
949,0.03431673856697281
950,0.03421288533036788
951,0.03404086145185204
952,0.03397627843764476
953,0.03380331705747015
954,0.03362900406209037
955,0.0334672291373228
956,0.03335835983912136
957,0.03327442092440103
958,0.03314954076866164
959,0.03309982272206092
960,0.033021186477574696
961,0.03291828223975858
962,0.0327875638762745
963,0.03264626512363637
964,0.03252453012516216
965,0.032361146982078266
966,0.032264755183309506
967,0.03215348771757806
968,0.03206902282515354
969,0.031982461769335904
970,0.031887483486252366
971,0.0317489383125814
972,0.031639815825997536
973,0.03147468808343772
974,0.031345371895439726
975,0.031232116044636694
976,0.031088438314597705
977,0.030990184907939575
978,0.030885287070046813
979,0.03078340731528783
980,0.030664452284842172
981,0.030586693966256427
982,0.03038185293873718
983,0.030293587371807824
984,0.030192978462802944
985,0.030079812218844683
986,0.02996089167793311
987,0.029858953097994863
988,0.029724962056961443
989,0.029571314399011374
990,0.029464162284645885
991,0.029372895367171234
992,0.029261435631474784
993,0.0291701607616568
994,0.029069018368721743
995,0.028948503228938417
996,0.02887437049137602
997,0.028750022325867403
998,0.02856345648651821
999,0.028457207472675994
1000,0.028371764411201587
1001,0.028248537560176
1002,0.028194055923507162
1003,0.028065696934570283
1004,0.02800707872571854
1005,0.027920851857873435
1006,0.027851989223850793
1007,0.027735440807183723
1008,0.027614896623777058
1009,0.027560374996428466
1010,0.027421497691467192
1011,0.027323170542861333
1012,0.027190981985032447
1013,0.027129719597772377
1014,0.027068504841405633
1015,0.026988810868102765
1016,0.026939106504710507
1017,0.026862714519256196
1018,0.0267179826108093
1019,0.026642255001501573
1020,0.026577476606971642
1021,0.026512950356180495
1022,0.026384486518168257
1023,0.026323812692725414
1024,0.026233628810418887
1025,0.026181764225818673
1026,0.026113621063983884
1027,0.025997539723396093
1028,0.025838361543544013
1029,0.02572221913094376
1030,0.02563723521770228
1031,0.025571229413427016
1032,0.025510309674823782
1033,0.025428322491501263
1034,0.02532698412295078
1035,0.02524733819347616
1036,0.025194673565672808
1037,0.02513462163964212
1038,0.02503641526136212
1039,0.024955437455801747
1040,0.0248940967493579
1041,0.024802039023353886
1042,0.02473499008244917
1043,0.024631620041743713
1044,0.024591876111478783
1045,0.024516630788743693
1046,0.024421424928938187
1047,0.02433128547711861
1048,0.024188686804033147
1049,0.02410691274898649
1050,0.02404497868774593
1051,0.02397450982271919
1052,0.023936132713417574
1053,0.0238780012580585
1054,0.023836706374245953
1055,0.023769485430058454
1056,0.023727140659355703
1057,0.023644205733590672
1058,0.023556619379436636
1059,0.023515469835520532
1060,0.023470134063621858
1061,0.023424950364291777
1062,0.023376974969184165
1063,0.02331025702818639
1064,0.02326521165191245
1065,0.023210935626024325
1066,0.023151883011044726
1067,0.023074253872587526
1068,0.023004883530706947
1069,0.022950248059406778
1070,0.02288836470016905
1071,0.022788738041470843
1072,0.022679733648233454
1073,0.022638338636933257
1074,0.02259204094237014
1075,0.02250495471696415
1076,0.02245491025475583
1077,0.02235332111514572
1078,0.02228052830199417
1079,0.022233339165407824
1080,0.022190963043595746
1081,0.02213659105072835
1082,0.022065919919551792
1083,0.02202568697344237
1084,0.021981034522952272
1085,0.021937025342465718
1086,0.021840252356574975
1087,0.021808208711438792
1088,0.021772601714757735
1089,0.021735459009720737
1090,0.021705220549862146
1091,0.02162089700223071
1092,0.021558313286529414
1093,0.021522768448756446
1094,0.021449601697247918
1095,0.02138885155487843
1096,0.02134928723331528
1097,0.02131427206206461
1098,0.021251314239639434
1099,0.02121222771608259
1100,0.021166351692559517
1101,0.021075272749570117
1102,0.02104839250950743
1103,0.02099735669127839
1104,0.020963098409112098
1105,0.020902748823988328
1106,0.020838178459811573
1107,0.020786927055697783
1108,0.020702581169048908
1109,0.02066113561049142
1110,0.020616877407240747
1111,0.02055305026869869
1112,0.020525016456483865
1113,0.02044658304006485
1114,0.020361167703042516
1115,0.020302380068242653
1116,0.020249869185662992
1117,0.020204562693146022
1118,0.02014088166027857
1119,0.020093230414434254
1120,0.020031447846271942
1121,0.020000598519256445
1122,0.01992438582581596
1123,0.01988160495226809
1124,0.019839303668153688
1125,0.019763929607651845
1126,0.019708433522985097
1127,0.01968138474404845
1128,0.019599537719817227
1129,0.019572122264726613
1130,0.019514385754078007
1131,0.019471193635482137
1132,0.019437253010205633
1133,0.019409736425181415
1134,0.019367206721682725
1135,0.019321792542858582
1136,0.01928476554114827
1137,0.019239289078419788
1138,0.01920139352900613
1139,0.019174105932364422
1140,0.019109473747415617
1141,0.019068935960962697
1142,0.01902948147345681
1143,0.018970980179059294
1144,0.01894258719854231
1145,0.018912144909796418
1146,0.01888491542872564
1147,0.01879650904308524
1148,0.018769282088635323
1149,0.018734449708339235
1150,0.01868350234388192
1151,0.01865411511044026
1152,0.01862103324178529
1153,0.01856894775875077
1154,0.018510706363937812
1155,0.01847444312487784
1156,0.018425433619708442
1157,0.018386514030424638
1158,0.018358299047091915
1159,0.018335178595340555
1160,0.018295016751655166
1161,0.01825892920663356
1162,0.018219545726530728
1163,0.01818591458001393
1164,0.018145738793757017
1165,0.018080428821791505
1166,0.018047125469517603
1167,0.018024625033513642
1168,0.017996348045392428
1169,0.017973271960544997
1170,0.017931601287981866
1171,0.017879976669394254
1172,0.017857079269161774
1173,0.01783299502403768
1174,0.017804768890825162
1175,0.017783490929385783
1176,0.017732057076153343
1177,0.017695647760334315
1178,0.017657801584353587
1179,0.017635549773829973
1180,0.017609404702535844
1181,0.017566759792547425
1182,0.017544621634594484
1183,0.0175208182593696
1184,0.017498889501619666
1185,0.017474707164028967
1186,0.01745321097676439
1187,0.017415296365222207
1188,0.017390792310835734
1189,0.01733674250074086
1190,0.017313814397913158
1191,0.01729285384337441
1192,0.01727057181949688
1193,0.017238072510553724
1194,0.017218339520387156
1195,0.017191609096363095
1196,0.017163473171147754
1197,0.017138230690044748
1198,0.017120407401713014
1199,0.017096948785293144
1200,0.017045470606063498
1201,0.01701685381536873
1202,0.016992337755147132
1203,0.016963588587547825
1204,0.01693981379265097
1205,0.016917434356347204
1206,0.01687550395305455
1207,0.016857788016241188
1208,0.01683047995786176
1209,0.016796752626083464
1210,0.016772870114719136
1211,0.01675602664695345
1212,0.01672730718931462
1213,0.016712926145135046
1214,0.01670393684827456
1215,0.01668071450148422
1216,0.01665351271569548
1217,0.016637563431973933
1218,0.01661708501641533
1219,0.01658678219436847
1220,0.016559306908149128
1221,0.016538416057734158
1222,0.01650704179209514
1223,0.01647847370409336
1224,0.01646165155073856
