0,1.0
1,0.9915225054760133
2,0.978942182694456
3,0.9717022998219387
4,0.9615620934833747
5,0.9488023274305639
6,0.9393681467342928
7,0.9284660514652673
8,0.9176918448931726
9,0.9071337356881279
10,0.897763113323253
11,0.8884025230963912
12,0.8799232097767349
13,0.8696324748919171
14,0.8621861110111197
15,0.8514317819376511
16,0.8428928005995512
17,0.8347703163334246
18,0.8286076777429794
19,0.8202192930038137
20,0.8100745758443233
21,0.8028269240346422
22,0.7944673426943784
23,0.7867394322758808
24,0.7767838451949151
25,0.7696858124458826
26,0.7605490032871117
27,0.7542707970415407
28,0.7464231923772219
29,0.7391685723936182
30,0.7263042043410836
31,0.7152165671795919
32,0.7062473207565771
33,0.6967737744282567
34,0.690212291702937
35,0.6789470728210195
36,0.6706372788234027
37,0.6645872884863163
38,0.6587873098085463
39,0.6485531686119644
40,0.6386061721060857
41,0.6274542292782724
42,0.6211270914137808
43,0.614562431796811
44,0.6084272376745479
45,0.6018806105211622
46,0.591554646802878
47,0.5831256305054217
48,0.5700381705645132
49,0.5643548156096271
50,0.5467889192048886
51,0.5363176580658923
52,0.5236822805607977
53,0.5029979141637835
54,0.4936226448041961
55,0.48357246548750843
56,0.4772689225096599
57,0.4686580499161256
58,0.4547911931327059
59,0.4476873939539773
60,0.440438709455196
61,0.43335240592196833
62,0.42675767722989266
63,0.41724091665332885
64,0.4128663797730423
65,0.4081006819945973
66,0.3998277376171453
67,0.39583311951858663
68,0.38819311186992533
69,0.38007472441601176
70,0.3727104810352214
71,0.36552833230517906
72,0.35709723024360757
73,0.3536779211712652
74,0.34362077480089714
75,0.32700100465427145
76,0.3217510470354849
77,0.31051718583200555
78,0.2985028438105848
79,0.27104816828960127
80,0.26608385338434826
81,0.2593618222471381
82,0.23563190739884232
83,0.2259625349055325
84,0.21880586467304816
85,0.19893535946152688
86,0.1809557828308639
87,0.17593645985596382
88,0.16014551789409795
89,0.1551989604788699
90,0.14138145250120598
91,0.12887885425900528
92,0.11756603554679146
93,0.10732977387252303
94,0.09806762128883753
95,0.08968687905956045
96,0.08210366989959644
97,0.07524209850286798
98,0.0690334919565828
99,0.06341571243964096
100,0.058332535326436015
101,0.05373308647190417
102,0.04957133304598112
103,0.0458056228215666
104,0.04239826730503575
105,0.03931516453712739
106,0.03652545778907367
107,0.036034040797506335
108,0.0355261889586536
109,0.03309705090964614
110,0.030899075909329318
111,0.02891026588513506
112,0.02711071615787909
113,0.025482416229041488
114,0.02511828507160592
115,0.024869393058490136
116,0.023454383222806033
117,0.023152409096886768
118,0.02190079188817969
119,0.020768281804683802
120,0.019743544304833695
121,0.01956303306662778
122,0.019342790189574167
123,0.018453706152385983
124,0.01828962674270925
125,0.01750076445835488
126,0.017352974631565425
127,0.01665324658050957
128,0.01644500197692337
129,0.01629593976024537
130,0.01614725071176014
131,0.015562262462048757
132,0.015032943204598536
133,0.014553995334370566
134,0.014120625380099668
135,0.014033784201281006
136,0.013649918881601351
137,0.013302583176868863
138,0.012988300834607018
139,0.012703926411500518
140,0.012446613792741366
141,0.012213787707155263
142,0.012003117953022115
143,0.011812496076634007
144,0.011640014270181822
145,0.011604969804691414
146,0.01155847058032259
147,0.011410162495984096
148,0.011375345459903902
149,0.011344207934264598
150,0.011315615929112673
151,0.011190418520425292
152,0.011077135220403808
153,0.010974632251705776
154,0.010881883730168027
155,0.01086148722072679
156,0.010841814955361649
157,0.010802924126640459
158,0.010726515793628131
159,0.010672404586171148
160,0.010653184885789507
161,0.010634387662175632
162,0.010574017694276868
163,0.010519392688396436
164,0.010469965939115387
165,0.010425242766914013
166,0.010384775567252943
167,0.010348159330796474
168,0.010336520888221536
169,0.010304496691613542
170,0.010275520000240089
171,0.01024930080563451
172,0.010225576697284614
173,0.010219260434544013
174,0.01021494028000204
175,0.010194486007988971
176,0.010189248359170478
177,0.010171238996679356
178,0.010168251556923035
179,0.01015224030434677
180,0.01013775272390614
181,0.010133908967504757
182,0.010121165844408865
183,0.010117127164671802
184,0.010113847544236563
185,0.010111649022377297
186,0.010109810946840932
187,0.010106778887255552
188,0.010104194591409247
189,0.010101469699022137
190,0.010091813580472076
191,0.01008307636309499
192,0.01007981889230485
193,0.010072223120423612
194,0.010065350181806602
195,0.010059131289774067
196,0.010053504203564302
197,0.010048679608321879
198,0.010044047131104971
199,0.010042702617670346
200,0.010038638926316212
201,0.01003568606306084
202,0.01003477366064237
203,0.0100314645093113
204,0.010028470265365005
205,0.01002576096140367
206,0.010023309481802621
207,0.010022790874670848
208,0.010020622036191952
209,0.010020244035806787
210,0.010019687033520549
211,0.01001781356457952
212,0.010016118379780151
213,0.010014584513143195
214,0.0100131966132158
215,0.010011940789429003
216,0.01001080447307625
217,0.0100104924948155
218,0.010010175269547276
219,0.010009206964624977
220,0.010008330806099213
221,0.01000753802508097
222,0.010007330620922832
223,0.010007178283029708
224,0.010006495179082532
225,0.01000587708107072
226,0.010005711377409215
227,0.010005167867988383
228,0.010004949369635514
229,0.010004478374841905
230,0.01000436300143093
231,0.010004213780484673
232,0.010003812786253922
233,0.010003696033516704
234,0.01000334430942423
235,0.010003026056304534
236,0.01000294426797874
237,0.01000266408383589
238,0.010002410562739497
239,0.010002280421335377
240,0.010002063410553137
241,0.01000186705107725
242,0.010001822957572749
243,0.010001775638758459
244,0.010001606664389567
245,0.010001573748293639
246,0.010001542123283157
247,0.010001502544827283
248,0.010001359558782001
249,0.010001325593418387
250,0.010001285001932338
251,0.010001162717830627
252,0.010001052070599769
253,0.010000951952845087
254,0.010000861362554441
255,0.010000779393069753
256,0.010000705224012871
257,0.010000638113074943
258,0.010000577388587147
259,0.010000522442798398
260,0.010000472725792775
261,0.010000427739985773
262,0.010000387035144317
263,0.010000350203880673
264,0.010000338057331559
265,0.010000305886923036
266,0.01000027677793365
267,0.010000250439030854
268,0.010000226606606053
269,0.01000020504213633
270,0.010000185529797227
271,0.010000167874302692
272,0.010000151898950602
273,0.01000014646924887
274,0.01000013253085697
275,0.01000011991887843
276,0.010000108507088332
277,0.010000098181273644
278,0.010000088838090143
279,0.010000080384028108
280,0.010000072734476444
281,0.010000065812875868
282,0.010000059549952674
283,0.010000053883025422
284,0.010000048755377598
285,0.010000044115689981
286,0.010000039917527018
287,0.010000036118872081
288,0.010000032681706955
289,0.010000029571631338
290,0.010000026757518547
291,0.010000024211203995
292,0.01000002190720331
293,0.01000001982245728
294,0.010000017936101065
295,0.010000016229255377
296,0.010000014684837532
297,0.010000013287390476
298,0.01000001202292809
299,0.01000001087879521
300,0.010000009843540969
301,0.010000008906804194
302,0.01000000805920971
303,0.010000007292274505
304,0.010000006598322835
305,0.010000005970409396
306,0.010000005402249823
307,0.010000004888157782
308,0.010000004609482067
309,0.010000004170831852
310,0.010000003773924723
311,0.010000003414788303
312,0.010000003089828232
313,0.010000002982361693
314,0.010000002900303832
315,0.010000002624303431
316,0.01000000237456794
317,0.010000002148597923
318,0.010000001944131797
319,0.010000001759123195
320,0.010000001699978323
321,0.010000001538203997
322,0.010000001391824533
323,0.010000001259374917
324,0.010000001139529549
325,0.010000001031088975
326,0.010000000932967885
327,0.010000000844184252
328,0.0100000007638495
329,0.010000000691159609
330,0.010000000668589842
331,0.010000000604965106
332,0.010000000547395065
333,0.010000000495303538
334,0.010000000448169174
335,0.010000000426482265
336,0.010000000385897111
337,0.010000000349174146
338,0.010000000315945834
339,0.010000000285879612
340,0.010000000264217013
341,0.01000000023907344
342,0.010000000216322594
343,0.010000000195736778
344,0.01000000017710996
345,0.010000000160255719
346,0.01000000014500537
347,0.010000000131206286
348,0.010000000118720357
349,0.010000000114958453
350,0.010000000104018709
351,0.01000000009412002
352,0.010000000085163316
353,0.010000000077058955
354,0.010000000069725826
355,0.010000000063090536
356,0.010000000057086678
357,0.010000000051654162
358,0.01000000004760181
359,0.010000000043071899
360,0.010000000038973066
361,0.010000000035264288
362,0.010000000031908448
363,0.010000000028871959
364,0.01000000002815066
365,0.01000000002547177
366,0.010000000023047812
367,0.010000000020854523
368,0.010000000018869953
369,0.010000000018413256
370,0.010000000017860129
371,0.010000000016160512
372,0.010000000014622637
373,0.010000000013231109
374,0.010000000011972003
375,0.010000000011660078
376,0.01000000001141777
377,0.010000000010331226
378,0.01000000000934808
379,0.010000000008507695
380,0.01000000000769808
381,0.010000000006965512
382,0.010000000006818716
383,0.010000000006647702
384,0.01000000000601509
385,0.010000000005442678
386,0.010000000004924738
387,0.010000000004456087
388,0.010000000004032034
389,0.010000000003887906
390,0.010000000003517922
391,0.010000000003183148
392,0.010000000003050088
393,0.010000000002982526
394,0.0100000000026987
395,0.010000000002619728
396,0.010000000002370427
397,0.01000000000214485
398,0.010000000001940741
399,0.010000000001882819
400,0.010000000001703644
401,0.01000000000154152
402,0.010000000001394825
403,0.01000000000126209
404,0.010000000001141986
405,0.010000000001033313
406,0.01000000000093498
407,0.010000000000846004
408,0.010000000000765496
409,0.01000000000069265
410,0.010000000000626735
411,0.010000000000567093
412,0.010000000000513128
413,0.010000000000464297
414,0.010000000000420114
415,0.010000000000380135
416,0.010000000000343961
417,0.010000000000311229
418,0.010000000000303454
419,0.010000000000274576
420,0.010000000000248446
421,0.010000000000224803
422,0.01000000000020341
423,0.010000000000184053
424,0.010000000000166537
425,0.010000000000150689
426,0.01000000000013635
427,0.010000000000123374
428,0.010000000000111633
429,0.01000000000010101
430,0.010000000000091398
431,0.0100000000000827
432,0.01000000000007483
433,0.010000000000067708
434,0.010000000000061265
435,0.010000000000055435
436,0.01000000000005016
437,0.010000000000045386
438,0.010000000000041066
439,0.010000000000037158
440,0.010000000000033623
441,0.010000000000030424
442,0.010000000000029024
443,0.010000000000026262
444,0.010000000000023762
445,0.0100000000000215
446,0.010000000000019455
447,0.010000000000017604
448,0.010000000000015928
449,0.010000000000014412
450,0.01000000000001304
451,0.010000000000012246
452,0.01000000000001108
453,0.010000000000010025
454,0.010000000000009845
455,0.010000000000009491
456,0.010000000000008735
457,0.010000000000008462
458,0.010000000000007657
459,0.010000000000006929
460,0.01000000000000627
461,0.010000000000006065
462,0.010000000000005487
463,0.010000000000005348
464,0.01000000000000484
465,0.010000000000004379
466,0.010000000000004252
467,0.010000000000003848
468,0.010000000000003482
469,0.01000000000000315
470,0.010000000000003074
471,0.010000000000002781
472,0.010000000000002516
473,0.010000000000002455
474,0.01000000000000222
475,0.010000000000002136
476,0.010000000000001933
477,0.010000000000001749
478,0.010000000000001582
479,0.010000000000001522
480,0.010000000000001378
481,0.010000000000001352
482,0.010000000000001223
483,0.010000000000001107
484,0.010000000000001069
485,0.010000000000000966
486,0.010000000000000875
487,0.010000000000000852
488,0.010000000000000819
489,0.010000000000000741
490,0.01000000000000067
491,0.010000000000000606
492,0.010000000000000548
493,0.010000000000000496
494,0.010000000000000479
495,0.010000000000000434
496,0.01000000000000041
497,0.010000000000000384
498,0.010000000000000347
499,0.010000000000000337
500,0.010000000000000306
501,0.010000000000000295
502,0.01000000000000029
503,0.01000000000000028
504,0.010000000000000253
505,0.01000000000000023
506,0.010000000000000224
507,0.010000000000000203
508,0.010000000000000184
509,0.010000000000000167
510,0.010000000000000151
511,0.010000000000000144
512,0.01000000000000013
513,0.010000000000000118
514,0.010000000000000108
515,0.010000000000000104
516,0.0100000000000001
517,0.010000000000000099
518,0.01000000000000009
519,0.010000000000000083
520,0.010000000000000075
521,0.010000000000000068
522,0.010000000000000061
523,0.01000000000000006
524,0.010000000000000054
525,0.010000000000000049
526,0.010000000000000044
527,0.01000000000000004
528,0.010000000000000037
529,0.010000000000000035
530,0.010000000000000031
531,0.010000000000000028
532,0.010000000000000024
533,0.010000000000000023
534,0.010000000000000023
535,0.010000000000000021
536,0.01000000000000002
537,0.010000000000000018
538,0.010000000000000016
539,0.010000000000000016
540,0.010000000000000014
541,0.010000000000000012
542,0.01000000000000001
543,0.010000000000000009
544,0.010000000000000009
545,0.010000000000000009
546,0.010000000000000009
547,0.010000000000000009
548,0.010000000000000009
549,0.010000000000000009
550,0.010000000000000009
551,0.010000000000000009
552,0.010000000000000009
553,0.010000000000000009
554,0.010000000000000009
555,0.010000000000000009
556,0.010000000000000009
557,0.010000000000000009
558,0.010000000000000009
559,0.010000000000000009
560,0.010000000000000009
561,0.010000000000000009
562,0.010000000000000009
563,0.010000000000000009
564,0.010000000000000009
565,0.010000000000000009
566,0.010000000000000009
567,0.010000000000000009
568,0.010000000000000009
569,0.010000000000000009
570,0.010000000000000009
571,0.010000000000000009
572,0.010000000000000009
573,0.010000000000000009
574,0.010000000000000009
575,0.010000000000000009
576,0.010000000000000009
577,0.010000000000000009
578,0.010000000000000009
579,0.010000000000000009
580,0.010000000000000009
581,0.010000000000000009
582,0.010000000000000009
583,0.010000000000000009
584,0.010000000000000009
585,0.010000000000000009
586,0.010000000000000009
587,0.010000000000000009
588,0.010000000000000009
589,0.010000000000000009
590,0.010000000000000009
591,0.010000000000000009
592,0.010000000000000009
593,0.010000000000000009
594,0.010000000000000009
595,0.010000000000000009
596,0.010000000000000009
597,0.010000000000000009
598,0.010000000000000009
599,0.010000000000000009
600,0.010000000000000009
601,0.010000000000000009
602,0.010000000000000009
603,0.010000000000000009
604,0.010000000000000009
605,0.010000000000000009
606,0.010000000000000009
607,0.010000000000000009
608,0.010000000000000009
609,0.010000000000000009
610,0.010000000000000009
611,0.010000000000000009
612,0.010000000000000009
613,0.010000000000000009
614,0.010000000000000009
615,0.010000000000000009
616,0.010000000000000009
617,0.010000000000000009
618,0.010000000000000009
619,0.010000000000000009
620,0.010000000000000009
621,0.010000000000000009
622,0.010000000000000009
623,0.010000000000000009
624,0.010000000000000009
625,0.010000000000000009
626,0.010000000000000009
627,0.010000000000000009
628,0.010000000000000009
629,0.010000000000000009
630,0.010000000000000009
631,0.010000000000000009
632,0.010000000000000009
633,0.010000000000000009
634,0.010000000000000009
635,0.010000000000000009
636,0.010000000000000009
637,0.010000000000000009
638,0.010000000000000009
639,0.010000000000000009
640,0.010000000000000009
641,0.010000000000000009
642,0.010000000000000009
643,0.010000000000000009
644,0.010000000000000009
645,0.010000000000000009
646,0.010000000000000009
647,0.010000000000000009
648,0.010000000000000009
649,0.010000000000000009
650,0.010000000000000009
651,0.010000000000000009
652,0.010000000000000009
653,0.010000000000000009
654,0.010000000000000009
655,0.010000000000000009
656,0.010000000000000009
657,0.010000000000000009
658,0.010000000000000009
659,0.010000000000000009
660,0.010000000000000009
661,0.010000000000000009
662,0.010000000000000009
663,0.010000000000000009
664,0.010000000000000009
665,0.010000000000000009
666,0.010000000000000009
667,0.010000000000000009
668,0.010000000000000009
669,0.010000000000000009
670,0.010000000000000009
671,0.010000000000000009
672,0.010000000000000009
673,0.010000000000000009
674,0.010000000000000009
675,0.010000000000000009
676,0.010000000000000009
677,0.010000000000000009
678,0.010000000000000009
679,0.010000000000000009
680,0.010000000000000009
681,0.010000000000000009
682,0.010000000000000009
683,0.010000000000000009
684,0.010000000000000009
685,0.010000000000000009
686,0.010000000000000009
687,0.010000000000000009
688,0.010000000000000009
689,0.010000000000000009
690,0.010000000000000009
691,0.010000000000000009
692,0.010000000000000009
693,0.010000000000000009
694,0.010000000000000009
695,0.010000000000000009
696,0.010000000000000009
697,0.010000000000000009
698,0.010000000000000009
699,0.010000000000000009
700,0.010000000000000009
701,0.010000000000000009
702,0.010000000000000009
703,0.010000000000000009
704,0.010000000000000009
705,0.010000000000000009
706,0.010000000000000009
707,0.010000000000000009
708,0.010000000000000009
709,0.010000000000000009
710,0.010000000000000009
711,0.010000000000000009
712,0.010000000000000009
713,0.010000000000000009
714,0.010000000000000009
715,0.010000000000000009
716,0.010000000000000009
717,0.010000000000000009
718,0.010000000000000009
719,0.010000000000000009
720,0.010000000000000009
721,0.010000000000000009
722,0.010000000000000009
723,0.010000000000000009
724,0.010000000000000009
725,0.010000000000000009
726,0.010000000000000009
727,0.010000000000000009
728,0.010000000000000009
729,0.010000000000000009
730,0.010000000000000009
731,0.010000000000000009
732,0.010000000000000009
733,0.010000000000000009
734,0.010000000000000009
735,0.010000000000000009
736,0.010000000000000009
737,0.010000000000000009
738,0.010000000000000009
739,0.010000000000000009
740,0.010000000000000009
741,0.010000000000000009
742,0.010000000000000009
743,0.010000000000000009
744,0.010000000000000009
745,0.010000000000000009
746,0.010000000000000009
747,0.010000000000000009
748,0.010000000000000009
749,0.010000000000000009
750,0.010000000000000009
751,0.010000000000000009
752,0.010000000000000009
753,0.010000000000000009
754,0.010000000000000009
755,0.010000000000000009
756,0.010000000000000009
757,0.010000000000000009
758,0.010000000000000009
759,0.010000000000000009
760,0.010000000000000009
761,0.010000000000000009
762,0.010000000000000009
763,0.010000000000000009
764,0.010000000000000009
765,0.010000000000000009
766,0.010000000000000009
767,0.010000000000000009
768,0.010000000000000009
769,0.010000000000000009
770,0.010000000000000009
771,0.010000000000000009
772,0.010000000000000009
773,0.010000000000000009
774,0.010000000000000009
775,0.010000000000000009
776,0.010000000000000009
777,0.010000000000000009
778,0.010000000000000009
779,0.010000000000000009
780,0.010000000000000009
781,0.010000000000000009
782,0.010000000000000009
783,0.010000000000000009
784,0.010000000000000009
785,0.010000000000000009
786,0.010000000000000009
787,0.010000000000000009
788,0.010000000000000009
789,0.010000000000000009
790,0.010000000000000009
791,0.010000000000000009
792,0.010000000000000009
793,0.010000000000000009
794,0.010000000000000009
795,0.010000000000000009
796,0.010000000000000009
797,0.010000000000000009
798,0.010000000000000009
799,0.010000000000000009
800,0.010000000000000009
801,0.010000000000000009
802,0.010000000000000009
803,0.010000000000000009
804,0.010000000000000009
805,0.010000000000000009
806,0.010000000000000009
807,0.010000000000000009
808,0.010000000000000009
809,0.010000000000000009
810,0.010000000000000009
811,0.010000000000000009
812,0.010000000000000009
813,0.010000000000000009
814,0.010000000000000009
815,0.010000000000000009
816,0.010000000000000009
817,0.010000000000000009
818,0.010000000000000009
819,0.010000000000000009
820,0.010000000000000009
821,0.010000000000000009
822,0.010000000000000009
823,0.010000000000000009
824,0.010000000000000009
825,0.010000000000000009
826,0.010000000000000009
827,0.010000000000000009
828,0.010000000000000009
829,0.010000000000000009
830,0.010000000000000009
831,0.010000000000000009
832,0.010000000000000009
833,0.010000000000000009
834,0.010000000000000009
835,0.010000000000000009
836,0.010000000000000009
837,0.010000000000000009
838,0.010000000000000009
839,0.010000000000000009
840,0.010000000000000009
841,0.010000000000000009
842,0.010000000000000009
843,0.010000000000000009
844,0.010000000000000009
845,0.010000000000000009
846,0.010000000000000009
847,0.010000000000000009
848,0.010000000000000009
849,0.010000000000000009
850,0.010000000000000009
851,0.010000000000000009
852,0.010000000000000009
853,0.010000000000000009
854,0.010000000000000009
855,0.010000000000000009
856,0.010000000000000009
857,0.010000000000000009
858,0.010000000000000009
859,0.010000000000000009
860,0.010000000000000009
861,0.010000000000000009
862,0.010000000000000009
863,0.010000000000000009
864,0.010000000000000009
865,0.010000000000000009
866,0.010000000000000009
867,0.010000000000000009
868,0.010000000000000009
869,0.010000000000000009
870,0.010000000000000009
871,0.010000000000000009
872,0.010000000000000009
873,0.010000000000000009
874,0.010000000000000009
875,0.010000000000000009
876,0.010000000000000009
877,0.010000000000000009
878,0.010000000000000009
879,0.010000000000000009
880,0.010000000000000009
881,0.010000000000000009
882,0.010000000000000009
883,0.010000000000000009
884,0.010000000000000009
885,0.010000000000000009
886,0.010000000000000009
887,0.010000000000000009
888,0.010000000000000009
889,0.010000000000000009
890,0.010000000000000009
891,0.010000000000000009
892,0.010000000000000009
893,0.010000000000000009
894,0.010000000000000009
895,0.010000000000000009
896,0.010000000000000009
897,0.010000000000000009
898,0.010000000000000009
899,0.010000000000000009
900,0.010000000000000009
901,0.010000000000000009
902,0.010000000000000009
903,0.010000000000000009
904,0.010000000000000009
905,0.010000000000000009
906,0.010000000000000009
907,0.010000000000000009
908,0.010000000000000009
909,0.010000000000000009
910,0.010000000000000009
911,0.010000000000000009
912,0.010000000000000009
913,0.010000000000000009
914,0.010000000000000009
915,0.010000000000000009
916,0.010000000000000009
917,0.010000000000000009
918,0.010000000000000009
919,0.010000000000000009
920,0.010000000000000009
921,0.010000000000000009
922,0.010000000000000009
923,0.010000000000000009
924,0.010000000000000009
925,0.010000000000000009
926,0.010000000000000009
927,0.010000000000000009
928,0.010000000000000009
929,0.010000000000000009
930,0.010000000000000009
931,0.010000000000000009
932,0.010000000000000009
933,0.010000000000000009
934,0.010000000000000009
935,0.010000000000000009
936,0.010000000000000009
937,0.010000000000000009
938,0.010000000000000009
939,0.010000000000000009
940,0.010000000000000009
941,0.010000000000000009
942,0.010000000000000009
943,0.010000000000000009
944,0.010000000000000009
945,0.010000000000000009
946,0.010000000000000009
947,0.010000000000000009
948,0.010000000000000009
949,0.010000000000000009
950,0.010000000000000009
951,0.010000000000000009
952,0.010000000000000009
953,0.010000000000000009
954,0.010000000000000009
955,0.010000000000000009
956,0.010000000000000009
957,0.010000000000000009
958,0.010000000000000009
959,0.010000000000000009
960,0.010000000000000009
961,0.010000000000000009
962,0.010000000000000009
963,0.010000000000000009
964,0.010000000000000009
965,0.010000000000000009
966,0.010000000000000009
967,0.010000000000000009
968,0.010000000000000009
969,0.010000000000000009
970,0.010000000000000009
971,0.010000000000000009
972,0.010000000000000009
973,0.010000000000000009
974,0.010000000000000009
975,0.010000000000000009
976,0.010000000000000009
977,0.010000000000000009
978,0.010000000000000009
979,0.010000000000000009
980,0.010000000000000009
981,0.010000000000000009
982,0.010000000000000009
983,0.010000000000000009
984,0.010000000000000009
985,0.010000000000000009
986,0.010000000000000009
987,0.010000000000000009
988,0.010000000000000009
989,0.010000000000000009
990,0.010000000000000009
991,0.010000000000000009
992,0.010000000000000009
993,0.010000000000000009
994,0.010000000000000009
995,0.010000000000000009
996,0.010000000000000009
997,0.010000000000000009
998,0.010000000000000009
999,0.010000000000000009
1000,0.010000000000000009
1001,0.010000000000000009
1002,0.010000000000000009
1003,0.010000000000000009
1004,0.010000000000000009
1005,0.010000000000000009
1006,0.010000000000000009
1007,0.010000000000000009
1008,0.010000000000000009
1009,0.010000000000000009
1010,0.010000000000000009
1011,0.010000000000000009
1012,0.010000000000000009
1013,0.010000000000000009
1014,0.010000000000000009
1015,0.010000000000000009
1016,0.010000000000000009
1017,0.010000000000000009
1018,0.010000000000000009
1019,0.010000000000000009
1020,0.010000000000000009
1021,0.010000000000000009
1022,0.010000000000000009
1023,0.010000000000000009
1024,0.010000000000000009
1025,0.010000000000000009
1026,0.010000000000000009
1027,0.010000000000000009
1028,0.010000000000000009
1029,0.010000000000000009
1030,0.010000000000000009
1031,0.010000000000000009
1032,0.010000000000000009
1033,0.010000000000000009
1034,0.010000000000000009
1035,0.010000000000000009
1036,0.010000000000000009
1037,0.010000000000000009
1038,0.010000000000000009
1039,0.010000000000000009
1040,0.010000000000000009
1041,0.010000000000000009
1042,0.010000000000000009
1043,0.010000000000000009
1044,0.010000000000000009
1045,0.010000000000000009
1046,0.010000000000000009
1047,0.010000000000000009
1048,0.010000000000000009
1049,0.010000000000000009
1050,0.010000000000000009
1051,0.010000000000000009
1052,0.010000000000000009
1053,0.010000000000000009
1054,0.010000000000000009
1055,0.010000000000000009
1056,0.010000000000000009
1057,0.010000000000000009
1058,0.010000000000000009
1059,0.010000000000000009
1060,0.010000000000000009
1061,0.010000000000000009
1062,0.010000000000000009
1063,0.010000000000000009
1064,0.010000000000000009
1065,0.010000000000000009
1066,0.010000000000000009
1067,0.010000000000000009
1068,0.010000000000000009
1069,0.010000000000000009
1070,0.010000000000000009
1071,0.010000000000000009
1072,0.010000000000000009
1073,0.010000000000000009
1074,0.010000000000000009
1075,0.010000000000000009
1076,0.010000000000000009
1077,0.010000000000000009
1078,0.010000000000000009
1079,0.010000000000000009
1080,0.010000000000000009
1081,0.010000000000000009
1082,0.010000000000000009
1083,0.010000000000000009
1084,0.010000000000000009
1085,0.010000000000000009
1086,0.010000000000000009
1087,0.010000000000000009
1088,0.010000000000000009
1089,0.010000000000000009
1090,0.010000000000000009
1091,0.010000000000000009
1092,0.010000000000000009
1093,0.010000000000000009
1094,0.010000000000000009
1095,0.010000000000000009
1096,0.010000000000000009
1097,0.010000000000000009
1098,0.010000000000000009
1099,0.010000000000000009
1100,0.010000000000000009
1101,0.010000000000000009
1102,0.010000000000000009
1103,0.010000000000000009
1104,0.010000000000000009
1105,0.010000000000000009
1106,0.010000000000000009
1107,0.010000000000000009
1108,0.010000000000000009
1109,0.010000000000000009
1110,0.010000000000000009
1111,0.010000000000000009
1112,0.010000000000000009
1113,0.010000000000000009
1114,0.010000000000000009
1115,0.010000000000000009
1116,0.010000000000000009
1117,0.010000000000000009
1118,0.010000000000000009
1119,0.010000000000000009
1120,0.010000000000000009
1121,0.010000000000000009
1122,0.010000000000000009
1123,0.010000000000000009
1124,0.010000000000000009
1125,0.010000000000000009
1126,0.010000000000000009
1127,0.010000000000000009
1128,0.010000000000000009
1129,0.010000000000000009
1130,0.010000000000000009
1131,0.010000000000000009
1132,0.010000000000000009
1133,0.010000000000000009
1134,0.010000000000000009
1135,0.010000000000000009
1136,0.010000000000000009
1137,0.010000000000000009
1138,0.010000000000000009
1139,0.010000000000000009
1140,0.010000000000000009
1141,0.010000000000000009
1142,0.010000000000000009
1143,0.010000000000000009
1144,0.010000000000000009
1145,0.010000000000000009
1146,0.010000000000000009
1147,0.010000000000000009
1148,0.010000000000000009
1149,0.010000000000000009
1150,0.010000000000000009
1151,0.010000000000000009
1152,0.010000000000000009
1153,0.010000000000000009
1154,0.010000000000000009
1155,0.010000000000000009
1156,0.010000000000000009
1157,0.010000000000000009
1158,0.010000000000000009
1159,0.010000000000000009
1160,0.010000000000000009
1161,0.010000000000000009
1162,0.010000000000000009
1163,0.010000000000000009
1164,0.010000000000000009
1165,0.010000000000000009
1166,0.010000000000000009
1167,0.010000000000000009
1168,0.010000000000000009
1169,0.010000000000000009
1170,0.010000000000000009
1171,0.010000000000000009
1172,0.010000000000000009
1173,0.010000000000000009
1174,0.010000000000000009
1175,0.010000000000000009
1176,0.010000000000000009
1177,0.010000000000000009
1178,0.010000000000000009
1179,0.010000000000000009
1180,0.010000000000000009
1181,0.010000000000000009
1182,0.010000000000000009
1183,0.010000000000000009
1184,0.010000000000000009
1185,0.010000000000000009
1186,0.010000000000000009
1187,0.010000000000000009
1188,0.010000000000000009
1189,0.010000000000000009
1190,0.010000000000000009
1191,0.010000000000000009
1192,0.010000000000000009
1193,0.010000000000000009
1194,0.010000000000000009
1195,0.010000000000000009
1196,0.010000000000000009
1197,0.010000000000000009
1198,0.010000000000000009
1199,0.010000000000000009
1200,0.010000000000000009
1201,0.010000000000000009
1202,0.010000000000000009
1203,0.010000000000000009
1204,0.010000000000000009
1205,0.010000000000000009
1206,0.010000000000000009
1207,0.010000000000000009
1208,0.010000000000000009
1209,0.010000000000000009
1210,0.010000000000000009
1211,0.010000000000000009
1212,0.010000000000000009
1213,0.010000000000000009
1214,0.010000000000000009
1215,0.010000000000000009
1216,0.010000000000000009
1217,0.010000000000000009
1218,0.010000000000000009
1219,0.010000000000000009
1220,0.010000000000000009
1221,0.010000000000000009
1222,0.010000000000000009
1223,0.010000000000000009
1224,0.010000000000000009
1225,0.010000000000000009
1226,0.010000000000000009
1227,0.010000000000000009
1228,0.010000000000000009
1229,0.010000000000000009
1230,0.010000000000000009
1231,0.010000000000000009
1232,0.010000000000000009
1233,0.010000000000000009
1234,0.010000000000000009
1235,0.010000000000000009
1236,0.010000000000000009
1237,0.010000000000000009
1238,0.010000000000000009
1239,0.010000000000000009
1240,0.010000000000000009
1241,0.010000000000000009
1242,0.010000000000000009
1243,0.010000000000000009
1244,0.010000000000000009
1245,0.010000000000000009
1246,0.010000000000000009
1247,0.010000000000000009
1248,0.010000000000000009
1249,0.010000000000000009
1250,0.010000000000000009
1251,0.010000000000000009
1252,0.010000000000000009
1253,0.010000000000000009
1254,0.010000000000000009
1255,0.010000000000000009
1256,0.010000000000000009
1257,0.010000000000000009
1258,0.010000000000000009
1259,0.010000000000000009
1260,0.010000000000000009
1261,0.010000000000000009
1262,0.010000000000000009
1263,0.010000000000000009
1264,0.010000000000000009
1265,0.010000000000000009
1266,0.010000000000000009
1267,0.010000000000000009
1268,0.010000000000000009
1269,0.010000000000000009
1270,0.010000000000000009
1271,0.010000000000000009
1272,0.010000000000000009
1273,0.010000000000000009
1274,0.010000000000000009
1275,0.010000000000000009
1276,0.010000000000000009
1277,0.010000000000000009
1278,0.010000000000000009
1279,0.010000000000000009
1280,0.010000000000000009
1281,0.010000000000000009
1282,0.010000000000000009
1283,0.010000000000000009
1284,0.010000000000000009
1285,0.010000000000000009
1286,0.010000000000000009
1287,0.010000000000000009
1288,0.010000000000000009
1289,0.010000000000000009
1290,0.010000000000000009
1291,0.010000000000000009
1292,0.010000000000000009
1293,0.010000000000000009
1294,0.010000000000000009
1295,0.010000000000000009
1296,0.010000000000000009
1297,0.010000000000000009
1298,0.010000000000000009
1299,0.010000000000000009
1300,0.010000000000000009
1301,0.010000000000000009
1302,0.010000000000000009
1303,0.010000000000000009
1304,0.010000000000000009
1305,0.010000000000000009
1306,0.010000000000000009
1307,0.010000000000000009
1308,0.010000000000000009
1309,0.010000000000000009
1310,0.010000000000000009
1311,0.010000000000000009
1312,0.010000000000000009
1313,0.010000000000000009
1314,0.010000000000000009
1315,0.010000000000000009
1316,0.010000000000000009
1317,0.010000000000000009
1318,0.010000000000000009
1319,0.010000000000000009
1320,0.010000000000000009
1321,0.010000000000000009
1322,0.010000000000000009
1323,0.010000000000000009
1324,0.010000000000000009
1325,0.010000000000000009
1326,0.010000000000000009
1327,0.010000000000000009
1328,0.010000000000000009
1329,0.010000000000000009
1330,0.010000000000000009
1331,0.010000000000000009
1332,0.010000000000000009
1333,0.010000000000000009
1334,0.010000000000000009
1335,0.010000000000000009
1336,0.010000000000000009
1337,0.010000000000000009
1338,0.010000000000000009
1339,0.010000000000000009
1340,0.010000000000000009
1341,0.010000000000000009
1342,0.010000000000000009
1343,0.010000000000000009
1344,0.010000000000000009
1345,0.010000000000000009
1346,0.010000000000000009
1347,0.010000000000000009
1348,0.010000000000000009
1349,0.010000000000000009
1350,0.010000000000000009
1351,0.010000000000000009
1352,0.010000000000000009
1353,0.010000000000000009
1354,0.010000000000000009
1355,0.010000000000000009
1356,0.010000000000000009
1357,0.010000000000000009
1358,0.010000000000000009
1359,0.010000000000000009
1360,0.010000000000000009
1361,0.010000000000000009
1362,0.010000000000000009
1363,0.010000000000000009
1364,0.010000000000000009
1365,0.010000000000000009
1366,0.010000000000000009
1367,0.010000000000000009
1368,0.010000000000000009
1369,0.010000000000000009
1370,0.010000000000000009
1371,0.010000000000000009
1372,0.010000000000000009
1373,0.010000000000000009
1374,0.010000000000000009
1375,0.010000000000000009
1376,0.010000000000000009
1377,0.010000000000000009
1378,0.010000000000000009
1379,0.010000000000000009
1380,0.010000000000000009
1381,0.010000000000000009
1382,0.010000000000000009
1383,0.010000000000000009
1384,0.010000000000000009
1385,0.010000000000000009
1386,0.010000000000000009
1387,0.010000000000000009
1388,0.010000000000000009
1389,0.010000000000000009
1390,0.010000000000000009
1391,0.010000000000000009
1392,0.010000000000000009
1393,0.010000000000000009
1394,0.010000000000000009
1395,0.010000000000000009
1396,0.010000000000000009
1397,0.010000000000000009
1398,0.010000000000000009
1399,0.010000000000000009
1400,0.010000000000000009
1401,0.010000000000000009
1402,0.010000000000000009
1403,0.010000000000000009
1404,0.010000000000000009
1405,0.010000000000000009
1406,0.010000000000000009
1407,0.010000000000000009
1408,0.010000000000000009
1409,0.010000000000000009
1410,0.010000000000000009
1411,0.010000000000000009
1412,0.010000000000000009
1413,0.010000000000000009
1414,0.010000000000000009
1415,0.010000000000000009
1416,0.010000000000000009
1417,0.010000000000000009
1418,0.010000000000000009
1419,0.010000000000000009
1420,0.010000000000000009
1421,0.010000000000000009
1422,0.010000000000000009
1423,0.010000000000000009
1424,0.010000000000000009
1425,0.010000000000000009
1426,0.010000000000000009
1427,0.010000000000000009
1428,0.010000000000000009
1429,0.010000000000000009
1430,0.010000000000000009
1431,0.010000000000000009
1432,0.010000000000000009
1433,0.010000000000000009
1434,0.010000000000000009
1435,0.010000000000000009
1436,0.010000000000000009
1437,0.010000000000000009
1438,0.010000000000000009
1439,0.010000000000000009
1440,0.010000000000000009
1441,0.010000000000000009
1442,0.010000000000000009
1443,0.010000000000000009
1444,0.010000000000000009
1445,0.010000000000000009
1446,0.010000000000000009
1447,0.010000000000000009
1448,0.010000000000000009
1449,0.010000000000000009
1450,0.010000000000000009
1451,0.010000000000000009
1452,0.010000000000000009
1453,0.010000000000000009
1454,0.010000000000000009
1455,0.010000000000000009
1456,0.010000000000000009
1457,0.010000000000000009
1458,0.010000000000000009
1459,0.010000000000000009
1460,0.010000000000000009
1461,0.010000000000000009
1462,0.010000000000000009
1463,0.010000000000000009
1464,0.010000000000000009
1465,0.010000000000000009
1466,0.010000000000000009
1467,0.010000000000000009
1468,0.010000000000000009
1469,0.010000000000000009
1470,0.010000000000000009
1471,0.010000000000000009
1472,0.010000000000000009
1473,0.010000000000000009
1474,0.010000000000000009
1475,0.010000000000000009
1476,0.010000000000000009
1477,0.010000000000000009
1478,0.010000000000000009
1479,0.010000000000000009
1480,0.010000000000000009
1481,0.010000000000000009
1482,0.010000000000000009
1483,0.010000000000000009
1484,0.010000000000000009
1485,0.010000000000000009
1486,0.010000000000000009
1487,0.010000000000000009
1488,0.010000000000000009
1489,0.010000000000000009
1490,0.010000000000000009
1491,0.010000000000000009
1492,0.010000000000000009
1493,0.010000000000000009
1494,0.010000000000000009
1495,0.010000000000000009
1496,0.010000000000000009
1497,0.010000000000000009
1498,0.010000000000000009
1499,0.010000000000000009
1500,0.010000000000000009
1501,0.010000000000000009
1502,0.010000000000000009
1503,0.010000000000000009
1504,0.010000000000000009
1505,0.010000000000000009
1506,0.010000000000000009
1507,0.010000000000000009
1508,0.010000000000000009
1509,0.010000000000000009
1510,0.010000000000000009
1511,0.010000000000000009
1512,0.010000000000000009
1513,0.010000000000000009
1514,0.010000000000000009
1515,0.010000000000000009
1516,0.010000000000000009
1517,0.010000000000000009
1518,0.010000000000000009
1519,0.010000000000000009
1520,0.010000000000000009
1521,0.010000000000000009
1522,0.010000000000000009
1523,0.010000000000000009
1524,0.010000000000000009
1525,0.010000000000000009
1526,0.010000000000000009
1527,0.010000000000000009
1528,0.010000000000000009
1529,0.010000000000000009
1530,0.010000000000000009
1531,0.010000000000000009
1532,0.010000000000000009
1533,0.010000000000000009
1534,0.010000000000000009
1535,0.010000000000000009
1536,0.010000000000000009
1537,0.010000000000000009
1538,0.010000000000000009
1539,0.010000000000000009
1540,0.010000000000000009
1541,0.010000000000000009
1542,0.010000000000000009
1543,0.010000000000000009
1544,0.010000000000000009
1545,0.010000000000000009
1546,0.010000000000000009
1547,0.010000000000000009
1548,0.010000000000000009
1549,0.010000000000000009
1550,0.010000000000000009
1551,0.010000000000000009
1552,0.010000000000000009
1553,0.010000000000000009
1554,0.010000000000000009
1555,0.010000000000000009
1556,0.010000000000000009
1557,0.010000000000000009
1558,0.010000000000000009
1559,0.010000000000000009
1560,0.010000000000000009
1561,0.010000000000000009
1562,0.010000000000000009
1563,0.010000000000000009
1564,0.010000000000000009
1565,0.010000000000000009
1566,0.010000000000000009
1567,0.010000000000000009
1568,0.010000000000000009
1569,0.010000000000000009
1570,0.010000000000000009
1571,0.010000000000000009
1572,0.010000000000000009
1573,0.010000000000000009
1574,0.010000000000000009
1575,0.010000000000000009
1576,0.010000000000000009
1577,0.010000000000000009
1578,0.010000000000000009
1579,0.010000000000000009
1580,0.010000000000000009
1581,0.010000000000000009
1582,0.010000000000000009
1583,0.010000000000000009
1584,0.010000000000000009
1585,0.010000000000000009
1586,0.010000000000000009
1587,0.010000000000000009
1588,0.010000000000000009
1589,0.010000000000000009
1590,0.010000000000000009
1591,0.010000000000000009
1592,0.010000000000000009
1593,0.010000000000000009
1594,0.010000000000000009
1595,0.010000000000000009
1596,0.010000000000000009
1597,0.010000000000000009
1598,0.010000000000000009
1599,0.010000000000000009
1600,0.010000000000000009
1601,0.010000000000000009
1602,0.010000000000000009
1603,0.010000000000000009
1604,0.010000000000000009
1605,0.010000000000000009
1606,0.010000000000000009
1607,0.010000000000000009
1608,0.010000000000000009
1609,0.010000000000000009
1610,0.010000000000000009
1611,0.010000000000000009
1612,0.010000000000000009
1613,0.010000000000000009
1614,0.010000000000000009
1615,0.010000000000000009
1616,0.010000000000000009
1617,0.010000000000000009
1618,0.010000000000000009
1619,0.010000000000000009
1620,0.010000000000000009
1621,0.010000000000000009
1622,0.010000000000000009
1623,0.010000000000000009
1624,0.010000000000000009
1625,0.010000000000000009
1626,0.010000000000000009
1627,0.010000000000000009
1628,0.010000000000000009
1629,0.010000000000000009
1630,0.010000000000000009
1631,0.010000000000000009
1632,0.010000000000000009
1633,0.010000000000000009
1634,0.010000000000000009
1635,0.010000000000000009
1636,0.010000000000000009
1637,0.010000000000000009
1638,0.010000000000000009
1639,0.010000000000000009
1640,0.010000000000000009
1641,0.010000000000000009
1642,0.010000000000000009
1643,0.010000000000000009
1644,0.010000000000000009
1645,0.010000000000000009
1646,0.010000000000000009
1647,0.010000000000000009
1648,0.010000000000000009
1649,0.010000000000000009
1650,0.010000000000000009
1651,0.010000000000000009
1652,0.010000000000000009
1653,0.010000000000000009
1654,0.010000000000000009
1655,0.010000000000000009
1656,0.010000000000000009
1657,0.010000000000000009
1658,0.010000000000000009
1659,0.010000000000000009
1660,0.010000000000000009
1661,0.010000000000000009
1662,0.010000000000000009
1663,0.010000000000000009
1664,0.010000000000000009
1665,0.010000000000000009
1666,0.010000000000000009
1667,0.010000000000000009
1668,0.010000000000000009
1669,0.010000000000000009
1670,0.010000000000000009
1671,0.010000000000000009
1672,0.010000000000000009
1673,0.010000000000000009
1674,0.010000000000000009
1675,0.010000000000000009
1676,0.010000000000000009
1677,0.010000000000000009
1678,0.010000000000000009
1679,0.010000000000000009
1680,0.010000000000000009
1681,0.010000000000000009
1682,0.010000000000000009
1683,0.010000000000000009
1684,0.010000000000000009
1685,0.010000000000000009
1686,0.010000000000000009
1687,0.010000000000000009
1688,0.010000000000000009
1689,0.010000000000000009
1690,0.010000000000000009
1691,0.010000000000000009
1692,0.010000000000000009
1693,0.010000000000000009
1694,0.010000000000000009
1695,0.010000000000000009
1696,0.010000000000000009
1697,0.010000000000000009
1698,0.010000000000000009
1699,0.010000000000000009
1700,0.010000000000000009
1701,0.010000000000000009
1702,0.010000000000000009
1703,0.010000000000000009
1704,0.010000000000000009
1705,0.010000000000000009
1706,0.010000000000000009
1707,0.010000000000000009
1708,0.010000000000000009
1709,0.010000000000000009
1710,0.010000000000000009
1711,0.010000000000000009
1712,0.010000000000000009
1713,0.010000000000000009
1714,0.010000000000000009
1715,0.010000000000000009
1716,0.010000000000000009
1717,0.010000000000000009
1718,0.010000000000000009
1719,0.010000000000000009
1720,0.010000000000000009
1721,0.010000000000000009
1722,0.010000000000000009
1723,0.010000000000000009
1724,0.010000000000000009
1725,0.010000000000000009
1726,0.010000000000000009
1727,0.010000000000000009
1728,0.010000000000000009
1729,0.010000000000000009
1730,0.010000000000000009
1731,0.010000000000000009
1732,0.010000000000000009
1733,0.010000000000000009
1734,0.010000000000000009
1735,0.010000000000000009
1736,0.010000000000000009
1737,0.010000000000000009
1738,0.010000000000000009
1739,0.010000000000000009
1740,0.010000000000000009
1741,0.010000000000000009
1742,0.010000000000000009
1743,0.010000000000000009
1744,0.010000000000000009
1745,0.010000000000000009
1746,0.010000000000000009
1747,0.010000000000000009
1748,0.010000000000000009
1749,0.010000000000000009
1750,0.010000000000000009
1751,0.010000000000000009
1752,0.010000000000000009
1753,0.010000000000000009
1754,0.010000000000000009
1755,0.010000000000000009
1756,0.010000000000000009
1757,0.010000000000000009
1758,0.010000000000000009
1759,0.010000000000000009
1760,0.010000000000000009
1761,0.010000000000000009
1762,0.010000000000000009
1763,0.010000000000000009
1764,0.010000000000000009
1765,0.010000000000000009
1766,0.010000000000000009
1767,0.010000000000000009
1768,0.010000000000000009
1769,0.010000000000000009
1770,0.010000000000000009
1771,0.010000000000000009
1772,0.010000000000000009
1773,0.010000000000000009
1774,0.010000000000000009
1775,0.010000000000000009
1776,0.010000000000000009
1777,0.010000000000000009
1778,0.010000000000000009
1779,0.010000000000000009
1780,0.010000000000000009
1781,0.010000000000000009
1782,0.010000000000000009
1783,0.010000000000000009
1784,0.010000000000000009
1785,0.010000000000000009
1786,0.010000000000000009
1787,0.010000000000000009
1788,0.010000000000000009
1789,0.010000000000000009
1790,0.010000000000000009
1791,0.010000000000000009
1792,0.010000000000000009
1793,0.010000000000000009
1794,0.010000000000000009
1795,0.010000000000000009
1796,0.010000000000000009
1797,0.010000000000000009
1798,0.010000000000000009
1799,0.010000000000000009
1800,0.010000000000000009
1801,0.010000000000000009
1802,0.010000000000000009
1803,0.010000000000000009
1804,0.010000000000000009
1805,0.010000000000000009
1806,0.010000000000000009
1807,0.010000000000000009
1808,0.010000000000000009
1809,0.010000000000000009
1810,0.010000000000000009
1811,0.010000000000000009
1812,0.010000000000000009
1813,0.010000000000000009
1814,0.010000000000000009
1815,0.010000000000000009
1816,0.010000000000000009
1817,0.010000000000000009
1818,0.010000000000000009
1819,0.010000000000000009
1820,0.010000000000000009
1821,0.010000000000000009
1822,0.010000000000000009
1823,0.010000000000000009
1824,0.010000000000000009
1825,0.010000000000000009
1826,0.010000000000000009
1827,0.010000000000000009
1828,0.010000000000000009
1829,0.010000000000000009
1830,0.010000000000000009
1831,0.010000000000000009
1832,0.010000000000000009
1833,0.010000000000000009
1834,0.010000000000000009
1835,0.010000000000000009
1836,0.010000000000000009
1837,0.010000000000000009
1838,0.010000000000000009
1839,0.010000000000000009
1840,0.010000000000000009
1841,0.010000000000000009
1842,0.010000000000000009
1843,0.010000000000000009
1844,0.010000000000000009
1845,0.010000000000000009
1846,0.010000000000000009
1847,0.010000000000000009
1848,0.010000000000000009
1849,0.010000000000000009
1850,0.010000000000000009
1851,0.010000000000000009
1852,0.010000000000000009
1853,0.010000000000000009
1854,0.010000000000000009
1855,0.010000000000000009
1856,0.010000000000000009
1857,0.010000000000000009
1858,0.010000000000000009
1859,0.010000000000000009
1860,0.010000000000000009
1861,0.010000000000000009
1862,0.010000000000000009
1863,0.010000000000000009
1864,0.010000000000000009
1865,0.010000000000000009
1866,0.010000000000000009
1867,0.010000000000000009
1868,0.010000000000000009
1869,0.010000000000000009
1870,0.010000000000000009
1871,0.010000000000000009
1872,0.010000000000000009
1873,0.010000000000000009
1874,0.010000000000000009
1875,0.010000000000000009
1876,0.010000000000000009
1877,0.010000000000000009
1878,0.010000000000000009
1879,0.010000000000000009
1880,0.010000000000000009
1881,0.010000000000000009
1882,0.010000000000000009
1883,0.010000000000000009
1884,0.010000000000000009
1885,0.010000000000000009
1886,0.010000000000000009
1887,0.010000000000000009
1888,0.010000000000000009
1889,0.010000000000000009
1890,0.010000000000000009
1891,0.010000000000000009
1892,0.010000000000000009
1893,0.010000000000000009
1894,0.010000000000000009
1895,0.010000000000000009
1896,0.010000000000000009
1897,0.010000000000000009
1898,0.010000000000000009
1899,0.010000000000000009
1900,0.010000000000000009
1901,0.010000000000000009
1902,0.010000000000000009
1903,0.010000000000000009
1904,0.010000000000000009
1905,0.010000000000000009
1906,0.010000000000000009
1907,0.010000000000000009
1908,0.010000000000000009
1909,0.010000000000000009
1910,0.010000000000000009
1911,0.010000000000000009
1912,0.010000000000000009
1913,0.010000000000000009
1914,0.010000000000000009
1915,0.010000000000000009
1916,0.010000000000000009
1917,0.010000000000000009
1918,0.010000000000000009
1919,0.010000000000000009
1920,0.010000000000000009
1921,0.010000000000000009
1922,0.010000000000000009
1923,0.010000000000000009
1924,0.010000000000000009
1925,0.010000000000000009
1926,0.010000000000000009
1927,0.010000000000000009
1928,0.010000000000000009
1929,0.010000000000000009
1930,0.010000000000000009
1931,0.010000000000000009
1932,0.010000000000000009
1933,0.010000000000000009
1934,0.010000000000000009
1935,0.010000000000000009
1936,0.010000000000000009
1937,0.010000000000000009
1938,0.010000000000000009
1939,0.010000000000000009
1940,0.010000000000000009
1941,0.010000000000000009
1942,0.010000000000000009
1943,0.010000000000000009
1944,0.010000000000000009
1945,0.010000000000000009
1946,0.010000000000000009
1947,0.010000000000000009
1948,0.010000000000000009
1949,0.010000000000000009
1950,0.010000000000000009
1951,0.010000000000000009
1952,0.010000000000000009
1953,0.010000000000000009
1954,0.010000000000000009
1955,0.010000000000000009
1956,0.010000000000000009
1957,0.010000000000000009
1958,0.010000000000000009
1959,0.010000000000000009
1960,0.010000000000000009
1961,0.010000000000000009
1962,0.010000000000000009
1963,0.010000000000000009
1964,0.010000000000000009
1965,0.010000000000000009
1966,0.010000000000000009
1967,0.010000000000000009
1968,0.010000000000000009
1969,0.010000000000000009
1970,0.010000000000000009
1971,0.010000000000000009
1972,0.010000000000000009
1973,0.010000000000000009
1974,0.010000000000000009
1975,0.010000000000000009
1976,0.010000000000000009
1977,0.010000000000000009
1978,0.010000000000000009
1979,0.010000000000000009
1980,0.010000000000000009
1981,0.010000000000000009
1982,0.010000000000000009
1983,0.010000000000000009
1984,0.010000000000000009
1985,0.010000000000000009
1986,0.010000000000000009
1987,0.010000000000000009
1988,0.010000000000000009
1989,0.010000000000000009
1990,0.010000000000000009
1991,0.010000000000000009
1992,0.010000000000000009
1993,0.010000000000000009
1994,0.010000000000000009
1995,0.010000000000000009
1996,0.010000000000000009
1997,0.010000000000000009
1998,0.010000000000000009
