0,1.0
1,0.9927010394615519
2,0.9814647102342399
3,0.9710293437741594
4,0.9619427944558868
5,0.9524708053897692
6,0.9420672261333466
7,0.9323317211051327
8,0.9229717545301622
9,0.9168752897377065
10,0.9074926609626727
11,0.8990068520959026
12,0.8918349818804558
13,0.8815776350816442
14,0.873682257057026
15,0.8638068037926251
16,0.8559032091972979
17,0.8484919184630602
18,0.8403978664701472
19,0.830574695646879
20,0.8229787269795314
21,0.8163395592075926
22,0.8038582692650394
23,0.7927434115600176
24,0.7854200969937418
25,0.776630503760531
26,0.7701417607041495
27,0.7646883956996124
28,0.7564323150391945
29,0.7511514149817824
30,0.7414325022462803
31,0.7324187400401482
32,0.7233020356502887
33,0.7153576245982999
34,0.710297288770803
35,0.6971172471765026
36,0.689736309711878
37,0.6822329573203616
38,0.6750119052509661
39,0.6645218330302954
40,0.6556160279761779
41,0.6483616313934004
42,0.6428319740878266
43,0.6350958157139166
44,0.6293093732907685
45,0.6183831978931593
46,0.6105254026532456
47,0.6025912935783403
48,0.5981046705103946
49,0.5934769471884768
50,0.5859408377198156
51,0.5749882548920192
52,0.5636899888067567
53,0.5569213146264868
54,0.542085900348961
55,0.5300395899146462
56,0.5254317727661096
57,0.5187745255828088
58,0.5054195320617842
59,0.5006862606084361
60,0.48338307438205974
61,0.4748454306523711
62,0.4684287782138695
63,0.45617218526327524
64,0.4465508848317891
65,0.44272609082155323
66,0.43504920688518184
67,0.42145717454784737
68,0.4159398285712311
69,0.40291957341561857
70,0.3904690916525574
71,0.3867210311568848
72,0.3778241398586572
73,0.36731042548696674
74,0.3619907662918614
75,0.34801995869346947
76,0.339839094501383
77,0.33292010611211725
78,0.3291639571899711
79,0.32234393709204484
80,0.30645781837161173
81,0.30087829316175163
82,0.2930447304069938
83,0.28641543771249084
84,0.27821930366043535
85,0.27011008444780416
86,0.26462832760935
87,0.26111347864767875
88,0.24929687672806594
89,0.24512209751910183
90,0.23628718963029094
91,0.23001702794972587
92,0.2213266293883123
93,0.21489649375738643
94,0.20868187810895972
95,0.2038733174886916
96,0.1963086939894327
97,0.19260127363355603
98,0.18754159919670388
99,0.18524849587319703
100,0.18119528854170538
101,0.17755387529960326
102,0.1737932469452527
103,0.1703413440579007
104,0.16661725193918026
105,0.1639002927617555
106,0.16014551789409792
107,0.1568930752896961
108,0.1548219335290514
109,0.15110509158234064
110,0.14722267113211532
111,0.1431005613807233
112,0.13976238147618966
113,0.13752404602980584
114,0.13399049917691908
115,0.13054280802089463
116,0.12763715661001906
117,0.12392096780748027
118,0.12049883115605833
119,0.11473202480064619
120,0.112391627147905
121,0.10914713343278362
122,0.10688308508458261
123,0.10440602951839631
124,0.10175343667015727
125,0.09956861173322057
126,0.09807642849131919
127,0.09553322894981785
128,0.09360513512368085
129,0.09151645837647361
130,0.08944023223457749
131,0.08728539071718724
132,0.08465704872181934
133,0.08266827763241297
134,0.08117238863463148
135,0.07916569087893088
136,0.07785716241013434
137,0.07659336467833928
138,0.07449611201377195
139,0.07187430219252126
140,0.06959102307193543
141,0.06392018745453135
142,0.06157850124497398
143,0.05667015789266678
144,0.05541329679570152
145,0.0542743252302218
146,0.0523430772738667
147,0.05138857775509742
148,0.05000101957358183
149,0.0479399612489296
150,0.04694036823296288
151,0.046107656820103794
152,0.04504051428797205
153,0.04317859513433739
154,0.04177897612909126
155,0.040994350412814476
156,0.039731436175594555
157,0.03878645439889123
158,0.037829731931344
159,0.03690749690489281
160,0.03624314843921364
161,0.0350858751103159
162,0.03446650264699593
163,0.03339225402823644
164,0.03250651770698977
165,0.030470911824840526
166,0.029321238728840848
167,0.027482579764660738
168,0.026918453395732844
169,0.02659505804869288
170,0.025823638714485134
171,0.024317820398348577
172,0.02386135764471403
173,0.023528586201670094
174,0.023189287447955696
175,0.022791807706945878
176,0.022255869230775792
177,0.021816595516587392
178,0.0209847170002987
179,0.020233891855291217
180,0.019260008282800938
181,0.018378801985601198
182,0.01804221821984449
183,0.01755798744013612
184,0.017267446145682496
185,0.016965747634644947
186,0.016722129156577267
187,0.016082433989741615
188,0.015832262145090165
189,0.01563053769617554
190,0.015433073213206677
191,0.014916047938238263
192,0.014713849807822338
193,0.014527205868533732
194,0.014344475087976412
195,0.014018886776966727
196,0.01381410082804758
197,0.013451141145379387
198,0.013126783821242587
199,0.013030431271219592
200,0.012925030602811164
201,0.01264667713832382
202,0.012494541495877875
203,0.012414772170045552
204,0.012184976215489108
205,0.011977048237293147
206,0.011788907222364876
207,0.011698600952515457
208,0.011536957700147508
209,0.011390696837031958
210,0.011258354535290772
211,0.011138606268686341
212,0.011111716195220375
213,0.011087525512122616
214,0.010984033776437262
215,0.010949523445209027
216,0.01092118438962836
217,0.010833522104646356
218,0.010804129416571875
219,0.010727606385057658
220,0.010693506229291778
221,0.010627510385904227
222,0.01056779487737233
223,0.010513762050815622
224,0.010464871127544868
225,0.010420632790767163
226,0.01038060428833902
227,0.010372434141970992
228,0.01033699234740947
229,0.010304923285527862
230,0.010275905998376073
231,0.010261742245080141
232,0.01023683417722925
233,0.010214296425426785
234,0.010193903424277508
235,0.010175451073771592
236,0.010158754696583124
237,0.010143647189757356
238,0.010129977352288167
239,0.010117608371847575
240,0.010106416455521973
241,0.010103188789896226
242,0.010093369078219956
243,0.010084483835660943
244,0.010076444135725221
245,0.0100691695143936
246,0.010062587164810706
247,0.01005663120860951
248,0.010051242036578485
249,0.010046365712072581
250,0.010041953431197154
251,0.010037961034362181
252,0.01003434856431825
253,0.010031079866250969
254,0.010030251937200453
255,0.010027373084747044
256,0.010024768191326194
257,0.010022411186289014
258,0.010021584171003056
259,0.010019530165560852
260,0.010017671624579895
261,0.010015989947157373
262,0.010015602953482092
263,0.010014118136142471
264,0.010012774617854634
265,0.010011558952235983
266,0.010010458972496408
267,0.010009463669668959
268,0.010008563082428406
269,0.010007748197394948
270,0.010007511688109774
271,0.01000679685647434
272,0.010006150050063002
273,0.010005915406520455
274,0.010005352481162601
275,0.010004843125235254
276,0.010004382240933092
277,0.010003965215571111
278,0.01000358787541932
279,0.010003246443930651
280,0.01000293750394401
281,0.010002657963484169
282,0.010002405024816249
283,0.010002176156445048
284,0.01000196906777898
285,0.01000178168620507
286,0.010001612136345546
287,0.010001458721288426
288,0.010001319905604253
289,0.010001194299979003
290,0.010001080647309361
291,0.010000977810121211
292,0.010000884759185405
293,0.010000800563216906
294,0.01000072437955416
295,0.010000655445725464
296,0.010000593071817892
297,0.010000536633572412
298,0.010000485566136093
299,0.010000439358408868
300,0.010000397547928273
301,0.010000359716240964
302,0.010000341864856009
303,0.010000309332113629
304,0.010000279895271011
305,0.010000253259714343
306,0.010000229158866019
307,0.010000207351516648
308,0.01000018761941095
309,0.010000169765063377
310,0.010000153609781619
311,0.010000138991878184
312,0.010000125765052183
313,0.010000113796925097
314,0.010000102967715885
315,0.01000010060636249
316,0.010000091032401274
317,0.010000082369522927
318,0.01000007453102645
319,0.010000067438461536
320,0.010000061020843413
321,0.010000055213942401
322,0.010000049959641082
323,0.010000045205352644
324,0.010000040903494567
325,0.010000037011012413
326,0.010000033488948911
327,0.010000032479707223
328,0.010000029388854421
329,0.010000026592135154
330,0.010000025992694068
331,0.01000002351916219
332,0.01000002128101799
333,0.010000019255861371
334,0.010000017423423884
335,0.010000015765365881
336,0.010000014265092958
337,0.01000001290758988
338,0.010000011679270301
339,0.010000010567840783
340,0.010000009562177769
341,0.010000008652216242
342,0.010000007828849005
343,0.01000000708383552
344,0.010000006409719441
345,0.01000000579975399
346,0.010000005247834426
347,0.010000004748436953
348,0.010000004296563432
349,0.010000003887691362
350,0.010000003517728614
351,0.010000003182972476
352,0.010000002880072597
353,0.010000002605997453
354,0.010000002358004006
355,0.010000002133610256
356,0.010000001930570395
357,0.010000001746852331
358,0.010000001580617352
359,0.010000001430201725
360,0.010000001294100036
361,0.010000001170950136
362,0.010000001059519497
363,0.010000000958692886
364,0.010000000867461195
365,0.010000000860979573
366,0.010000000779046534
367,0.010000000704910455
368,0.010000000637829356
369,0.010000000577131867
370,0.010000000522210508
371,0.010000000472515607
372,0.010000000427549801
373,0.01000000038686306
374,0.010000000350048171
375,0.010000000316736684
376,0.010000000286595203
377,0.010000000259322064
378,0.010000000234644308
379,0.010000000212314949
380,0.01000000019211051
381,0.010000000173828778
382,0.010000000157286783
383,0.010000000142318966
384,0.010000000128775525
385,0.010000000116520913
386,0.010000000105432482
387,0.010000000095399255
388,0.010000000094857025
389,0.010000000085830185
390,0.010000000077662363
391,0.010000000070271811
392,0.010000000063584565
393,0.010000000057533693
394,0.01000000005505159
395,0.01000000004981274
396,0.01000000004507243
397,0.01000000004078322
398,0.010000000036902185
399,0.010000000033390478
400,0.010000000032209801
401,0.010000000029144633
402,0.010000000026371154
403,0.010000000023861607
404,0.010000000021590875
405,0.010000000019536232
406,0.010000000017677113
407,0.010000000015994914
408,0.010000000014472796
409,0.010000000013095528
410,0.010000000011849324
411,0.010000000010721712
412,0.010000000009701407
413,0.010000000008778195
414,0.01000000000794284
415,0.010000000007186979
416,0.010000000006503047
417,0.0100000000058842
418,0.010000000005324245
419,0.010000000004850447
420,0.010000000004388866
421,0.01000000000397121
422,0.0100000000035933
423,0.010000000003251353
424,0.010000000002941946
425,0.010000000002661982
426,0.01000000000240866
427,0.010000000002179446
428,0.010000000001972044
429,0.01000000000178438
430,0.010000000001614573
431,0.010000000001460927
432,0.010000000001321901
433,0.010000000001196106
434,0.010000000001082282
435,0.01000000000097929
436,0.010000000000886099
437,0.010000000000801776
438,0.010000000000725477
439,0.010000000000656439
440,0.01000000000059397
441,0.010000000000537445
442,0.0100000000004863
443,0.010000000000440023
444,0.010000000000398149
445,0.01000000000036026
446,0.010000000000325977
447,0.010000000000294957
448,0.010000000000266887
449,0.01000000000024149
450,0.01000000000021851
451,0.010000000000197715
452,0.0100000000001789
453,0.010000000000161876
454,0.010000000000146472
455,0.010000000000144928
456,0.010000000000131137
457,0.010000000000118657
458,0.01000000000011364
459,0.010000000000102826
460,0.010000000000100559
461,0.01000000000009099
462,0.010000000000082332
463,0.010000000000074496
464,0.010000000000067406
465,0.010000000000060991
466,0.010000000000055187
467,0.010000000000049936
468,0.010000000000045185
469,0.010000000000040884
470,0.010000000000036993
471,0.010000000000033473
472,0.010000000000030288
473,0.010000000000027405
474,0.010000000000024798
475,0.010000000000022439
476,0.010000000000020303
477,0.010000000000018371
478,0.010000000000016622
479,0.01000000000001504
480,0.010000000000013609
481,0.010000000000012313
482,0.010000000000011142
483,0.010000000000010082
484,0.010000000000009123
485,0.010000000000008256
486,0.01000000000000747
487,0.010000000000006759
488,0.010000000000006115
489,0.010000000000005534
490,0.010000000000005007
491,0.01000000000000453
492,0.0100000000000041
493,0.010000000000003709
494,0.010000000000003357
495,0.010000000000003038
496,0.010000000000002748
497,0.010000000000002486
498,0.01000000000000225
499,0.010000000000002037
500,0.010000000000001842
501,0.010000000000001667
502,0.01000000000000151
503,0.010000000000001365
504,0.010000000000001235
505,0.010000000000001117
506,0.010000000000001012
507,0.010000000000000916
508,0.010000000000000838
509,0.010000000000000795
510,0.010000000000000718
511,0.01000000000000065
512,0.010000000000000588
513,0.010000000000000533
514,0.010000000000000482
515,0.010000000000000437
516,0.0100000000000004
517,0.010000000000000375
518,0.01000000000000037
519,0.010000000000000337
520,0.010000000000000306
521,0.010000000000000276
522,0.01000000000000025
523,0.010000000000000226
524,0.010000000000000205
525,0.010000000000000186
526,0.010000000000000168
527,0.010000000000000153
528,0.01000000000000014
529,0.010000000000000137
530,0.010000000000000123
531,0.010000000000000111
532,0.0100000000000001
533,0.01000000000000009
534,0.010000000000000089
535,0.01000000000000008
536,0.010000000000000073
537,0.010000000000000068
538,0.010000000000000066
539,0.010000000000000066
540,0.01000000000000006
541,0.010000000000000054
542,0.010000000000000052
543,0.010000000000000047
544,0.010000000000000042
545,0.01000000000000004
546,0.010000000000000037
547,0.010000000000000033
548,0.01000000000000003
549,0.010000000000000026
550,0.010000000000000024
551,0.010000000000000023
552,0.010000000000000021
553,0.01000000000000002
554,0.01000000000000002
555,0.01000000000000002
556,0.01000000000000002
557,0.010000000000000018
558,0.010000000000000016
559,0.010000000000000014
560,0.010000000000000012
561,0.010000000000000012
562,0.01000000000000001
563,0.010000000000000009
564,0.010000000000000009
565,0.010000000000000009
566,0.010000000000000009
567,0.010000000000000009
568,0.010000000000000009
569,0.010000000000000009
570,0.010000000000000009
571,0.010000000000000009
572,0.010000000000000009
573,0.010000000000000009
574,0.010000000000000009
575,0.010000000000000009
576,0.010000000000000009
577,0.010000000000000009
578,0.010000000000000009
579,0.010000000000000009
580,0.010000000000000009
581,0.010000000000000009
582,0.010000000000000009
583,0.010000000000000009
584,0.010000000000000009
585,0.010000000000000009
586,0.010000000000000009
587,0.010000000000000009
588,0.010000000000000009
589,0.010000000000000009
590,0.010000000000000009
591,0.010000000000000009
592,0.010000000000000009
593,0.010000000000000009
594,0.010000000000000009
595,0.010000000000000009
596,0.010000000000000009
597,0.010000000000000009
598,0.010000000000000009
599,0.010000000000000009
600,0.010000000000000009
601,0.010000000000000009
602,0.010000000000000009
603,0.010000000000000009
604,0.010000000000000009
605,0.010000000000000009
606,0.010000000000000009
607,0.010000000000000009
608,0.010000000000000009
609,0.010000000000000009
610,0.010000000000000009
611,0.010000000000000009
612,0.010000000000000009
613,0.010000000000000009
614,0.010000000000000009
615,0.010000000000000009
616,0.010000000000000009
617,0.010000000000000009
618,0.010000000000000009
619,0.010000000000000009
620,0.010000000000000009
621,0.010000000000000009
622,0.010000000000000009
623,0.010000000000000009
624,0.010000000000000009
625,0.010000000000000009
626,0.010000000000000009
627,0.010000000000000009
628,0.010000000000000009
629,0.010000000000000009
630,0.010000000000000009
631,0.010000000000000009
632,0.010000000000000009
633,0.010000000000000009
634,0.010000000000000009
635,0.010000000000000009
636,0.010000000000000009
637,0.010000000000000009
638,0.010000000000000009
639,0.010000000000000009
640,0.010000000000000009
641,0.010000000000000009
642,0.010000000000000009
643,0.010000000000000009
644,0.010000000000000009
645,0.010000000000000009
646,0.010000000000000009
647,0.010000000000000009
648,0.010000000000000009
649,0.010000000000000009
650,0.010000000000000009
651,0.010000000000000009
652,0.010000000000000009
653,0.010000000000000009
654,0.010000000000000009
655,0.010000000000000009
656,0.010000000000000009
657,0.010000000000000009
658,0.010000000000000009
659,0.010000000000000009
660,0.010000000000000009
661,0.010000000000000009
662,0.010000000000000009
663,0.010000000000000009
664,0.010000000000000009
665,0.010000000000000009
666,0.010000000000000009
667,0.010000000000000009
668,0.010000000000000009
669,0.010000000000000009
670,0.010000000000000009
671,0.010000000000000009
672,0.010000000000000009
673,0.010000000000000009
674,0.010000000000000009
675,0.010000000000000009
676,0.010000000000000009
677,0.010000000000000009
678,0.010000000000000009
679,0.010000000000000009
680,0.010000000000000009
681,0.010000000000000009
682,0.010000000000000009
683,0.010000000000000009
684,0.010000000000000009
685,0.010000000000000009
686,0.010000000000000009
687,0.010000000000000009
688,0.010000000000000009
689,0.010000000000000009
690,0.010000000000000009
691,0.010000000000000009
692,0.010000000000000009
693,0.010000000000000009
694,0.010000000000000009
695,0.010000000000000009
696,0.010000000000000009
697,0.010000000000000009
698,0.010000000000000009
699,0.010000000000000009
700,0.010000000000000009
701,0.010000000000000009
702,0.010000000000000009
703,0.010000000000000009
704,0.010000000000000009
705,0.010000000000000009
706,0.010000000000000009
707,0.010000000000000009
708,0.010000000000000009
709,0.010000000000000009
710,0.010000000000000009
711,0.010000000000000009
712,0.010000000000000009
713,0.010000000000000009
714,0.010000000000000009
715,0.010000000000000009
716,0.010000000000000009
717,0.010000000000000009
718,0.010000000000000009
719,0.010000000000000009
720,0.010000000000000009
721,0.010000000000000009
722,0.010000000000000009
723,0.010000000000000009
724,0.010000000000000009
725,0.010000000000000009
726,0.010000000000000009
727,0.010000000000000009
728,0.010000000000000009
729,0.010000000000000009
730,0.010000000000000009
731,0.010000000000000009
732,0.010000000000000009
733,0.010000000000000009
734,0.010000000000000009
735,0.010000000000000009
736,0.010000000000000009
737,0.010000000000000009
738,0.010000000000000009
739,0.010000000000000009
740,0.010000000000000009
741,0.010000000000000009
742,0.010000000000000009
743,0.010000000000000009
744,0.010000000000000009
745,0.010000000000000009
746,0.010000000000000009
747,0.010000000000000009
748,0.010000000000000009
749,0.010000000000000009
750,0.010000000000000009
751,0.010000000000000009
752,0.010000000000000009
753,0.010000000000000009
754,0.010000000000000009
755,0.010000000000000009
756,0.010000000000000009
757,0.010000000000000009
758,0.010000000000000009
759,0.010000000000000009
760,0.010000000000000009
761,0.010000000000000009
762,0.010000000000000009
763,0.010000000000000009
764,0.010000000000000009
765,0.010000000000000009
766,0.010000000000000009
767,0.010000000000000009
768,0.010000000000000009
769,0.010000000000000009
770,0.010000000000000009
771,0.010000000000000009
772,0.010000000000000009
773,0.010000000000000009
774,0.010000000000000009
775,0.010000000000000009
776,0.010000000000000009
777,0.010000000000000009
778,0.010000000000000009
779,0.010000000000000009
780,0.010000000000000009
781,0.010000000000000009
782,0.010000000000000009
783,0.010000000000000009
784,0.010000000000000009
785,0.010000000000000009
786,0.010000000000000009
787,0.010000000000000009
788,0.010000000000000009
789,0.010000000000000009
790,0.010000000000000009
791,0.010000000000000009
792,0.010000000000000009
793,0.010000000000000009
794,0.010000000000000009
795,0.010000000000000009
796,0.010000000000000009
797,0.010000000000000009
798,0.010000000000000009
799,0.010000000000000009
800,0.010000000000000009
801,0.010000000000000009
802,0.010000000000000009
803,0.010000000000000009
804,0.010000000000000009
805,0.010000000000000009
806,0.010000000000000009
807,0.010000000000000009
808,0.010000000000000009
809,0.010000000000000009
810,0.010000000000000009
811,0.010000000000000009
812,0.010000000000000009
813,0.010000000000000009
814,0.010000000000000009
815,0.010000000000000009
816,0.010000000000000009
817,0.010000000000000009
818,0.010000000000000009
819,0.010000000000000009
820,0.010000000000000009
821,0.010000000000000009
822,0.010000000000000009
823,0.010000000000000009
824,0.010000000000000009
825,0.010000000000000009
826,0.010000000000000009
827,0.010000000000000009
828,0.010000000000000009
829,0.010000000000000009
830,0.010000000000000009
831,0.010000000000000009
832,0.010000000000000009
833,0.010000000000000009
834,0.010000000000000009
835,0.010000000000000009
836,0.010000000000000009
837,0.010000000000000009
838,0.010000000000000009
839,0.010000000000000009
840,0.010000000000000009
841,0.010000000000000009
842,0.010000000000000009
843,0.010000000000000009
844,0.010000000000000009
845,0.010000000000000009
846,0.010000000000000009
847,0.010000000000000009
848,0.010000000000000009
849,0.010000000000000009
850,0.010000000000000009
851,0.010000000000000009
852,0.010000000000000009
853,0.010000000000000009
854,0.010000000000000009
855,0.010000000000000009
856,0.010000000000000009
857,0.010000000000000009
858,0.010000000000000009
859,0.010000000000000009
860,0.010000000000000009
861,0.010000000000000009
862,0.010000000000000009
863,0.010000000000000009
864,0.010000000000000009
865,0.010000000000000009
866,0.010000000000000009
867,0.010000000000000009
868,0.010000000000000009
869,0.010000000000000009
870,0.010000000000000009
871,0.010000000000000009
872,0.010000000000000009
873,0.010000000000000009
874,0.010000000000000009
875,0.010000000000000009
876,0.010000000000000009
877,0.010000000000000009
878,0.010000000000000009
879,0.010000000000000009
880,0.010000000000000009
881,0.010000000000000009
882,0.010000000000000009
883,0.010000000000000009
884,0.010000000000000009
885,0.010000000000000009
886,0.010000000000000009
887,0.010000000000000009
888,0.010000000000000009
889,0.010000000000000009
890,0.010000000000000009
891,0.010000000000000009
892,0.010000000000000009
893,0.010000000000000009
894,0.010000000000000009
895,0.010000000000000009
896,0.010000000000000009
897,0.010000000000000009
898,0.010000000000000009
899,0.010000000000000009
900,0.010000000000000009
901,0.010000000000000009
902,0.010000000000000009
903,0.010000000000000009
904,0.010000000000000009
905,0.010000000000000009
906,0.010000000000000009
907,0.010000000000000009
908,0.010000000000000009
909,0.010000000000000009
910,0.010000000000000009
911,0.010000000000000009
912,0.010000000000000009
913,0.010000000000000009
914,0.010000000000000009
915,0.010000000000000009
916,0.010000000000000009
917,0.010000000000000009
918,0.010000000000000009
919,0.010000000000000009
920,0.010000000000000009
921,0.010000000000000009
922,0.010000000000000009
923,0.010000000000000009
924,0.010000000000000009
925,0.010000000000000009
926,0.010000000000000009
927,0.010000000000000009
928,0.010000000000000009
929,0.010000000000000009
930,0.010000000000000009
931,0.010000000000000009
932,0.010000000000000009
933,0.010000000000000009
934,0.010000000000000009
935,0.010000000000000009
936,0.010000000000000009
937,0.010000000000000009
938,0.010000000000000009
939,0.010000000000000009
940,0.010000000000000009
941,0.010000000000000009
942,0.010000000000000009
943,0.010000000000000009
944,0.010000000000000009
945,0.010000000000000009
946,0.010000000000000009
947,0.010000000000000009
948,0.010000000000000009
949,0.010000000000000009
950,0.010000000000000009
951,0.010000000000000009
952,0.010000000000000009
953,0.010000000000000009
954,0.010000000000000009
955,0.010000000000000009
956,0.010000000000000009
957,0.010000000000000009
958,0.010000000000000009
959,0.010000000000000009
960,0.010000000000000009
961,0.010000000000000009
962,0.010000000000000009
963,0.010000000000000009
964,0.010000000000000009
965,0.010000000000000009
966,0.010000000000000009
967,0.010000000000000009
968,0.010000000000000009
969,0.010000000000000009
970,0.010000000000000009
971,0.010000000000000009
972,0.010000000000000009
973,0.010000000000000009
974,0.010000000000000009
975,0.010000000000000009
976,0.010000000000000009
977,0.010000000000000009
978,0.010000000000000009
979,0.010000000000000009
980,0.010000000000000009
981,0.010000000000000009
982,0.010000000000000009
983,0.010000000000000009
984,0.010000000000000009
985,0.010000000000000009
986,0.010000000000000009
987,0.010000000000000009
988,0.010000000000000009
989,0.010000000000000009
990,0.010000000000000009
991,0.010000000000000009
992,0.010000000000000009
993,0.010000000000000009
994,0.010000000000000009
995,0.010000000000000009
996,0.010000000000000009
997,0.010000000000000009
998,0.010000000000000009
999,0.010000000000000009
1000,0.010000000000000009
1001,0.010000000000000009
1002,0.010000000000000009
1003,0.010000000000000009
1004,0.010000000000000009
1005,0.010000000000000009
1006,0.010000000000000009
1007,0.010000000000000009
1008,0.010000000000000009
1009,0.010000000000000009
1010,0.010000000000000009
1011,0.010000000000000009
1012,0.010000000000000009
1013,0.010000000000000009
1014,0.010000000000000009
1015,0.010000000000000009
1016,0.010000000000000009
1017,0.010000000000000009
1018,0.010000000000000009
1019,0.010000000000000009
1020,0.010000000000000009
1021,0.010000000000000009
1022,0.010000000000000009
1023,0.010000000000000009
1024,0.010000000000000009
1025,0.010000000000000009
1026,0.010000000000000009
1027,0.010000000000000009
1028,0.010000000000000009
1029,0.010000000000000009
1030,0.010000000000000009
1031,0.010000000000000009
1032,0.010000000000000009
1033,0.010000000000000009
1034,0.010000000000000009
1035,0.010000000000000009
1036,0.010000000000000009
1037,0.010000000000000009
1038,0.010000000000000009
1039,0.010000000000000009
1040,0.010000000000000009
1041,0.010000000000000009
1042,0.010000000000000009
1043,0.010000000000000009
1044,0.010000000000000009
1045,0.010000000000000009
1046,0.010000000000000009
1047,0.010000000000000009
1048,0.010000000000000009
1049,0.010000000000000009
1050,0.010000000000000009
1051,0.010000000000000009
1052,0.010000000000000009
1053,0.010000000000000009
1054,0.010000000000000009
1055,0.010000000000000009
1056,0.010000000000000009
1057,0.010000000000000009
1058,0.010000000000000009
1059,0.010000000000000009
1060,0.010000000000000009
1061,0.010000000000000009
1062,0.010000000000000009
1063,0.010000000000000009
1064,0.010000000000000009
1065,0.010000000000000009
1066,0.010000000000000009
1067,0.010000000000000009
1068,0.010000000000000009
1069,0.010000000000000009
1070,0.010000000000000009
1071,0.010000000000000009
1072,0.010000000000000009
