,0
0,1.0
1,0.9994457552030274
2,0.9988374331417849
3,0.9984864581547657
4,0.9979775186919763
5,0.9974639039336671
6,0.9971084809082341
7,0.9967186500549375
8,0.9962697951913877
9,0.9958753661643757
10,0.9955254425245084
11,0.9949638530904631
12,0.9944862614470495
13,0.9939941413566011
14,0.9936498036697367
15,0.9932564224297619
16,0.99285828420711
17,0.9924210095714602
18,0.9920821327827654
19,0.9915715828282109
20,0.9912379052184574
21,0.9907032762597378
22,0.9901591369540383
23,0.9898259394942519
24,0.9892578052242103
25,0.9888025561983825
26,0.9883034941663567
27,0.9876580268878392
28,0.9873549998711183
29,0.9869934454128655
30,0.9865831943245513
31,0.9861975201384595
32,0.9856461243235672
33,0.985182802462167
34,0.9847050799405368
35,0.9842568187117511
36,0.983896410368483
37,0.9833268475817757
38,0.9826992541857136
39,0.9823005292356977
40,0.9819359848935704
41,0.9814647102342399
42,0.9809839541996089
43,0.9803627232840189
44,0.980042556415774
45,0.9796497687253019
46,0.9792232166753955
47,0.9788307607503312
48,0.9783706754178918
49,0.977930166983845
50,0.9775914507042074
51,0.9770690923702706
52,0.9767210101555752
53,0.9762812521484877
54,0.9758030612906756
55,0.975194796985437
56,0.9748377409699887
57,0.9743168692378897
58,0.9737288153223334
59,0.9733145010157045
60,0.972881107011212
61,0.9723276095204592
62,0.9719716141681382
63,0.9714378680505231
64,0.9709380503230086
65,0.9703760659600229
66,0.9700207925452525
67,0.9696320628473489
68,0.969224305875133
69,0.9689126086292696
70,0.9685099498978981
71,0.9681793210019474
72,0.9678344385289565
73,0.9674513813700841
74,0.9670684774034348
75,0.9664561495437126
76,0.9661262290866713
77,0.9657581913402852
78,0.9654619522204057
79,0.9650989456541778
80,0.9645165129573614
81,0.964110929631916
82,0.963595848814252
83,0.9631715930654349
84,0.9628142207295363
85,0.9622760327472459
86,0.9619761130367649
87,0.9616239470296702
88,0.9610864313620736
89,0.9605444665708364
90,0.9602450922178026
91,0.9599220638043907
92,0.9594377270682162
93,0.9590627732242837
94,0.9584745366770575
95,0.9579956779580389
96,0.9577018448443576
97,0.9572849477567114
98,0.9567688181182856
99,0.9563949182852075
100,0.9558461683854563
101,0.9555246353519184
102,0.955212663700406
103,0.9547590704929086
104,0.9543859643533777
105,0.9538950113107679
106,0.9536024492067307
107,0.9531119034860842
108,0.9525603443693162
109,0.9521833956263431
110,0.9517971796138291
111,0.9513640525380717
112,0.9508652617814528
113,0.9504325632893165
114,0.9500940684992503
115,0.9497087089352745
116,0.9491356614200853
117,0.9488117155007797
118,0.9482861281183017
119,0.9479671650615338
120,0.9475545502908131
121,0.9470062412749173
122,0.946580000412287
123,0.9460603427304038
124,0.9457187430510412
125,0.9450218921966422
126,0.9445311345383963
127,0.9440312941006576
128,0.943634415143417
129,0.9433310332607218
130,0.9429157933486535
131,0.9423095951187448
132,0.9418249201556949
133,0.9413870653471619
134,0.9408563259949991
135,0.9401630962922605
136,0.9398701410597999
137,0.9394936199033515
138,0.9391451251427392
139,0.9386992425030651
140,0.9383278370920982
141,0.9377895630611434
142,0.9371635164205885
143,0.9367741895080666
144,0.9363942899750943
145,0.9358849132070598
146,0.9354035782101374
147,0.9350982454120107
148,0.9347698938207453
149,0.934483259584263
150,0.9341505055101398
151,0.9336285079527228
152,0.9332406654320133
153,0.9328114583209746
154,0.9324608565853613
155,0.9320919460297571
156,0.9316264071554715
157,0.9312716492839889
158,0.9306776206650246
159,0.9304244691292732
160,0.9300563729657622
161,0.9297390082656476
162,0.929279253709732
163,0.9288381055519792
164,0.9283374752186109
165,0.9278325284803225
166,0.9273691400688617
167,0.9269014010910042
168,0.9265163833619289
169,0.9260628200183535
170,0.9255316576347243
171,0.9250008032359535
172,0.9245982914416183
173,0.9240588376041985
174,0.9235288371933649
175,0.9229717545301633
176,0.9224104495201094
177,0.9219224404836734
178,0.921594207490583
179,0.9212979875115025
180,0.9208378982101356
181,0.9204963980335918
182,0.9201095192819856
183,0.9196636748583418
184,0.9191907727126294
185,0.9186772250169323
186,0.9181957536888457
187,0.9178552441307448
188,0.9173651346403863
189,0.9168843585359487
190,0.9163902412197457
191,0.9158918636534688
192,0.9156201368554304
193,0.9151040804674656
194,0.9147783016422043
195,0.9142536823815443
196,0.9137926305817319
197,0.9134040832942354
198,0.9130157030461564
199,0.9126951893661193
200,0.9121041176142153
201,0.9115134328875442
202,0.9112204886278764
203,0.91085106396477
204,0.9103467285960329
205,0.9099236650613114
206,0.9094693183426577
207,0.9088803588444354
208,0.9083861105778035
209,0.9080762208287096
210,0.9075689510811396
211,0.9070754238904634
212,0.9066628640915023
213,0.9062191258080627
214,0.9057621705873864
215,0.9051980181465945
216,0.9048668561486279
217,0.9044329509539111
218,0.9041020719784434
219,0.9035344973867416
220,0.9032218150352598
221,0.9027753157618625
222,0.902190739399697
223,0.9016288362519517
224,0.9012900816616245
225,0.9008356396125496
226,0.900270138546986
227,0.8999674981516627
228,0.8995493117090435
229,0.8990601941072739
230,0.8984913776237357
231,0.8980339223690983
232,0.8973725834762591
233,0.8970398811430419
234,0.8966629692929975
235,0.8961178392115641
236,0.8956970331872814
237,0.8953206919263594
238,0.8949887589082177
239,0.89464368058689
240,0.8943252661799108
241,0.8939937063764419
242,0.8936843627175084
243,0.8933353763235854
244,0.8928717469643712
245,0.89256279592252
246,0.892037827252613
247,0.8916762658685881
248,0.8914073956122965
249,0.8909139456496387
250,0.8906409046500289
251,0.8902799158868757
252,0.8898882784700941
253,0.8894308555055678
254,0.8889209335010506
255,0.8885299006968944
256,0.8882092957970937
257,0.8877176362689639
258,0.8870727508307368
259,0.8866343240711452
260,0.8862968848176022
261,0.8858062959398108
262,0.8851803182519051
263,0.8847778278853907
264,0.8844192424909868
265,0.883842316197562
266,0.8834098712899888
267,0.8827899703722397
268,0.882344960974392
269,0.8819132570742398
270,0.881507911659813
271,0.8809938736480586
272,0.8805628383706352
273,0.8801842258901288
274,0.8798405709972118
275,0.8794318419876844
276,0.8790537213836137
277,0.8787626371462822
278,0.8783544146466257
279,0.8779941223303739
280,0.8774778194429284
281,0.8769791630741938
282,0.8763681581687627
283,0.8759697204637029
284,0.8754849131789526
285,0.8750522788899486
286,0.8744988225563771
287,0.8739673192345288
288,0.8732634727257643
289,0.8726809664996428
290,0.8723877048283422
291,0.8720902323871231
292,0.871620521218392
293,0.8711424545049001
294,0.8706345303091141
295,0.8702516331440644
296,0.8698001195693478
297,0.8692156542287778
298,0.8687603905875584
299,0.8684255393354676
300,0.8679235072536576
301,0.8673660381710222
302,0.8670617272458566
303,0.8667104039638801
304,0.8663549429095055
305,0.8658840771908477
306,0.8655931260690963
307,0.8652637861175684
308,0.8649773207348497
309,0.8645285754474089
310,0.8641056884757228
311,0.8638196109907376
312,0.8634184100631753
313,0.8631155002972676
314,0.8626677322090193
315,0.862173328315327
316,0.8616919863767312
317,0.8613896893824586
318,0.8608705000407837
319,0.8604366667226624
320,0.8597268484963004
321,0.8593530509244585
322,0.8589072576037091
323,0.8586017059935616
324,0.8581223814516094
325,0.8577196189840787
326,0.8574314433062654
327,0.8570544202078552
328,0.8566648647791772
329,0.8560766371309408
330,0.8557002167871558
331,0.8553450972764227
332,0.8548507150154265
333,0.8544579507577114
334,0.8539345490995219
335,0.8534958172141665
336,0.8529730118938902
337,0.8525726947960781
338,0.8521388815747508
339,0.8517810485949758
340,0.8514065393628354
341,0.8508724158125148
342,0.8505193235524386
343,0.8500067631118996
344,0.8496036566189039
345,0.8491797638142531
346,0.8488273823187452
347,0.8484625717594858
348,0.8481649703738826
349,0.8476789756431617
350,0.8473649049192368
351,0.8470593225011253
352,0.8465614203448177
353,0.8460930770977731
354,0.8457419917384785
355,0.8452198161904987
356,0.8449358897232285
357,0.8444142178315992
358,0.8438345014249923
359,0.8433010180769612
360,0.842976094044216
361,0.8426179913213802
362,0.8423058181107699
363,0.8418731315935967
364,0.8416069747788483
365,0.8411912752250077
366,0.8407093240647243
367,0.8401238803844043
368,0.8397753015613199
369,0.8392485615024966
370,0.8389252176196661
371,0.8384487226249743
372,0.8379932011074308
373,0.8374965541957393
374,0.8371408071685275
375,0.8367934809731234
376,0.8365496128685503
377,0.8362645024364882
378,0.8358638613161317
379,0.8353561111905895
380,0.8347208315990036
381,0.8342632385312883
382,0.8338017803380643
383,0.8334846776988091
384,0.8330894999037719
385,0.8328014689871563
386,0.8321106059563028
387,0.8315846235008301
388,0.8312273119105125
389,0.8307142052031172
390,0.8302916462057189
391,0.8299922943898838
392,0.8294062094497295
393,0.8290252741366597
394,0.8285749340907496
395,0.8281166604562525
396,0.8275360037848394
397,0.8272866933254628
398,0.8269312509281925
399,0.8266290422773972
400,0.8263391904191376
401,0.8260208802093996
402,0.825702694116439
403,0.8250911464548911
404,0.8246755559547846
405,0.824280534110687
406,0.8239630266203688
407,0.823515470045068
408,0.8231494704396352
409,0.8225195237359223
410,0.8221417899872879
411,0.8218575900986741
412,0.8215410273722796
413,0.821123191345195
414,0.8207988069498611
415,0.8203813530678832
416,0.8198466778370933
417,0.8194175728207136
418,0.818944202015074
419,0.8182973054465905
420,0.8178851789220094
421,0.8173804084423894
422,0.8170333094983803
423,0.8166137612694345
424,0.8161138157365776
425,0.8157994926454272
426,0.8152195258238327
427,0.8148210407917319
428,0.8144468860054933
429,0.8140849663448219
430,0.813751340315978
431,0.8132049751897593
432,0.8125907583516343
433,0.8122657749080914
434,0.8119088460608159
435,0.8116602928462758
436,0.8111794409405654
437,0.8106988774594623
438,0.8103906677258211
439,0.810030572952745
440,0.8095067245065558
441,0.8089832190687514
442,0.8085359137232592
443,0.8081247736053592
444,0.8077098566108525
445,0.8074067844526974
446,0.8070679585749041
447,0.806785049668912
448,0.8062792517702009
449,0.8059090679925263
450,0.8055072353844633
451,0.8052089760983056
452,0.804890956116103
453,0.8046286853776367
454,0.8042632402411883
455,0.8038265155693496
456,0.8033543292819368
457,0.8029656808872215
458,0.8025098566827291
459,0.8019790529178693
460,0.8016979502527587
461,0.8012824179156587
462,0.8007682514662126
463,0.8004717689658559
464,0.8001240378939568
465,0.7996224683950638
466,0.79924354056019
467,0.7989318509244244
468,0.7986163412901883
469,0.7983521990621496
470,0.7979147849853043
471,0.7974382407095673
472,0.7969541150754224
473,0.7965568035769063
474,0.7962736940903837
475,0.7959395987706795
476,0.7955702939526879
477,0.795063764486402
478,0.7946595607390903
479,0.794224195507907
480,0.7937969097672957
481,0.7933228560525948
482,0.7930800636019927
483,0.7926025304256217
484,0.7921761282516864
485,0.7918007738024002
486,0.7912224552340473
487,0.7909490752190088
488,0.7904845487295886
489,0.7902192290899153
490,0.7897902265004424
491,0.7894744754026229
492,0.7889991409643703
493,0.7885902737523983
494,0.7880765737113826
495,0.7877031865760827
496,0.7874426996425773
497,0.7870618460365061
498,0.7866617622162237
499,0.7862890540274813
500,0.7859398025406471
501,0.78554417413517
502,0.7851720022599809
503,0.7847302801214617
504,0.7842384825558371
505,0.7836928367883682
506,0.7830779954149504
507,0.7827881455169223
508,0.7823709525705764
509,0.7820929490712833
510,0.7816452650017522
511,0.7812518262520103
512,0.7807583830018919
513,0.7803731001391334
514,0.7797839900808544
515,0.7793876533914202
516,0.778930003901877
517,0.7786186503036563
518,0.778280532488897
519,0.7778312198141621
520,0.7774051917208968
521,0.7769142095292557
522,0.7764043811166542
523,0.775952335898248
524,0.775638359810026
525,0.7751905923542878
526,0.774831037277943
527,0.7745098756909407
528,0.7741315369490375
529,0.7738106690904859
530,0.773440310735138
531,0.7731540742912998
532,0.772661998624844
533,0.7722617061615318
534,0.7719301944283811
535,0.7715417091014014
536,0.7712790225278009
537,0.770887064768985
538,0.7705751650162482
539,0.7701037545662786
540,0.7698111709467312
541,0.7692567111943723
542,0.7688544117562076
543,0.7683689003129176
544,0.7679102258912314
545,0.7672776349960657
546,0.7669331520479562
547,0.7665585628561661
548,0.7661765972363602
549,0.7657456993934872
550,0.7653150470923986
551,0.7649903314410172
552,0.7645450185256949
553,0.7642696598499484
554,0.7638436178603288
555,0.7634856271713648
556,0.7631315721360452
557,0.762841672290074
558,0.7624126748127648
559,0.7620064816503902
560,0.7616418469378552
561,0.7613863321498717
562,0.7610820823001043
563,0.7608042333348817
564,0.7604364293798757
565,0.7600125525537554
566,0.7597088589720725
567,0.759247929774061
568,0.7587386143686781
569,0.7584017577906267
570,0.7578930175866019
571,0.7574967393103004
572,0.7572463698418589
573,0.7568989810540351
574,0.7566152133605111
575,0.7563315534782251
576,0.7559137248112233
577,0.7555483166183843
578,0.7551421034889596
579,0.7547249407274809
580,0.75428196118723
581,0.7538355259544806
582,0.7535752290750076
583,0.753043762808051
584,0.7527354636229913
585,0.7522825331480207
586,0.7517964972829314
587,0.7515183757474975
588,0.7510254299502691
589,0.7506846366409624
590,0.750229255633441
591,0.7498481357135927
592,0.7493747843953149
593,0.7490680075203953
594,0.7485766906763509
595,0.7482111856844148
596,0.7478938231124135
597,0.7475950366224012
598,0.7473074306449294
599,0.7467399224420306
600,0.7464342388079585
601,0.7460918764923201
602,0.745720243939809
603,0.7453818904548645
604,0.7449995912782283
605,0.7446174908454862
606,0.7441658399854911
607,0.7437181353868851
608,0.7433073682565996
609,0.7429884489213924
610,0.7425487877635767
611,0.7421240326575619
612,0.7417324510575081
613,0.7413557058654273
614,0.7410266698364469
615,0.740551656896983
616,0.7402777513861397
617,0.7398397161590172
618,0.7394821823010481
619,0.7391649265598736
620,0.738771283792644
621,0.7383705697930093
622,0.7379191200036338
623,0.7375661648289805
624,0.7371297560658043
625,0.7367662820638443
626,0.7363194582127925
627,0.7360144680927517
628,0.735716863174011
629,0.7354048720057546
630,0.7349697596293174
631,0.734574758757834
632,0.7320359595537184
633,0.7316173001201494
634,0.731058263367279
635,0.7307302564846715
636,0.7302259218428505
637,0.7299342894040592
638,0.7294269146006624
639,0.7290744817656043
640,0.7286862863676414
641,0.7283018920390862
642,0.72786386149784
643,0.7274583829745631
644,0.727017281721572
645,0.7266445296590124
646,0.7261896048365964
647,0.7258315995429601
648,0.7254845053943165
649,0.7249516679443927
650,0.7244763831349241
651,0.72412637546607
652,0.723680185930158
653,0.723302035650291
654,0.7229062628576142
655,0.7224323377903639
656,0.7219373693370605
657,0.7216455348457912
658,0.7212577936983603
659,0.720752979894941
660,0.7204936023965525
661,0.7202165639176327
662,0.7199431831696952
663,0.7193293478383082
664,0.7188613449266842
665,0.718439697878889
666,0.7179864415297493
667,0.7175051743988784
668,0.7171196891331074
669,0.7166778774079453
670,0.7164058587920867
671,0.7160492138938129
672,0.7156327677213169
673,0.715241250191396
674,0.7148640470333854
675,0.714582157796178
676,0.7142334759339494
677,0.7139588784283292
678,0.7137230917005377
679,0.7126401921859621
680,0.7121766026604911
681,0.7117308620554216
682,0.711309949824485
683,0.7107946763975453
684,0.710524922378113
685,0.7102062560405205
686,0.7099227299247379
687,0.7095413759653222
688,0.7092231570395535
689,0.7089400289982509
690,0.7086150974372095
691,0.7082833340659653
692,0.7078679790625634
693,0.70742497356499
694,0.7070380100969568
695,0.7067453156028625
696,0.7063796203155834
697,0.7060315175383721
698,0.7056661968967238
699,0.7053566943085381
700,0.7048457949167478
701,0.7045297119943786
702,0.7041027075388308
703,0.7037245246274262
704,0.7033292143225285
705,0.7029029479460662
706,0.7026016007114851
707,0.7023523090104276
708,0.7020788838533921
709,0.7016257206116314
710,0.7013491256460679
711,0.7010415437272081
712,0.7007444597410399
713,0.7003922698826196
714,0.6999505601920728
715,0.6996573935063246
716,0.6991231160855994
717,0.6988061923502475
718,0.6983620556056794
719,0.6980764446209815
720,0.697753124678148
721,0.6975502674292833
722,0.6970588446926353
723,0.6966021024445441
724,0.6962314373977938
725,0.6958678311001533
726,0.6954804252280463
727,0.6950144569860488
728,0.6945830337907235
729,0.6942921478190098
730,0.694039006558338
731,0.693673143566906
732,0.6933621430445673
733,0.6929385898309438
734,0.6913185352564125
735,0.691086926330174
736,0.6907430642648565
737,0.6903041265610327
738,0.6899844587493693
739,0.6895256241138243
740,0.68917575851553
741,0.6888057085749074
742,0.6884765676293797
743,0.6881340234624088
744,0.687568017893029
745,0.6873105909604446
746,0.6868501763173115
747,0.6866065541084659
748,0.6861973309457192
749,0.6859911222082118
750,0.6855248492165696
751,0.6851635400810505
752,0.6848125463064988
753,0.6844752243708571
754,0.6841347003720963
755,0.6838078243162669
756,0.6834474335433854
757,0.6831377189637701
758,0.6825758835673571
759,0.682226235024402
760,0.6818935653805945
761,0.6814804778753133
762,0.6811918033393001
763,0.6808562913226245
764,0.6805142418440809
765,0.6801355082997405
766,0.679716804465631
767,0.6794422768578053
768,0.679154478559825
769,0.6785993107691248
770,0.678211635605544
771,0.6778342026662727
772,0.677493694059988
773,0.6771366804433239
774,0.6765965185272742
775,0.6762499784458699
776,0.6759069480448802
777,0.6755108512612723
778,0.6750850605840155
779,0.6747758679237087
780,0.6745233010846363
781,0.6741745179151599
782,0.6738126414231974
783,0.6735139929355064
784,0.6731856347843505
785,0.6727083129837742
786,0.6722975611759424
787,0.671949946213237
788,0.6715958977084328
789,0.6711858353843096
790,0.6708817598427692
791,0.6706339756452689
792,0.6702212084136869
793,0.6697790083576105
794,0.6694590931242722
795,0.6690536504683965
796,0.6687077381118394
797,0.6683982182177997
798,0.6678684209241551
799,0.6674475198374782
800,0.6670334583430464
801,0.6667477109432326
802,0.666458805514273
803,0.6662225228777142
804,0.6657862799668449
805,0.6653470503176304
806,0.6651406485067722
807,0.6647575033082931
808,0.6644367507224732
809,0.6640998025674484
810,0.6636715074787207
811,0.6632369604291554
812,0.6627113162761673
813,0.6624372350844105
814,0.6620915349684388
815,0.6616547799692729
816,0.6613778855320217
817,0.6610457675076953
818,0.6606162190677181
819,0.6601772013050112
820,0.6597417284798236
821,0.6593227801903019
822,0.6589073465639207
823,0.6584467858662554
824,0.6580545942107447
825,0.6576432101716767
826,0.657157659868172
827,0.656805055037088
828,0.6565593158095842
829,0.6562458105725819
830,0.6559873639411251
831,0.655577292176587
832,0.6550578115753798
833,0.6546644462989257
834,0.6542197812580607
835,0.6539267279322757
836,0.6534021414470406
837,0.6529615618958732
838,0.6525694749417956
839,0.6522418480615311
840,0.6519496944906407
841,0.6517090084866529
842,0.6513112722123771
843,0.6509554432079816
844,0.6504428839044731
845,0.6500683343838055
846,0.649831552907358
847,0.6495085195459286
848,0.6492271976926748
849,0.6490003123120317
850,0.6487096333044188
851,0.6482850325936551
852,0.6479404517212634
853,0.6474589884554671
854,0.6471913118963281
855,0.6467963757258163
856,0.6465194295425375
857,0.646140813131512
858,0.6456829565941901
859,0.6451015727125947
860,0.6447237996754543
861,0.6444604439486821
862,0.6441876846052457
863,0.6438009480842674
864,0.6434397844852635
865,0.6431041503503887
866,0.6427560388071457
867,0.6424903370721169
868,0.6421520452429166
869,0.6418392074142717
870,0.6414949488652066
871,0.6411603452201066
872,0.6405925564526795
873,0.6402300699575739
874,0.6399150336882258
875,0.639464805414927
876,0.6390872398126857
877,0.6387853503968317
878,0.6384081923453239
879,0.6380469614985464
880,0.637682799877956
881,0.6373690369252919
882,0.6369206283890452
883,0.6366041133984705
884,0.6362407883871378
885,0.6358338641393938
886,0.6354365857848923
887,0.6350489352857781
888,0.6347833459300174
889,0.6342056885427619
890,0.6339716552935352
891,0.6336909312163077
892,0.633379163699074
893,0.63297409890299
894,0.6325973135622119
895,0.6321958677751482
896,0.6317107442210655
897,0.6313254030277622
898,0.6309247773584769
899,0.6306174956521811
900,0.6303010614269846
901,0.6297058581512986
902,0.6294673173179672
903,0.6286346938409826
904,0.6280441797237357
905,0.6278248129798346
906,0.6275252405977143
907,0.6270653556218931
908,0.6265873152358626
909,0.6263068318222458
910,0.625835537389007
911,0.6254876885869223
912,0.6251277335862021
913,0.624774136808206
914,0.6244606819362204
915,0.6241351040605525
916,0.6238035606291428
917,0.6234691288295431
918,0.6231379449276764
919,0.622794683800603
920,0.6224148688514476
921,0.6221271014937139
922,0.621867002750477
923,0.6214663610881437
924,0.6211270914137831
925,0.6207727404724697
926,0.6204949020885803
927,0.620153120651145
928,0.6199060586707094
929,0.6195920379177784
930,0.6192385770493466
931,0.6188944544770948
932,0.6186479021532472
933,0.6182736987727568
934,0.6152762365282999
935,0.6148466429241407
936,0.6144294426911558
937,0.6140668938010847
938,0.6135838335359131
939,0.6132097275439622
940,0.6129051835353868
941,0.6124260643895713
942,0.612079768972021
943,0.6117577424453978
944,0.6113877752103796
945,0.6111442624760766
946,0.6107206051277936
947,0.6102222138865144
948,0.6098591892731317
949,0.6094993817126302
950,0.6090529210005192
951,0.6087804139215257
952,0.6084362141504385
953,0.6081191269924581
954,0.6077603631561764
955,0.6074794817977829
956,0.6070882608760442
957,0.6067390663927766
958,0.6062886984329483
959,0.6056152727608819
960,0.6051776563791239
961,0.6047938905685379
962,0.6045025129555045
963,0.6041637430817061
964,0.6035580050426801
965,0.6031307970923668
966,0.602798736831546
967,0.6022832262101386
968,0.601925003231659
969,0.6013865964909397
970,0.6010821108055406
971,0.600724614282106
972,0.6002640287346811
973,0.5999099765437191
974,0.5994883416629228
975,0.5991848333270711
976,0.5987607729271389
977,0.5982781869806176
978,0.5978724150390199
979,0.5976461277223334
980,0.5972613455385972
981,0.5968504064421839
982,0.5964104336477739
983,0.5960293907182709
984,0.5957686656550304
985,0.5953704783614083
986,0.5949813363973417
987,0.594639222393652
988,0.5942564090880281
989,0.5939555945037519
990,0.5927917643992522
991,0.5925179166292516
992,0.5921073862269984
993,0.591630253821314
994,0.5913017255458822
995,0.5907875010966557
996,0.5903607791228854
997,0.5899662679420852
998,0.5895227634092225
999,0.5892272821540084
1000,0.588937740904276
1001,0.5885094854500676
1002,0.5881509207356361
1003,0.5877059158755278
1004,0.5874229093190176
1005,0.5868861556424971
1006,0.5865026538774646
1007,0.5861251682792042
1008,0.5856788442466899
1009,0.5852846392690001
1010,0.5848590861100292
1011,0.5844884215516588
1012,0.5841667980985619
1013,0.583951525915332
1014,0.5835929182881918
1015,0.5832574645607752
1016,0.5825785567975653
1017,0.5822007796302574
1018,0.5818346882930179
1019,0.5814088301021125
1020,0.5809347575404565
1021,0.5803469974885794
1022,0.5799507440393485
1023,0.579714263553667
1024,0.5793981598642824
1025,0.5791078408403955
1026,0.5787607909184704
1027,0.5784423740406032
1028,0.5781070919578596
1029,0.5778032359523911
1030,0.5774456325706341
1031,0.5771336232831396
1032,0.5768359562753425
1033,0.5765101192875957
1034,0.5762241039023186
1035,0.5758505192902262
1036,0.5754913182688711
1037,0.5748385528408724
1038,0.5744997513597763
1039,0.5740314109543025
1040,0.5736677279946
1041,0.5732113419962066
1042,0.5728453735765306
1043,0.5723390406243177
1044,0.5718921587461048
1045,0.5715944348057828
1046,0.5711116712099503
1047,0.5706517482337494
1048,0.5695091844786239
1049,0.5693105939700348
1050,0.5689946727405932
1051,0.5685476558330047
1052,0.5681177396769748
1053,0.5678359613734479
1054,0.567615659681154
1055,0.5670471816813462
1056,0.5667909989043288
1057,0.5665627613866664
1058,0.5657090929061163
1059,0.565295243809831
1060,0.5649205459949986
1061,0.5645377828867206
1062,0.5641081825965982
1063,0.5637398231482629
1064,0.5633883099778069
1065,0.5624013929300066
1066,0.561940330287352
1067,0.5614686229885624
1068,0.5611295740536583
1069,0.5607411646343582
1070,0.5603695397857266
1071,0.5597919550540014
1072,0.5594731681772009
1073,0.5589596508717064
1074,0.5585234013814125
1075,0.5580326925621286
1076,0.5577998281549813
1077,0.5573535531767909
1078,0.5569732746194387
1079,0.5567162575841021
1080,0.5564156463181069
1081,0.5561206615221581
1082,0.5558940684689371
1083,0.5554657097779723
1084,0.5548850980276945
1085,0.5524738834385187
1086,0.5520373676835147
1087,0.5516526577406502
1088,0.5514008478051481
1089,0.5510003593767664
1090,0.5507542602050572
1091,0.5503812684624654
1092,0.549995033950807
1093,0.549668435761181
1094,0.5489026504186707
1095,0.5484770854451374
1096,0.5480437858178531
1097,0.5476645986280414
1098,0.5471298884148522
1099,0.5461907331106977
1100,0.5459441420937489
1101,0.5454031117765364
1102,0.5450124101283915
1103,0.5447262550422838
1104,0.5444589587444058
1105,0.5441250262599621
1106,0.543705902641891
1107,0.5435058004499063
1108,0.5430498479379965
1109,0.5426395575371603
1110,0.5422269217970715
1111,0.5417587681237179
1112,0.5413308745656426
1113,0.5409696923867963
1114,0.5406379400124708
1115,0.5403223043490851
1116,0.5400492586776406
1117,0.5396386296414698
1118,0.5391489404252298
1119,0.5385566253703009
1120,0.5383188283972161
1121,0.537888423965702
1122,0.5375480457160302
1123,0.5371182692164843
1124,0.5367020102277528
1125,0.5364203000164818
1126,0.5360308930928013
1127,0.5357127406532974
1128,0.5352555694672311
1129,0.5350533849959943
1130,0.5346885996710059
1131,0.5341222418716228
1132,0.5336533623200458
1133,0.5331770545132558
1134,0.5328920007027651
1135,0.5324921412879543
1136,0.5319385930505854
1137,0.5315159939659494
1138,0.5311484547629954
1139,0.5306874424085868
1140,0.5303074792790443
1141,0.5299797888004376
1142,0.5295094199655747
1143,0.5291640610458656
1144,0.5289434632002836
1145,0.5286321905135077
1146,0.5281785858277993
1147,0.5278211659276243
1148,0.5260377610475065
1149,0.5256740826376707
1150,0.5253261200824644
1151,0.524906300394358
1152,0.5244945400801287
1153,0.5242399283044025
1154,0.5234896858193602
1155,0.5230431440665254
1156,0.5226943933172534
1157,0.5221435429795419
1158,0.521531896976955
1159,0.5211228351059385
1160,0.5208801094111795
1161,0.5199358549134884
1162,0.5197089839405872
1163,0.519191891790547
1164,0.518914457817146
1165,0.5184464718225203
1166,0.5172099107876797
1167,0.5170096024364225
1168,0.5166700197756846
1169,0.5158094124655425
1170,0.5152053312280724
1171,0.5148189969413887
1172,0.5145742190912989
1173,0.5142539161691165
1174,0.5139716130283187
1175,0.513498102296982
1176,0.5121304483113588
1177,0.5119045404427014
1178,0.5116887678847357
1179,0.5111697886280689
1180,0.5109242755872485
1181,0.5106688693408278
1182,0.5103735618321982
1183,0.5100209227909744
1184,0.5097459868977406
1185,0.5094012811039562
1186,0.5090593083654348
1187,0.5087849012147175
1188,0.5085156300778118
1189,0.5081667912445931
1190,0.5077584619136782
1191,0.507330573654756
1192,0.5070098988634862
1193,0.5066596303689395
1194,0.5061086440332188
1195,0.505803631018254
1196,0.5054715538437476
1197,0.5044964356894187
1198,0.5039206827830274
1199,0.5035725914182889
1200,0.5032247453714779
1201,0.5010470475829553
1202,0.5007966774385015
1203,0.5004679537993338
1204,0.5002570979164639
1205,0.49948555074014006
1206,0.49902076027736286
1207,0.4965817590602692
1208,0.49617806375697554
1209,0.4958815855731231
1210,0.4956435619167505
1211,0.49541779015646165
1212,0.49382822811159716
1213,0.4932189884457684
1214,0.4908089236864041
1215,0.488714766557483
1216,0.4874597881750286
1217,0.4870660462906441
1218,0.4866845460740449
1219,0.48570358664424496
1220,0.4854230043080533
1221,0.4830518221817894
1222,0.48069246637571816
1223,0.480419543900389
1224,0.480151481165503
1225,0.4789142627637333
1226,0.4775306663877117
1227,0.4771941654627823
1228,0.4768415669905303
1229,0.47517558810015964
1230,0.47484543065237184
1231,0.47455267026026743
1232,0.4722357041512494
1233,0.4718845384759538
1234,0.47157287161188277
1235,0.4702178402414873
1236,0.469960190399641
1237,0.467666129379485
1238,0.4674533641010845
1239,0.4671264018486867
1240,0.4648464744078921
1241,0.46435096185418917
1242,0.464055729689832
1243,0.4637289272274596
1244,0.4634703754332016
1245,0.463191576891649
1246,0.46299221646032795
1247,0.4607329083551791
1248,0.4596344607098961
1249,0.4588011619088673
1250,0.4565627567754985
1251,0.45625473475314193
1252,0.45597368281090506
1253,0.4550536973677893
1254,0.45283398279179377
1255,0.45062533908843233
1256,0.44842771104149737
1257,0.44624104371017326
1258,0.4440652824276628
1259,0.44378973846778735
1260,0.4416262031211784
1261,0.4411775452124839
1262,0.4390270382340885
1263,0.43857465338371976
1264,0.43783813856422
1265,0.4375601341353807
1266,0.43725453790314595
1267,0.4351235970053331
1268,0.4330032842195873
1269,0.43113984129689603
1270,0.4290393975756373
1271,0.42860800919928654
1272,0.4283778380970823
1273,0.42803490889003304
1274,0.4277173230571796
1275,0.42742084901854704
1276,0.42533895384865883
1277,0.42514586613149263
1278,0.42455470457489997
1279,0.4224871043600612
1280,0.422161368230329
1281,0.4218750155984748
1282,0.4198207803881631
1283,0.417776790718706
1284,0.41752200985182136
1285,0.4154894853482455
1286,0.4134670981029226
1287,0.4131565480145111
1288,0.4111457963426824
1289,0.40914507333665523
1290,0.4071543289782503
1291,0.4069359541558933
1292,0.40503127663806654
1293,0.40306104992629294
1294,0.40110064976123944
1295,0.39997785019094473
1296,0.3997536773829437
1297,0.3994108450152126
1298,0.3974686503231041
1299,0.3955361423674343
1300,0.3953203025684928
1301,0.3951065091337333
1302,0.39318578240639535
1303,0.39127463534357515
1304,0.39104212873773997
1305,0.3908573681133753
1306,0.3889578340652896
1307,0.38706777398279296
1308,0.38518714061428483
1309,0.38331588694383306
1310,0.3824507979773457
1311,0.3805931918727316
1312,0.380328312446222
1313,0.3800506703406914
1314,0.3782050349226053
1315,0.3779749786758446
1316,0.37702866201134905
1317,0.37680117476923425
1318,0.3749717462779241
1319,0.3731514420992799
1320,0.37134021672560236
1321,0.3695380248761627
1322,0.36774482149607096
1323,0.3659605617551492
1324,0.3641852010468109
1325,0.36241869498694596
1326,0.3606609994128108
1327,0.35891207038192463
1328,0.35717186417097047
1329,0.3554403372747025
1330,0.3537174464048581
1331,0.35200314848907577
1332,0.35029740066981835
1333,0.3486001603033015
1334,0.3483919852251129
1335,0.3467042481577731
1336,0.34502492871417395
1337,0.34486917833709096
1338,0.34468337750761335
1339,0.34448597255507124
1340,0.3428177168071969
1341,0.34115778151957704
1342,0.339506125193743
1343,0.3378627065382006
1344,0.33622748446739786
1345,0.3346004181006978
1346,0.3344105823884686
1347,0.3342711158255015
1348,0.3326538068881097
1349,0.33104456431269497
1350,0.32944334786810914
1351,0.32928366611793936
1352,0.32769123218973945
1353,0.3261067405588907
1354,0.3258586941385097
1355,0.3257039612910254
1356,0.3241293812151338
1357,0.3225626543901335
1358,0.322336128591225
1359,0.3207783456509992
1360,0.3192283321856011
1361,0.31768604944461326
1362,0.31615145887088686
1363,0.31462452209957764
1364,0.3131052009571868
1365,0.31290370300404535
1366,0.3113929644826991
1367,0.3098897608011625
1368,0.30973535733665464
1369,0.3082404210052493
1370,0.3077502188145391
1371,0.3062651834028182
1372,0.30557864486995717
1373,0.3041044402284695
1374,0.3026375882133055
1375,0.30117805215308835
1376,0.2997257955593406
1377,0.2982807821255717
1378,0.2968429757263706
1379,0.2954123404165024
1380,0.29398884043000983
1381,0.29257244017931916
1382,0.29241848015733823
1383,0.2910099121111825
1384,0.2896083693274655
1385,0.2882138167675446
1386,0.2868262195675332
1387,0.28544554303742903
1388,0.2840717526602469
1389,0.28270481409115594
1390,0.2813446931566206
1391,0.28121041077114034
1392,0.2798577432042581
1393,0.2785118220950111
1394,0.27717261379530145
1395,0.27584008482485195
1396,0.2745142018703689
1397,0.2731949317847094
1398,0.27188224158605256
1399,0.27057609845707514
1400,0.26927646974413083
1401,0.26910929034229886
1402,0.26865495233596304
1403,0.26736490537927166
1404,0.2660812925586192
1405,0.26480408178361825
1406,0.26370950797214876
1407,0.26265500539744724
1408,0.2613948833009545
1409,0.2601410460896378
1410,0.25926957543961904
1411,0.25802633824548266
1412,0.25678930172272046
1413,0.25555843494535496
1414,0.2548999948988593
1415,0.2536785510785892
1416,0.2524631992347877
1417,0.2512539089835954
1418,0.25005065009269295
1419,0.2488533924805455
1420,0.24868744704548984
1421,0.24749698843690493
1422,0.24707224908273379
1423,0.24588984630759605
1424,0.24473211860926794
1425,0.24456082669183982
1426,0.24407110649991665
1427,0.2434107887620048
1428,0.24281867765799006
1429,0.24165748965883865
1430,0.2405020931089942
1431,0.2401980310711851
1432,0.2393891584528106
1433,0.23824507525205413
1434,0.23713849535356282
1435,0.2360056373818441
1436,0.23487842956283106
1437,0.2337568437162695
1438,0.23319703427681798
1439,0.23208383442423075
1440,0.23158138377942217
1441,0.23047624201730804
1442,0.2303318773633722
1443,0.22923296754050704
1444,0.22839927911911226
1445,0.2273100081702025
1446,0.22669805720356534
1447,0.2262283322553264
1448,0.22514988894907137
1449,0.2240768244012458
1450,0.2230091117851801
1451,0.22194672440800325
1452,0.22136889894100475
1453,0.22031469215951666
1454,0.21926574325628645
1455,0.21822202600753693
1456,0.21749867272175596
1457,0.21698264374936865
1458,0.21595031350691504
1459,0.2149815434488865
1460,0.2145719900519035
1461,0.21355168299492525
1462,0.21253646474062352
1463,0.21152630990848909
1464,0.21052119324459853
1465,0.20952108962098293
1466,0.20859447731217748
1467,0.20836721676714576
1468,0.2073778561460299
1469,0.20639342998159782
1470,0.20546277324875362
1471,0.20482173152612956
1472,0.20412163422388446
1473,0.20383842343210326
1474,0.2035304652304956
1475,0.20256522800830862
1476,0.20215165751568112
1477,0.20202199891155992
1478,0.20106428519652578
1479,0.20042053018163933
1480,0.19947080382521792
1481,0.19852581424876045
1482,0.19817736390834606
1483,0.1976652786247741
1484,0.19672929414282198
1485,0.19622301169863565
1486,0.19529422055298734
1487,0.1950044618931136
1488,0.19485929037780214
1489,0.19429264260572224
1490,0.19397501183253174
1491,0.19305743263299047
1492,0.19214442987879926
1493,0.19123598074484174
1494,0.19108109020644581
1495,0.19092814131522867
1496,0.19012570047307426
1497,0.18949815747791104
1498,0.18860290668261478
1499,0.18823001641371429
1500,0.1876961275981131
1501,0.18755491531599222
1502,0.18712220943847155
1503,0.1867780415528821
1504,0.18589635739236024
1505,0.18547120285195418
1506,0.1849175890214746
1507,0.18404518390666413
1508,0.18393383062581461
1509,0.18381907217205706
1510,0.18354986130251252
1511,0.18268427775815915
1512,0.1822789461565963
1513,0.1814197013279775
1514,0.181187584927054
1515,0.1808959587766936
1516,0.1805093174666444
1517,0.1801865082683618
1518,0.17972338133036742
1519,0.1793199199922407
1520,0.17864989571041018
1521,0.1781674052568071
1522,0.17732866682397616
1523,0.17686747643903683
1524,0.17603522142823255
1525,0.1759057644503034
1526,0.17529470028622357
1527,0.17494959512314193
1528,0.17415809266004612
1529,0.17386123524933267
1530,0.17359763091900787
1531,0.17327729359553426
1532,0.1730097382893567
1533,0.17239959650163333
1534,0.1717423995052547
1535,0.17107900245806726
1536,0.17065431472604284
1537,0.169976182236114
1538,0.16917829769853612
1539,0.16866815458067505
1540,0.16787679385824525
1541,0.16708938006388466
1542,0.16679276152837588
1543,0.16637781076292252
1544,0.16586339384375273
1545,0.16508602192385788
1546,0.16488918769220784
1547,0.1646508419165142
1548,0.16392799730778734
1549,0.16316027821838602
1550,0.1628817800222618
1551,0.16266026208054907
1552,0.16225168032227905
1553,0.1620227138838568
1554,0.16130534436357086
1555,0.16071188127901448
1556,0.16032730392912195
1557,0.15957754337286748
1558,0.15920854274411597
1559,0.15871101754095582
1560,0.15845396989093705
1561,0.15824850346098507
1562,0.15751722418953443
1563,0.1573756756085023
1564,0.15725708592838777
1565,0.1568357981600997
1566,0.15642376873972422
1567,0.1560494032839873
1568,0.1553209788462121
1569,0.15459618744047685
1570,0.15430511947224573
1571,0.15393832988091924
1572,0.15351361993411564
1573,0.15330782558227238
1574,0.15311091273070623
1575,0.15287854634633885
1576,0.1525994916530739
1577,0.15215029923056095
1578,0.15177764401903143
1579,0.15156584480058682
1580,0.15111920279704819
1581,0.15093375300533182
1582,0.1504020290104456
1583,0.1501418246607797
1584,0.1499016874080388
1585,0.1496068060568368
1586,0.1494080080354364
1587,0.14886676428578435
1588,0.1483656672115569
1589,0.14810164101246912
1590,0.14756271787743175
1591,0.14726727574809106
1592,0.14690194547703003
1593,0.1464877603895248
1594,0.14627023593357277
1595,0.14607754990724048
1596,0.1458803804422828
1597,0.14559058529643598
1598,0.14535350927419047
1599,0.14518645087003487
1600,0.14451220563345316
1601,0.14396987257312097
1602,0.1436407117204357
1603,0.14327437099943485
1604,0.14296752734744572
1605,0.14268394450895852
1606,0.14233875264112722
1607,0.1421318044724244
1608,0.14193903279546152
1609,0.1415576216545298
1610,0.14129476935114157
1611,0.1409590846014109
1612,0.14064777258830477
1613,0.14047412655097402
1614,0.13999031440832535
1615,0.13973448556309068
1616,0.1390874321169181
1617,0.13853611856006762
1618,0.13843525730022188
1619,0.1380486081659256
1620,0.13788608965465338
1621,0.13767333648154495
1622,0.13744436840288957
1623,0.13713569023306185
1624,0.1368918238944152
1625,0.1362709434523117
1626,0.13592480500490098
1627,0.1354848385777636
1628,0.1352460175095644
1629,0.13504015717730636
1630,0.13483525938165242
1631,0.13477098577494517
1632,0.13458646129779323
1633,0.13432572587709207
1634,0.1340760821440796
1635,0.13382755882726166
1636,0.1336110500997054
1637,0.1334276239179553
1638,0.1332333784187693
1639,0.13301852368870037
1640,0.1327530904486325
1641,0.13264572847220457
1642,0.13217017417944094
1643,0.1319736384527254
1644,0.13173906504804267
1645,0.13154383056622296
1646,0.13093762818227284
1647,0.13062963009486595
1648,0.13002798730478876
1649,0.12974206165693603
1650,0.1293171343834942
1651,0.12925570187951427
1652,0.12907338016731484
1653,0.12888301509171884
1654,0.12860278198123828
1655,0.12843566990034805
1656,0.12798469859440567
1657,0.12792454173942444
1658,0.1276524504344558
1659,0.1273492983466866
1660,0.1271575890089802
1661,0.12683000658916327
1662,0.12666480903467298
1663,0.12645558353851602
1664,0.1262170941274294
1665,0.1257682031374713
1666,0.12557965467510027
1667,0.12539718301128822
1668,0.1252749268045331
