0,1.0
1,0.9936842320153575
2,0.9825339093672095
3,0.9693010468892023
4,0.9565321554978157
5,0.9500235640880603
6,0.9428131782553179
7,0.9292930430019558
8,0.920419009128833
9,0.9116306372519374
10,0.9048042176610692
11,0.8971418965951481
12,0.8884025230963914
13,0.8784455966471332
14,0.870406492374941
15,0.8640629842589115
16,0.8537067175299093
17,0.8453952307697832
18,0.8369175092971595
19,0.8274624288554182
20,0.8191666922616327
21,0.8092749011724548
22,0.7987937999303246
23,0.793369856833965
24,0.7828654281955412
25,0.7732647396551144
26,0.7634065153339537
27,0.7560591921701657
28,0.7485619192902495
29,0.7420178823689063
30,0.7347341827407537
31,0.7283845015066219
32,0.7188223586248442
33,0.7133853856724504
34,0.7063169489700062
35,0.6986994356642885
36,0.6919149498681004
37,0.6826364181208905
38,0.6762100046463873
39,0.6679342110556976
40,0.6600211775003018
41,0.6489364154756939
42,0.6417570736561163
43,0.6355335359691324
44,0.6275159777885749
45,0.6212493290554209
46,0.6140185703825416
47,0.6071718590843033
48,0.6020582013416103
49,0.5961085100264498
50,0.5822665865037361
51,0.5761759768989122
52,0.5666880020970285
53,0.5594978950261175
54,0.553432195304228
55,0.545716414228957
56,0.5346361334343932
57,0.526257123707214
58,0.5215293393238633
59,0.5155287661281855
60,0.5038367234037032
61,0.4975071432390668
62,0.4856132115486882
63,0.47698864524774154
64,0.46824544337199736
65,0.4592164950455946
66,0.4493537701605898
67,0.4432023514167618
68,0.4370943474890119
69,0.42834436920880764
70,0.42327157486933403
71,0.4139555887688798
72,0.40504707820516095
73,0.39815507714270204
74,0.39054519308077745
75,0.38230184745024565
76,0.37863424375388943
77,0.3737638681032237
78,0.3391471591892943
79,0.32760387911248534
80,0.29737987393434623
81,0.28243633209836433
82,0.25651058731507115
83,0.23305200334469695
84,0.22458478817438246
85,0.20416434568150152
86,0.18568716522109135
87,0.16896832096070932
88,0.15384048508759993
89,0.14015225313570387
90,0.1277666286788729
91,0.11655965222459093
92,0.10641916058570865
93,0.09724366431356717
94,0.08894133195748409
95,0.08142907098472948
96,0.0746316961625299
97,0.0684811770789882
98,0.06327701197603519
99,0.05820703395706658
100,0.05361952813688395
101,0.04946858121532496
102,0.045712649120417205
103,0.042314141221342486
104,0.0392390441087689
105,0.03645658117721798
106,0.03393890460245268
107,0.03166081663109243
108,0.029599517393028046
109,0.027734376712658375
110,0.026046727635158848
111,0.02451967960132341
112,0.02350290629152694
113,0.022495954390074402
114,0.02169667885695796
115,0.02060796297480444
116,0.02007749725004663
117,0.019718243994297342
118,0.018793430803643478
119,0.01820714357846196
120,0.01784600859405233
121,0.01709936215813026
122,0.016423768524864782
123,0.015812466126099316
124,0.01525933684196118
125,0.014758844768661551
126,0.014591032494577364
127,0.014154137988512571
128,0.01375881949169081
129,0.01340112052372475
130,0.013077461113116213
131,0.012784601967698143
132,0.01251961205470984
133,0.01227983926603593
134,0.012128473259487366
135,0.011925922248473131
136,0.011742646514646437
137,0.011576811772862046
138,0.011478613675616558
139,0.01145151079723495
140,0.011345283730873281
141,0.0112586062313666
142,0.011138834012713724
143,0.011030459627635417
144,0.010932398428859926
145,0.010877309837199374
146,0.010808160132046102
147,0.010731253527240196
148,0.010661665553517706
149,0.010602905351735182
150,0.010545531321784124
151,0.010493617152660891
152,0.010446643269911942
153,0.010421812213001884
154,0.010397486202225985
155,0.010378024958837627
156,0.010347672248770331
157,0.010343490763563192
158,0.010329461736783252
159,0.010311176483444377
160,0.010298616524087086
161,0.010278511742571592
162,0.010255995591111554
163,0.010231634389689968
164,0.010218931790436897
165,0.010204703015139293
166,0.010186748020105265
167,0.010184686579244673
168,0.010169738704476143
169,0.010153585931098963
170,0.010138970297342235
171,0.010125745525030837
172,0.01011822152820607
173,0.010114727554016859
174,0.010103809783754195
175,0.010093930976699018
176,0.010086518669421392
177,0.010079468460693618
178,0.010071906036789306
179,0.010065063272669634
180,0.010058871683651362
181,0.010054095998709553
182,0.010048948083798429
183,0.010044290057761978
184,0.010040075301510012
185,0.010036261632345332
186,0.010032810881785119
187,0.010029688513557929
188,0.010029048307561815
189,0.010027750676606481
190,0.010026580031067404
191,0.010024050606682346
192,0.010021761888852653
193,0.010019690971321021
194,0.010017817127648734
195,0.010016740990318301
196,0.010015147874454976
197,0.010013706363610573
198,0.010012402030660053
199,0.010011221821400846
200,0.010010153923902003
201,0.010009187650286421
202,0.010008313329762982
203,0.010007591735505425
204,0.010006900957858982
205,0.010006244244891096
206,0.010005789003803455
207,0.01000523810725452
208,0.010004739635443575
209,0.010004288599497197
210,0.010003880485296034
211,0.010003560710921976
212,0.010003221864477012
213,0.010002915263534641
214,0.01000263783952958
215,0.010002386815909137
216,0.010002159680344552
217,0.010001954159586747
218,0.010001768196714902
219,0.010001599930550092
220,0.010001447677027982
221,0.01000130991234415
222,0.010001185257703334
223,0.010001072465519992
224,0.010000970406932042
225,0.010000878060502833
226,0.010000794501998263
227,0.010000718895136733
228,0.01000065048321936
229,0.01000058858155668
230,0.01000053257061605
231,0.01000048188982115
232,0.010000436031941546
233,0.01000039453801617
234,0.01000035699275987
235,0.010000323020407098
236,0.010000292280951131
237,0.010000264466741163
238,0.01000023929940323
239,0.010000216527054157
240,0.010000195921780619
241,0.010000177277358113
242,0.010000160407186992
243,0.010000145142424912
244,0.010000131330297006
245,0.010000118832566853
246,0.01000010752415297
247,0.010000097291876951
248,0.010000088033330736
249,0.010000079655851684
250,0.01000007207559517
251,0.010000065216695437
252,0.010000059010506311
253,0.010000053394914167
254,0.010000048313716271
255,0.010000047404421319
256,0.01000004289329419
257,0.010000038811457565
258,0.010000035118059053
259,0.01000003177613388
260,0.010000028752234935
261,0.010000026016098021
262,0.010000023540338961
263,0.010000021300179525
264,0.010000020845028969
265,0.010000018861362191
266,0.010000017066466266
267,0.010000015442377271
268,0.010000013972840779
269,0.010000012643149174
270,0.010000011439994454
271,0.010000010351335045
272,0.010000009366275275
273,0.010000008474956336
274,0.010000007668457609
275,0.010000006938707383
276,0.010000006278402073
277,0.010000005680933122
278,0.010000005140320858
279,0.010000004651154653
280,0.010000004208538766
281,0.010000003808043351
282,0.010000003677067285
283,0.010000003327148068
284,0.010000003010528067
285,0.010000002724038443
286,0.010000002464811912
287,0.010000002230254046
288,0.010000002018017312
289,0.010000001825977574
290,0.010000001652212834
291,0.010000001494983994
292,0.010000001352717457
293,0.010000001223989372
294,0.010000001107511383
295,0.01000000100211774
296,0.010000000906753629
297,0.010000000820464613
298,0.010000000742387083
299,0.01000000067173961
300,0.010000000607815135
301,0.010000000549973877
302,0.010000000497636944
303,0.010000000450280528
304,0.010000000407430671
305,0.010000000368658517
306,0.010000000333576021
307,0.010000000301832066
308,0.010000000295884978
309,0.0100000002677278
310,0.010000000242250132
311,0.010000000219196984
312,0.010000000198337633
313,0.010000000179463312
314,0.01000000016238512
315,0.010000000146932132
316,0.010000000132949691
317,0.010000000120297855
318,0.01000000010885
319,0.010000000106758661
320,0.01000000009659923
321,0.010000000087406598
322,0.01000000007908876
323,0.01000000007156247
324,0.0100000000647524
325,0.010000000058590395
326,0.010000000053014782
327,0.010000000047969759
328,0.010000000043404832
329,0.010000000039274317
330,0.01000000003782502
331,0.010000000034225492
332,0.010000000030968506
333,0.010000000028021462
334,0.010000000025354868
335,0.010000000022942034
336,0.010000000020758812
337,0.01000000001878335
338,0.010000000016995879
339,0.010000000015378508
340,0.01000000001391505
341,0.010000000012590857
342,0.010000000011392679
343,0.010000000010308522
344,0.010000000009327535
345,0.010000000008439903
346,0.01000000000763674
347,0.01000000000691001
348,0.010000000006252435
349,0.010000000005657437
350,0.01000000000511906
351,0.010000000004631917
352,0.010000000004191132
353,0.010000000003792293
354,0.010000000003431408
355,0.010000000003104867
356,0.0100000000028094
357,0.01000000000254205
358,0.010000000002300143
359,0.010000000002081256
360,0.010000000001883199
361,0.010000000001703988
362,0.010000000001541833
363,0.010000000001395108
364,0.010000000001262346
365,0.010000000001142218
366,0.010000000001033522
367,0.01000000000093517
368,0.010000000000846178
369,0.010000000000765653
370,0.010000000000692792
371,0.010000000000626863
372,0.01000000000056721
373,0.010000000000513232
374,0.010000000000464391
375,0.010000000000420199
376,0.010000000000380212
377,0.01000000000034403
378,0.010000000000311291
379,0.010000000000281667
380,0.010000000000254862
381,0.01000000000023061
382,0.010000000000208663
383,0.010000000000188806
384,0.01000000000017084
385,0.010000000000154581
386,0.010000000000139871
387,0.01000000000012656
388,0.010000000000114516
389,0.010000000000103619
390,0.010000000000093759
391,0.010000000000084837
392,0.010000000000076763
393,0.010000000000069459
394,0.01000000000006285
395,0.010000000000056868
396,0.010000000000051456
397,0.010000000000046558
398,0.010000000000042128
399,0.010000000000038119
400,0.010000000000034492
401,0.01000000000003121
402,0.01000000000002824
403,0.010000000000025553
404,0.01000000000002312
405,0.010000000000020921
406,0.01000000000001893
407,0.010000000000017129
408,0.010000000000015498
409,0.010000000000014024
410,0.01000000000001269
411,0.010000000000011482
412,0.01000000000001039
413,0.0100000000000094
414,0.010000000000008506
415,0.010000000000007695
416,0.010000000000006963
417,0.0100000000000063
418,0.0100000000000057
419,0.010000000000005158
420,0.010000000000004667
421,0.010000000000004223
422,0.01000000000000382
423,0.010000000000003456
424,0.010000000000003126
425,0.01000000000000283
426,0.01000000000000256
427,0.010000000000002318
428,0.010000000000002097
429,0.010000000000001898
430,0.010000000000001718
431,0.010000000000001555
432,0.010000000000001407
433,0.010000000000001273
434,0.010000000000001152
435,0.010000000000001043
436,0.010000000000000944
437,0.010000000000000854
438,0.010000000000000772
439,0.0100000000000007
440,0.010000000000000633
441,0.010000000000000573
442,0.010000000000000519
443,0.01000000000000047
444,0.010000000000000425
445,0.010000000000000385
446,0.010000000000000349
447,0.010000000000000316
448,0.010000000000000286
449,0.010000000000000259
450,0.010000000000000234
451,0.010000000000000212
452,0.010000000000000191
453,0.010000000000000174
454,0.010000000000000156
455,0.01000000000000014
456,0.010000000000000127
457,0.010000000000000115
458,0.010000000000000104
459,0.010000000000000094
460,0.010000000000000085
461,0.010000000000000077
462,0.01000000000000007
463,0.010000000000000063
464,0.010000000000000057
465,0.010000000000000052
466,0.010000000000000047
467,0.010000000000000042
468,0.010000000000000038
469,0.010000000000000035
470,0.010000000000000031
471,0.010000000000000028
472,0.010000000000000024
473,0.010000000000000023
474,0.010000000000000021
475,0.01000000000000002
476,0.010000000000000018
477,0.010000000000000016
478,0.010000000000000014
479,0.010000000000000012
480,0.01000000000000001
481,0.010000000000000009
482,0.010000000000000009
483,0.010000000000000009
484,0.010000000000000009
485,0.010000000000000009
486,0.010000000000000009
487,0.010000000000000009
488,0.010000000000000009
489,0.010000000000000009
490,0.010000000000000009
491,0.010000000000000009
492,0.010000000000000009
493,0.010000000000000009
494,0.010000000000000009
495,0.010000000000000009
496,0.010000000000000009
497,0.010000000000000009
498,0.010000000000000009
499,0.010000000000000009
500,0.010000000000000009
501,0.010000000000000009
502,0.010000000000000009
503,0.010000000000000009
504,0.010000000000000009
505,0.010000000000000009
506,0.010000000000000009
507,0.010000000000000009
508,0.010000000000000009
509,0.010000000000000009
510,0.010000000000000009
511,0.010000000000000009
512,0.010000000000000009
513,0.010000000000000009
514,0.010000000000000009
515,0.010000000000000009
516,0.010000000000000009
517,0.010000000000000009
518,0.010000000000000009
519,0.010000000000000009
520,0.010000000000000009
521,0.010000000000000009
522,0.010000000000000009
523,0.010000000000000009
524,0.010000000000000009
525,0.010000000000000009
526,0.010000000000000009
527,0.010000000000000009
528,0.010000000000000009
529,0.010000000000000009
530,0.010000000000000009
531,0.010000000000000009
532,0.010000000000000009
533,0.010000000000000009
534,0.010000000000000009
535,0.010000000000000009
536,0.010000000000000009
537,0.010000000000000009
538,0.010000000000000009
539,0.010000000000000009
540,0.010000000000000009
541,0.010000000000000009
542,0.010000000000000009
543,0.010000000000000009
544,0.010000000000000009
545,0.010000000000000009
546,0.010000000000000009
547,0.010000000000000009
548,0.010000000000000009
549,0.010000000000000009
550,0.010000000000000009
551,0.010000000000000009
552,0.010000000000000009
553,0.010000000000000009
554,0.010000000000000009
555,0.010000000000000009
556,0.010000000000000009
557,0.010000000000000009
558,0.010000000000000009
559,0.010000000000000009
560,0.010000000000000009
561,0.010000000000000009
562,0.010000000000000009
563,0.010000000000000009
564,0.010000000000000009
565,0.010000000000000009
566,0.010000000000000009
567,0.010000000000000009
568,0.010000000000000009
569,0.010000000000000009
570,0.010000000000000009
571,0.010000000000000009
572,0.010000000000000009
573,0.010000000000000009
574,0.010000000000000009
575,0.010000000000000009
576,0.010000000000000009
577,0.010000000000000009
578,0.010000000000000009
579,0.010000000000000009
580,0.010000000000000009
581,0.010000000000000009
582,0.010000000000000009
583,0.010000000000000009
584,0.010000000000000009
585,0.010000000000000009
586,0.010000000000000009
587,0.010000000000000009
588,0.010000000000000009
589,0.010000000000000009
590,0.010000000000000009
591,0.010000000000000009
592,0.010000000000000009
593,0.010000000000000009
594,0.010000000000000009
595,0.010000000000000009
596,0.010000000000000009
597,0.010000000000000009
598,0.010000000000000009
599,0.010000000000000009
600,0.010000000000000009
601,0.010000000000000009
602,0.010000000000000009
603,0.010000000000000009
604,0.010000000000000009
605,0.010000000000000009
606,0.010000000000000009
607,0.010000000000000009
608,0.010000000000000009
609,0.010000000000000009
610,0.010000000000000009
611,0.010000000000000009
612,0.010000000000000009
613,0.010000000000000009
614,0.010000000000000009
615,0.010000000000000009
616,0.010000000000000009
617,0.010000000000000009
618,0.010000000000000009
619,0.010000000000000009
620,0.010000000000000009
621,0.010000000000000009
622,0.010000000000000009
623,0.010000000000000009
624,0.010000000000000009
625,0.010000000000000009
626,0.010000000000000009
627,0.010000000000000009
628,0.010000000000000009
629,0.010000000000000009
630,0.010000000000000009
631,0.010000000000000009
632,0.010000000000000009
633,0.010000000000000009
634,0.010000000000000009
635,0.010000000000000009
636,0.010000000000000009
