,0
0,1.0
1,0.9907376014750944
2,0.9812704367201919
3,0.9749776525857761
4,0.9635624735436137
5,0.9569108440926847
6,0.9455222627461536
7,0.9365842202717286
8,0.9269059856094699
9,0.9214210210443922
10,0.9140683293759874
11,0.908031318140244
12,0.9021238276034648
13,0.895989361439741
14,0.8853334882095787
15,0.8765371164324995
16,0.8691168501098857
17,0.8553112841487973
18,0.8429760940442146
19,0.8371656217649582
20,0.8300004943538256
21,0.8211110245885739
22,0.8142457994208605
23,0.8035407894575284
24,0.7980054003958618
25,0.7854200969937423
26,0.7736464674489381
27,0.7639340845223612
28,0.7597238532991927
29,0.7544941117761893
30,0.7432633711344292
31,0.7376389250834136
32,0.7228741827975904
33,0.7168404320128103
34,0.7097372749751725
35,0.7038147146778526
36,0.6973921490520835
37,0.6886496012149682
38,0.6783452912977871
39,0.6676710899989952
40,0.6618437872601951
41,0.6561973439543083
42,0.6400536302406976
43,0.6347208707192356
44,0.6221668910484561
45,0.6149252780988952
46,0.6100451744480178
47,0.6021174101221344
48,0.5902766329106595
49,0.5795832443408354
50,0.5703182596662364
51,0.5655201839308724
52,0.5570307098285681
53,0.5498573527722447
54,0.5442185063188232
55,0.5380573752921406
56,0.5314455940588635
57,0.5243505017752088
58,0.513913659625204
59,0.5047759051182619
60,0.4981413146473805
61,0.4874717248189401
62,0.48290992792033793
63,0.4727583257225165
64,0.463413695178862
65,0.45666324470024056
66,0.4499692962065109
67,0.43889191599991373
68,0.42575865810701785
69,0.4183011207046463
70,0.41282609514933005
71,0.4076630120070284
72,0.3940239587151001
73,0.3860811494574679
74,0.3771626519246544
75,0.3701443571395511
76,0.3574792472677191
77,0.3525799095790348
78,0.3468726423768981
79,0.3402681641590854
80,0.33544873175969875
81,0.33076377318295525
82,0.32053758573963553
83,0.31484545495658284
84,0.3113598130799662
85,0.28950074082509014
86,0.28702422109163317
87,0.27905207362832346
88,0.2692272118945229
89,0.2445584810953007
90,0.2398219648083292
91,0.21795151324511974
92,0.21168457017079306
93,0.1924917457310327
94,0.17512536002014248
95,0.159411604412884
96,0.14519321036156413
97,0.13232787539955002
98,0.12068683893035341
99,0.1101535935483031
100,0.10062271899326951
101,0.09199882706926829
102,0.08419560696733387
103,0.07713496143793323
104,0.07074622516744322
105,0.06496545753594034
106,0.05973480267798543
107,0.05500191044167626
108,0.05071941245073183
109,0.0468444480258615
110,0.04333823522068062
111,0.04016568267895614
112,0.037295038428518744
113,0.034697572096853195
114,0.0323472873678736
115,0.030220661802054363
116,0.02829641141594922
117,0.026555277664931147
118,0.024979834697204686
119,0.023554314950024167
120,0.02226445134262607
121,0.02109733448648943
122,0.020041283483836506
123,0.01908572902128175
124,0.018221107588590964
125,0.01743876576385648
126,0.01673087360714219
127,0.016090346295812925
128,0.015510773217248237
129,0.014986353809276612
130,0.01451183950619962
131,0.014310719998278158
132,0.013900500753117984
133,0.013529319030498593
134,0.013193459918981522
135,0.012889562027692565
136,0.012614583844392093
137,0.012365773294998274
138,0.012140640199904663
139,0.011936931351425716
140,0.011752607962936947
141,0.01158582526401313
142,0.011561434489247045
143,0.01153434709170316
144,0.011513923981112194
145,0.011369855066172278
146,0.011239496121158802
147,0.011121542469934917
148,0.011014813592713583
149,0.010918241311018755
150,0.010830859096996165
151,0.010751792400077698
152,0.010739785457681577
153,0.010669385563429149
154,0.010605685104883777
155,0.010548046546445877
156,0.01054129272947386
157,0.010489781915738764
158,0.01044317300403777
159,0.010437055514331469
160,0.010395464183126065
161,0.010357830790385488
162,0.010323778688466172
163,0.0102929670724868
164,0.01026508756943851
165,0.01023986115188417
166,0.010217035345358004
167,0.010196381701516278
168,0.010177693511749498
169,0.010175240658757327
170,0.010171461752134717
171,0.010169653856337713
172,0.01015350915732846
173,0.01013890082956196
174,0.010125682667983896
175,0.010113722380790419
176,0.010111258933852112
177,0.010100671246440178
178,0.010091091110699392
179,0.010082422645411267
180,0.010074579093661624
181,0.010067481954548246
182,0.010061060197517454
183,0.010055249551466458
184,0.010049991861496554
185,0.010045234506879353
186,0.010040929874410843
187,0.010037034881882442
188,0.010033510546899776
189,0.010030321596733767
190,0.010027436115299309
191,0.010024825223728363
192,0.010022462791340538
193,0.010020325174118452
194,0.010018390978070472
195,0.010016640845112442
196,0.010015057259325479
197,0.010013624371650764
198,0.01001232784126684
199,0.010011154692061845
200,0.010010093182764227
201,0.010009132689432147
202,0.010008263599125508
203,0.010007477213696409
204,0.010006765662735161
205,0.010006121824800585
206,0.01000553925614623
207,0.010005012126229194
208,0.010004535159356094
209,0.010004217574594201
210,0.01000403239391073
211,0.010003648660894688
212,0.010003301444903238
213,0.010002987270882033
214,0.010002702994471873
215,0.010002445770538895
216,0.010002213024699523
217,0.010002002427555166
218,0.010001811871378821
219,0.010001639449020225
220,0.010001483434818463
221,0.010001342267330963
222,0.010001214533706062
223,0.01000109895554271
224,0.010000994376095803
225,0.010000899748699082
226,0.010000814126289758
227,0.01000073665192998
228,0.010000666550230315
229,0.010000603119589389
230,0.01000054572517203
231,0.010000493792555616
232,0.010000446801981068
233,0.010000404283150924
234,0.010000365810522438
235,0.010000330999048613
236,0.010000299500324519
237,0.010000270999100338
238,0.010000245210126239
239,0.010000221875297503
240,0.010000200761071318
241,0.010000181656129413
242,0.010000164369263109
243,0.010000148727459636
244,0.010000134574170568
245,0.010000121767745031
246,0.010000110180012014
247,0.01000009969499759
248,0.01000009020776421
249,0.010000081623360454
250,0.010000073855870725
251,0.010000066827555373
252,0.010000060468072657
253,0.010000054713774737
254,0.010000049507070664
255,0.010000044795849993
256,0.010000040532961246
257,0.010000036675739999
258,0.010000033185581885
259,0.010000030027556228
260,0.010000027170056448
261,0.010000024584483725
262,0.010000022244960778
263,0.010000020128072875
264,0.01000001821263349
265,0.010000016479472263
266,0.010000014911243133
267,0.010000013492250735
268,0.01000001220829332
269,0.010000011046520606
270,0.010000009995305184
271,0.010000009044126136
272,0.01000000818346374
273,0.0100000074047042
274,0.010000007268976525
275,0.010000006577241951
276,0.010000005951334625
277,0.010000005384990256
278,0.01000000487254068
279,0.010000004408857129
280,0.0100000039892989
281,0.010000003609666916
282,0.010000003266161692
283,0.010000002955345312
284,0.010000002674107021
285,0.01000000261435
286,0.010000002580325363
287,0.010000002547762444
288,0.010000002509831202
289,0.010000002270989185
290,0.01000000205487599
291,0.010000001859328686
292,0.010000001682390168
293,0.010000001522289576
294,0.010000001377424569
295,0.010000001246345291
296,0.010000001127739855
297,0.010000001020421218
298,0.010000000923315301
299,0.010000000835450234
300,0.010000000755946632
301,0.010000000684008798
302,0.010000000618916755
303,0.010000000560019038
304,0.010000000555056983
305,0.01000000055201255
306,0.010000000548765266
307,0.010000000496543347
308,0.010000000449291
309,0.010000000406535309
310,0.01000000036784836
311,0.01000000033284296
312,0.010000000301168764
313,0.010000000272508766
314,0.010000000266792387
315,0.010000000262794085
316,0.010000000237785921
317,0.010000000215157599
318,0.010000000194682645
319,0.010000000176156142
320,0.01000000015939267
321,0.010000000144224452
322,0.01000000013049968
323,0.010000000118080995
324,0.010000000106844103
325,0.010000000096676542
326,0.010000000087476552
327,0.010000000079152058
328,0.010000000071619743
329,0.010000000064804223
330,0.010000000058637286
331,0.010000000054667576
332,0.010000000049465269
333,0.010000000044758026
334,0.010000000040498737
335,0.010000000036644772
336,0.010000000033157562
337,0.010000000030002202
338,0.010000000027147115
339,0.010000000024563725
340,0.010000000022226178
341,0.010000000020111078
342,0.010000000018727084
343,0.010000000016944966
344,0.010000000015430882
345,0.010000000014729773
346,0.01000000001407318
347,0.01000000001273394
348,0.010000000011522146
349,0.01000000001107257
350,0.010000000010360194
351,0.010000000009374291
352,0.010000000008529844
353,0.010000000008150434
354,0.010000000007374818
355,0.010000000006673011
356,0.01000000000603799
357,0.010000000005736052
358,0.010000000005190196
359,0.01000000000493016
360,0.01000000000475821
361,0.010000000004305407
362,0.010000000003949431
363,0.010000000003630504
364,0.010000000003478745
365,0.010000000003261775
366,0.010000000003143923
367,0.010000000003062316
368,0.010000000002917047
369,0.0100000000028331
370,0.01000000000271576
371,0.01000000000262918
372,0.010000000002378981
373,0.010000000002255953
374,0.01000000000213779
375,0.010000000001934352
376,0.01000000000183285
377,0.01000000000175975
378,0.010000000001592289
379,0.01000000000153737
380,0.010000000001474874
381,0.010000000001397343
382,0.010000000001353742
383,0.010000000001310978
384,0.010000000001244923
385,0.010000000001142791
386,0.010000000001069802
387,0.010000000001030015
388,0.01000000000099618
389,0.010000000000956164
390,0.010000000000901562
391,0.010000000000872122
392,0.010000000000848974
393,0.010000000000780574
394,0.010000000000741985
395,0.010000000000698984
396,0.010000000000632467
397,0.010000000000611018
398,0.010000000000552872
399,0.010000000000504832
400,0.010000000000456791
401,0.010000000000421503
402,0.010000000000407658
403,0.010000000000391009
404,0.010000000000378014
405,0.010000000000351086
406,0.010000000000319172
407,0.010000000000288799
408,0.010000000000263205
409,0.010000000000249518
410,0.01000000000023787
411,0.010000000000224331
412,0.010000000000202984
413,0.010000000000183668
414,0.010000000000181567
415,0.010000000000172954
416,0.010000000000156495
417,0.010000000000141602
418,0.010000000000130233
419,0.010000000000125351
420,0.010000000000123955
421,0.01000000000011962
422,0.010000000000118312
423,0.010000000000117311
424,0.010000000000114072
425,0.010000000000109479
426,0.010000000000103683
427,0.010000000000097022
428,0.010000000000094324
429,0.010000000000090254
430,0.010000000000089312
431,0.010000000000084651
432,0.01000000000007783
433,0.010000000000072961
434,0.010000000000067035
435,0.010000000000065314
436,0.010000000000062941
437,0.010000000000062409
438,0.01000000000006013
439,0.01000000000005798
440,0.010000000000057387
441,0.01000000000005502
442,0.010000000000053091
443,0.010000000000051409
444,0.010000000000050868
445,0.010000000000049063
446,0.010000000000045719
447,0.010000000000043415
448,0.01000000000004222
449,0.010000000000040886
450,0.01000000000003983
451,0.010000000000039425
452,0.010000000000038008
453,0.010000000000037004
454,0.010000000000036069
455,0.010000000000034849
456,0.010000000000034159
457,0.010000000000032557
458,0.010000000000031378
459,0.010000000000028392
460,0.010000000000026715
461,0.010000000000025235
462,0.010000000000024064
463,0.010000000000023901
464,0.010000000000023202
465,0.01000000000002194
466,0.01000000000001985
467,0.010000000000019153
468,0.010000000000018243
469,0.01000000000001698
470,0.01000000000001606
471,0.010000000000015484
472,0.010000000000014941
473,0.01000000000001431
474,0.0100000000000136
475,0.010000000000012907
476,0.01000000000001265
477,0.010000000000012301
478,0.010000000000011812
479,0.010000000000010811
480,0.010000000000010374
481,0.010000000000010103
482,0.01000000000000991
483,0.010000000000009682
484,0.010000000000009406
485,0.010000000000009175
486,0.010000000000008835
487,0.010000000000008141
488,0.010000000000007978
489,0.010000000000007614
490,0.010000000000007416
491,0.010000000000007246
492,0.010000000000007043
493,0.01000000000000647
494,0.010000000000006346
495,0.01000000000000616
496,0.010000000000005954
497,0.010000000000005784
498,0.010000000000005654
499,0.010000000000005439
500,0.010000000000005229
501,0.010000000000005123
502,0.01000000000000494
503,0.010000000000004793
504,0.010000000000004712
505,0.010000000000004571
506,0.010000000000004516
507,0.010000000000004375
508,0.010000000000004151
509,0.01000000000000405
510,0.010000000000003914
511,0.01000000000000377
512,0.010000000000003688
513,0.010000000000003588
514,0.010000000000003393
515,0.01000000000000331
516,0.010000000000003211
517,0.010000000000003064
518,0.010000000000002982
519,0.010000000000002885
520,0.010000000000002804
521,0.010000000000002729
522,0.010000000000002642
523,0.010000000000002495
524,0.010000000000002432
525,0.010000000000002382
526,0.010000000000002233
527,0.010000000000002182
528,0.010000000000002129
529,0.01000000000000206
530,0.01000000000000192
531,0.010000000000001858
532,0.010000000000001804
533,0.010000000000001749
534,0.010000000000001674
535,0.010000000000001627
536,0.010000000000001528
537,0.010000000000001456
538,0.010000000000001414
539,0.010000000000001385
540,0.010000000000001334
541,0.010000000000001268
542,0.010000000000001234
543,0.01000000000000121
544,0.010000000000001178
545,0.010000000000001138
546,0.010000000000001109
547,0.010000000000001074
548,0.01000000000000105
549,0.010000000000000973
550,0.010000000000000946
551,0.01000000000000092
552,0.010000000000000895
553,0.010000000000000871
554,0.010000000000000855
555,0.010000000000000807
556,0.01000000000000078
557,0.010000000000000748
558,0.010000000000000734
559,0.010000000000000715
560,0.010000000000000694
561,0.010000000000000684
562,0.010000000000000675
563,0.010000000000000666
564,0.010000000000000647
565,0.010000000000000621
566,0.010000000000000606
567,0.010000000000000585
568,0.010000000000000578
569,0.010000000000000564
570,0.010000000000000547
571,0.01000000000000053
572,0.010000000000000512
573,0.010000000000000498
574,0.010000000000000488
575,0.010000000000000477
576,0.010000000000000465
577,0.01000000000000045
578,0.01000000000000043
579,0.01000000000000042
580,0.01000000000000041
581,0.010000000000000371
582,0.010000000000000363
583,0.010000000000000349
584,0.01000000000000034
585,0.01000000000000033
586,0.01000000000000032
587,0.010000000000000302
588,0.010000000000000292
589,0.010000000000000285
590,0.010000000000000273
591,0.010000000000000266
592,0.010000000000000259
593,0.010000000000000243
594,0.010000000000000236
595,0.010000000000000231
596,0.010000000000000226
597,0.010000000000000212
598,0.010000000000000205
599,0.0100000000000002
600,0.010000000000000194
601,0.010000000000000182
602,0.010000000000000177
603,0.010000000000000172
604,0.010000000000000158
605,0.010000000000000155
606,0.01000000000000015
607,0.010000000000000146
608,0.01000000000000014
609,0.010000000000000137
610,0.010000000000000134
611,0.01000000000000013
612,0.010000000000000127
613,0.010000000000000122
614,0.010000000000000116
615,0.010000000000000113
616,0.01000000000000011
617,0.010000000000000106
618,0.010000000000000103
619,0.0100000000000001
620,0.010000000000000099
621,0.010000000000000097
622,0.010000000000000096
623,0.010000000000000094
624,0.010000000000000092
625,0.010000000000000089
626,0.010000000000000085
627,0.010000000000000083
628,0.010000000000000075
629,0.010000000000000073
630,0.010000000000000071
631,0.01000000000000007
632,0.010000000000000068
633,0.010000000000000066
634,0.010000000000000064
635,0.010000000000000063
636,0.010000000000000061
637,0.01000000000000006
638,0.010000000000000057
639,0.010000000000000056
640,0.010000000000000052
641,0.01000000000000005
642,0.010000000000000049
643,0.010000000000000047
644,0.010000000000000045
645,0.010000000000000044
646,0.010000000000000042
647,0.01000000000000004
648,0.010000000000000038
649,0.010000000000000037
650,0.010000000000000037
651,0.010000000000000035
652,0.010000000000000033
653,0.010000000000000033
654,0.010000000000000031
655,0.01000000000000003
656,0.01000000000000003
657,0.01000000000000003
658,0.01000000000000003
659,0.010000000000000028
660,0.010000000000000026
661,0.010000000000000024
662,0.010000000000000024
663,0.010000000000000024
664,0.010000000000000023
665,0.010000000000000023
666,0.010000000000000023
667,0.010000000000000021
668,0.01000000000000002
