,0
0,1.0
1,0.9907376014750944
2,0.978651543637686
3,0.968054765786481
4,0.9626093876924192
5,0.9546409829897188
6,0.9436530880184469
7,0.9362136607004746
8,0.9280987385121693
9,0.9176918448931726
10,0.9053412612886426
11,0.8971418965951479
12,0.8917468027912955
13,0.8825368979781012
14,0.8758441639573006
15,0.8686015346099287
16,0.8531163294875606
17,0.844226495752111
18,0.832710965803332
19,0.8215166815066459
20,0.8108750505908348
21,0.8010055175297798
22,0.7917265062566508
23,0.784180416847134
24,0.774945770538311
25,0.7021515559514129
26,0.6923924574411598
27,0.6818297385237047
28,0.673417790381382
29,0.6626917352303939
30,0.6574910318989315
31,0.6512407318522225
32,0.6426421529701913
33,0.6373502161364952
34,0.627207296976314
35,0.6184440392549657
36,0.6113065933406236
37,0.6063364034369957
38,0.5989285936607401
39,0.5903346634754297
40,0.5821521446310036
41,0.569702248448887
42,0.5626389766057941
43,0.556101547633498
44,0.5471110891977444
45,0.5374768315369222
46,0.5327508389202719
47,0.5252256412860475
48,0.5161863808811268
49,0.5057168729743747
50,0.4936710094868702
51,0.4855656526055195
52,0.47647524016253356
53,0.4726195190468416
54,0.46518546128825927
55,0.4594411594545385
56,0.4490024277001832
57,0.44130044832573045
58,0.43136731822443836
59,0.3912689162669373
60,0.38271160480766997
61,0.37503927229694883
62,0.37086536662297664
63,0.3667035137847503
64,0.3605155052901721
65,0.35278551920150014
66,0.3376365593004577
67,0.327603879112485
68,0.3210037416477714
69,0.31487594102635613
70,0.3093175180238503
71,0.2808336901816325
72,0.27685486748143767
73,0.27348724036023625
74,0.26857995327517425
75,0.25228263142121937
76,0.24784160885956394
77,0.2323616127925717
78,0.22253463070892757
79,0.21559432748124568
80,0.2121085527940923
81,0.20441692347087909
82,0.1952312312267912
83,0.19154525167055397
84,0.17426893677827252
85,0.1641004932444646
86,0.14943589242538918
87,0.13616681288372895
88,0.12416045321153932
89,0.1132966497257442
90,0.10346667382960728
91,0.10047783857812005
92,0.09186773384850047
93,0.0840769889159323
94,0.07702763138657057
95,0.07064910892089056
96,0.06702586535855622
97,0.061599136772302276
98,0.05668882968993433
99,0.05368500652560358
100,0.052119252623574426
101,0.0481110757935194
102,0.04448432741958085
103,0.04120270978504018
104,0.04051764201555575
105,0.03761350440590118
106,0.034985732029560214
107,0.032608025257365635
108,0.03247278323760653
109,0.03033421516079768
110,0.02839915874388383
111,0.026648247291849593
112,0.025663057953710114
113,0.02417252091738266
114,0.022823827233945153
115,0.022050485422240328
116,0.020903730115539906
117,0.020181831872624994
118,0.020068431582683816
119,0.019110293636947336
120,0.01824333457200486
121,0.01745887757013944
122,0.016749071522011303
123,0.01610681245011673
124,0.015525672409793474
125,0.014999835156190066
126,0.014524037933332437
127,0.014481263075243795
128,0.01405481451054348
129,0.013708416414816288
130,0.01335551393378454
131,0.013106525636829494
132,0.012969236779314407
133,0.012686676540932256
134,0.012431005464394925
135,0.012348566032866081
136,0.012125070425265502
137,0.011975862364148292
138,0.011787834199970367
139,0.011617699281377573
140,0.01146375484092031
141,0.01132446015089597
142,0.011198421103228228
143,0.011084376256764837
144,0.010981184212350593
145,0.010887812189320958
146,0.010803325689086029
147,0.01072687914235456
148,0.010657707446392294
149,0.010595118307616627
150,0.01053848531288976
151,0.010487241660165455
152,0.010444593429118725
153,0.01040228477047954
154,0.01038247382597847
155,0.010347602721273563
156,0.010314523948819444
157,0.01028459303776026
158,0.010270172386048323
159,0.01024446208421658
160,0.010224698661447996
161,0.01020331575666074
162,0.010183967704302932
163,0.010177853507897539
164,0.010160928508874647
165,0.010145614136458512
166,0.010131757119262655
167,0.010119218771601476
168,0.010107873605477298
169,0.010100792124448203
170,0.01009120048564407
171,0.010085009262582378
172,0.01007691956166418
173,0.010069599697572675
174,0.010062976410647743
175,0.010057671333027665
176,0.010052183180071445
177,0.010047217293920751
178,0.010042723974317897
179,0.01003865825061004
180,0.010035189939148703
181,0.010031841173680155
182,0.010028811085379986
183,0.01002606934810604
184,0.01002358852163015
185,0.010022252630405813
186,0.010021895042079109
187,0.01001981145334265
188,0.010017926144290102
189,0.010016220246114796
190,0.010015930893669214
191,0.010014414868694657
192,0.010013043112571
193,0.010012390873853774
194,0.010011211726305059
195,0.010010144789481595
196,0.010009179385121044
197,0.010008305851132084
198,0.010007862150913411
199,0.0100071139683327
200,0.010006436984738151
201,0.010006303217530241
202,0.010005703387075383
203,0.010005537594618629
204,0.010005032214884638
205,0.010004553336323219
206,0.01000423490214725
207,0.010003930474757857
208,0.010003770698346527
209,0.010003701211587432
210,0.010003589310856556
211,0.010003247742767975
212,0.010003033630909607
213,0.010002744942759522
214,0.010002664350257593
215,0.010002410803807824
216,0.010002181385492862
217,0.010001973799217103
218,0.010001846441405577
219,0.010001670729273977
220,0.010001571232309693
221,0.010001551248704048
222,0.010001403627872102
223,0.010001285001932338
224,0.010001162717830627
225,0.01000113571251684
226,0.010001069252944703
227,0.010001019344957134
228,0.010000963541444146
229,0.010000955672710204
230,0.0100008897277358
231,0.010000870193413312
232,0.010000825191516901
233,0.010000785417560915
234,0.010000760910316283
235,0.010000688500125943
236,0.01000065603589215
237,0.010000593605822792
238,0.010000578255319912
239,0.010000541268522851
240,0.01000050913616784
241,0.010000486440942223
242,0.010000480014110857
243,0.01000046522236756
244,0.010000428424917546
245,0.010000413069351878
246,0.01000039850318915
247,0.01000038626184758
248,0.010000365298746032
249,0.010000358782193523
250,0.010000324639553625
251,0.010000312816107243
252,0.010000283047718798
253,0.010000262175860294
254,0.010000254834802297
255,0.010000248344153796
256,0.010000224711082905
257,0.010000221964065376
258,0.010000200841391811
259,0.010000197376979388
260,0.010000193914143357
261,0.010000190264555509
262,0.010000174812767486
263,0.01000017076963783
264,0.010000165094081298
265,0.010000163141104986
266,0.0100001601507407
267,0.010000157861095049
268,0.010000151959722335
269,0.010000150057041893
270,0.01000014804488445
271,0.010000145709585613
272,0.010000143339436753
273,0.010000142040964886
274,0.010000137237843033
275,0.010000134574170571
276,0.01000013003654172
277,0.01000012573990169
278,0.01000011891577877
279,0.010000115055601303
280,0.010000106902317946
281,0.010000105194971645
282,0.0100000992970141
283,0.0100000941995591
284,0.010000090578375278
285,0.010000089937546447
286,0.010000086549413147
287,0.010000085902720677
288,0.010000083230635991
289,0.010000075310193772
290,0.01000007360518717
291,0.010000067946151455
292,0.010000066321591054
293,0.010000064490343609
294,0.01000005975874268
295,0.010000056284292576
296,0.01000005382916933
297,0.010000052710543456
298,0.010000051998532712
299,0.010000049834897972
300,0.010000048502507668
301,0.010000046035622599
302,0.010000045160169885
303,0.010000044230540019
304,0.010000040021447628
305,0.010000039107548363
306,0.010000038792056687
307,0.010000037626760066
308,0.010000036789611205
309,0.010000035741608028
310,0.010000034970872514
311,0.010000034049505207
312,0.010000033212140977
313,0.010000032508952117
314,0.010000032259594446
315,0.010000031973757914
316,0.01000003057294603
317,0.010000029049913371
318,0.010000028412111093
319,0.010000027735564349
320,0.010000027175491007
321,0.010000026536350265
322,0.010000026372333869
323,0.010000024690424617
324,0.010000024059152877
325,0.010000023824524733
326,0.01000002366780063
327,0.01000002302810672
328,0.010000022840048339
329,0.010000021802300706
330,0.010000021464823977
331,0.010000020571682644
332,0.010000020442488433
333,0.010000019923810046
334,0.010000019584050819
335,0.01000001911580541
336,0.010000018878345061
337,0.010000017081833002
338,0.010000016927093455
339,0.010000016807336731
340,0.010000016575330926
341,0.010000016151541617
342,0.010000015986034562
343,0.010000015868174526
344,0.010000015399199095
345,0.010000015177521753
346,0.010000014888893039
347,0.010000014668693095
348,0.010000014431531515
349,0.010000013989618254
350,0.010000013629212965
351,0.010000013509802069
352,0.010000013168340493
353,0.010000011915207212
354,0.010000011536495143
355,0.010000011240412028
356,0.010000011162003893
357,0.010000010791032889
358,0.010000010703978568
359,0.010000010233999906
360,0.01000000990971413
361,0.010000009682455159
362,0.010000009475556675
363,0.010000009286070682
364,0.010000009208394386
365,0.010000008957717948
366,0.010000008706026624
367,0.010000008514030939
368,0.010000008307971714
369,0.01000000807211477
370,0.010000007957504942
371,0.010000007789802458
372,0.010000007722325129
373,0.010000007612681699
374,0.010000007273339221
375,0.010000007120767405
376,0.010000007059791378
377,0.010000006867605502
378,0.01000000662145743
379,0.010000006539204364
380,0.010000006385408728
381,0.010000006290971444
382,0.010000006139943262
383,0.010000005946575463
384,0.010000005788166075
385,0.0100000055840566
386,0.01000000553236561
387,0.01000000542661473
388,0.010000005262548954
389,0.010000005140834916
390,0.0100000050572128
391,0.010000004965507469
392,0.010000004914625235
393,0.010000004708246291
394,0.01000000454539895
395,0.010000004430956617
396,0.010000004391256924
397,0.010000004290552452
398,0.010000004106682402
399,0.010000004066633475
400,0.010000003990495868
401,0.010000003907960008
402,0.01000000386636775
403,0.010000003832876251
404,0.010000003599573985
405,0.01000000357375013
406,0.010000003542793361
407,0.01000000351878409
408,0.010000003498084388
409,0.01000000342950351
410,0.010000003408647214
411,0.010000003306583566
412,0.010000003230107767
413,0.01000000316551418
414,0.010000003079648604
415,0.010000003056026371
416,0.010000002977593729
417,0.01000000292359932
418,0.010000002835208561
419,0.010000002565402795
420,0.010000002321272442
421,0.01000000211259173
422,0.010000002088227253
423,0.010000002017815523
424,0.01000000193037735
425,0.010000001880834388
426,0.010000001861933571
427,0.010000001844328957
428,0.010000001796275765
429,0.01000000176299753
430,0.010000001741097223
431,0.010000001719984884
432,0.010000001601299524
433,0.010000001549628929
434,0.01000000151985586
435,0.010000001484110349
436,0.010000001449930322
437,0.010000001407078405
438,0.010000001391267917
439,0.010000001347452134
440,0.01000000133058075
441,0.010000001311295397
442,0.010000001296042643
443,0.010000001280070944
444,0.010000001241369866
445,0.0100000012178847
446,0.010000001189955011
447,0.010000001156635664
448,0.010000001136797958
449,0.010000001103752239
450,0.010000001056556993
451,0.010000001023589432
452,0.01000000098512721
453,0.010000000976398478
454,0.010000000927943438
455,0.010000000919445508
456,0.010000000909659888
457,0.010000000884542693
458,0.01000000085831467
459,0.010000000828379001
460,0.010000000807522388
461,0.010000000773380202
462,0.010000000724274729
463,0.010000000684282456
464,0.010000000678965814
465,0.010000000658438275
466,0.010000000644497395
467,0.010000000628270484
468,0.01000000061067859
469,0.010000000580024754
470,0.010000000569392944
471,0.010000000548984816
472,0.010000000533719694
473,0.010000000517894101
474,0.010000000499231934
475,0.010000000494511687
476,0.010000000476215644
477,0.010000000464829552
478,0.010000000442380683
479,0.010000000429177584
480,0.010000000416701769
481,0.010000000412926984
482,0.010000000404588615
483,0.010000000394323163
484,0.010000000384126061
485,0.010000000374716891
486,0.010000000365574755
487,0.01000000035540955
488,0.010000000340042559
489,0.010000000330422051
490,0.010000000308114288
491,0.010000000301439936
492,0.010000000297487075
493,0.010000000292589552
494,0.010000000288291113
495,0.010000000282356591
496,0.010000000272945129
497,0.010000000267888482
498,0.010000000259425814
499,0.010000000251406408
500,0.010000000241283065
501,0.010000000231312773
502,0.01000000022553397
503,0.010000000219196984
504,0.010000000213315182
505,0.01000000020769503
506,0.010000000201738198
507,0.010000000193808548
508,0.010000000189117933
509,0.010000000186451436
510,0.010000000180868602
511,0.01000000017496235
512,0.01000000017344678
513,0.01000000016766548
514,0.010000000164131972
515,0.010000000160287778
516,0.010000000154805705
517,0.010000000151512907
518,0.010000000147979065
519,0.010000000143921902
520,0.010000000139152549
521,0.010000000137506447
522,0.010000000133923777
523,0.010000000130212901
524,0.010000000126693503
525,0.010000000123614865
526,0.010000000121251974
527,0.010000000109713324
528,0.01000000009927272
529,0.010000000094176512
530,0.010000000091493764
531,0.010000000090474751
532,0.010000000088152725
533,0.010000000085027168
534,0.010000000082398796
535,0.010000000080638066
536,0.010000000078986016
537,0.010000000076475531
538,0.010000000074096687
539,0.01000000007105618
540,0.010000000069142586
541,0.010000000067793805
542,0.010000000066424822
543,0.010000000064992432
544,0.01000000006238163
545,0.010000000060713788
546,0.010000000059428317
547,0.010000000053772965
548,0.010000000051237457
549,0.010000000048694732
550,0.010000000047587535
551,0.010000000046394033
552,0.01000000004513558
553,0.010000000042303543
554,0.010000000041387166
555,0.010000000040738389
556,0.010000000039203689
557,0.010000000038220455
558,0.010000000035983872
559,0.010000000033688982
560,0.010000000031666864
561,0.010000000030602167
562,0.01000000002977505
563,0.010000000029118416
564,0.010000000028111277
565,0.010000000027280463
566,0.010000000026255377
567,0.010000000025441222
568,0.010000000024929971
569,0.010000000023747346
570,0.010000000022620822
571,0.010000000022115325
572,0.010000000021614639
573,0.010000000020632569
574,0.010000000020111078
575,0.01000000001926463
576,0.010000000017820879
577,0.010000000016980587
578,0.010000000016022128
579,0.010000000015570385
580,0.010000000015259018
581,0.010000000014855508
582,0.010000000014225992
583,0.010000000013628602
584,0.010000000013374777
585,0.010000000013153274
586,0.010000000012816979
587,0.01000000001211532
588,0.010000000011900385
589,0.010000000011494524
590,0.010000000011132522
591,0.010000000010971169
592,0.010000000010727074
593,0.010000000010435056
594,0.010000000010260185
595,0.010000000010044958
596,0.010000000009184074
597,0.010000000008947471
598,0.010000000008271956
599,0.010000000008100057
600,0.01000000000789138
601,0.01000000000763445
602,0.010000000007471315
603,0.010000000006760325
604,0.010000000006617852
605,0.010000000006492002
606,0.010000000006327283
607,0.01000000000620882
608,0.01000000000590306
609,0.010000000005734902
610,0.010000000005459028
611,0.010000000005348791
612,0.010000000005192787
613,0.01000000000506154
614,0.01000000000494151
615,0.010000000004822396
616,0.010000000004729271
617,0.010000000004599607
618,0.010000000004463222
619,0.010000000004371783
620,0.010000000004233253
621,0.010000000004160231
622,0.01000000000402277
623,0.010000000003885963
624,0.0100000000038239
625,0.0100000000035225
626,0.010000000003454131
627,0.010000000003378633
628,0.010000000003256234
629,0.010000000003191756
630,0.010000000003036092
631,0.01000000000296973
632,0.010000000002899306
633,0.010000000002819533
634,0.010000000002713044
635,0.010000000002658525
636,0.010000000002599896
637,0.010000000002540019
638,0.010000000002475324
639,0.010000000002418075
640,0.010000000002369008
641,0.010000000002248743
642,0.010000000002203774
643,0.010000000002158409
644,0.010000000002101541
645,0.010000000001980543
646,0.010000000001933962
647,0.010000000001896046
648,0.010000000001814247
649,0.010000000001732855
650,0.010000000001693963
651,0.010000000001580705
652,0.0100000000015323
653,0.010000000001481818
654,0.010000000001416615
655,0.010000000001379981
656,0.010000000001322958
657,0.01000000000126083
658,0.010000000001229208
659,0.010000000001199218
660,0.010000000001172888
661,0.010000000001142786
662,0.010000000001082712
663,0.010000000001039011
664,0.010000000001013256
665,0.01000000000096172
666,0.010000000000926601
667,0.010000000000868462
668,0.010000000000831327
669,0.010000000000811856
670,0.010000000000771876
671,0.010000000000749139
672,0.010000000000722506
673,0.010000000000706643
674,0.01000000000068665
675,0.01000000000067171
676,0.010000000000657684
677,0.010000000000639268
678,0.010000000000608151
679,0.010000000000591773
680,0.010000000000575951
681,0.010000000000554364
682,0.010000000000523701
683,0.010000000000508833
684,0.01000000000049508
685,0.010000000000465411
686,0.010000000000449134
687,0.010000000000433383
688,0.010000000000421796
689,0.010000000000409454
690,0.010000000000381124
