,0
0,1.0
1,0.9934875148413276
2,0.9823394220347177
3,0.9731459357279194
4,0.9661405710876717
5,0.9565321554978157
6,0.9500235640880603
7,0.9402049545733969
8,0.9336238898217272
9,0.920054914348992
10,0.9083007679511367
11,0.900430401595165
12,0.8928055340663626
13,0.8841962940112897
14,0.876103956173372
15,0.8668860475995485
16,0.858105419173602
17,0.8494147670470368
18,0.8411455609620223
19,0.8310671881972574
20,0.8238734956117341
21,0.8163395592075926
22,0.8077577206381531
23,0.8000568802049756
24,0.7937616396999362
25,0.7846450644775922
26,0.7785494777379386
27,0.7725781104189284
28,0.7623524842064336
29,0.7568056245163062
30,0.7505587309550176
31,0.7434100384749008
32,0.733503181277804
33,0.7263042043410841
34,0.7165577523797007
35,0.7112082672539232
36,0.7002852673736947
37,0.6915740776183302
38,0.6843875482907557
39,0.6785458249637221
40,0.6729535604275555
41,0.6665539989424274
42,0.6584629972385415
43,0.6481063378029653
44,0.6398646425012035
45,0.6316050623777575
46,0.6247433988698188
47,0.6182615334204336
48,0.6072315792561704
49,0.6017030729699705
50,0.5892910006594976
51,0.5820949322772062
52,0.5771392946477276
53,0.5713277407940904
54,0.5661315923461742
55,0.5596627691245032
56,0.5542479552641991
57,0.540810425370326
58,0.5226559426796702
59,0.5166928204395843
60,0.507255979663396
61,0.4975558963910074
62,0.48799723269258244
63,0.4799869569405134
64,0.4711876191293818
65,0.466918456646966
66,0.4590817503098017
67,0.4456786555821186
68,0.43940689522485094
69,0.42430604635707975
70,0.41740384560360805
71,0.4123429937539601
72,0.4044155082707151
73,0.396876276569588
74,0.3905451930807774
75,0.38593074708016556
76,0.37668565059519404
77,0.3705046816289081
78,0.36058561540200795
79,0.35309416503857494
80,0.34302079754777737
81,0.32372127834389436
82,0.3128400999049731
83,0.30845075463595045
84,0.2800494102356771
85,0.25435081109978364
86,0.2310977570105207
87,0.21005752358694152
88,0.20309937313936105
89,0.19757991034575578
90,0.17972932175267042
91,0.16357744125968093
92,0.14896261541797892
93,0.13573857413832807
94,0.12377296677084783
95,0.11294603749522497
96,0.10314942676421245
97,0.0942850868048597
98,0.09189229785307154
99,0.084099215346405
100,0.08134340750791351
101,0.07455418464334775
102,0.06841104175610337
103,0.06285249620738319
104,0.05782291620504395
105,0.05327196402192202
106,0.04915409219894085
107,0.045428087690831544
108,0.04205665939212357
109,0.03900606491522728
110,0.03624577288527769
111,0.03374815737187286
112,0.03148822139947707
113,0.03032608310125371
114,0.028391800552122752
115,0.026641589324615085
116,0.0250579327164995
117,0.02362498096015661
118,0.02232839259277722
119,0.02115519092218219
120,0.020093634151725506
121,0.019332518770681734
122,0.019052173939085808
123,0.01890047764369239
124,0.018755700230057525
125,0.018657317725478354
126,0.01783346501783878
127,0.017088012261016253
128,0.01641349871326517
129,0.016002073201501356
130,0.015430900418509311
131,0.014914081912294378
132,0.014446445189537655
133,0.014023309984739664
134,0.013640441418550133
135,0.013294007613672068
136,0.013202093911407396
137,0.013131477516365729
138,0.012833478030546025
139,0.01256383694522088
140,0.012319855601778864
141,0.012099092152929845
142,0.011899337123876584
143,0.011718591299148333
144,0.011555045713780443
145,0.011407063548584982
146,0.01127316374831415
147,0.011152006198761558
148,0.011042378314448828
149,0.010943182902662553
150,0.010853427182380847
151,0.01077221284818719
152,0.010698727079727893
153,0.010632234406732792
154,0.010585320887279384
155,0.010529620240368395
156,0.010479220210834523
157,0.010433616378242158
158,0.010392352324106739
159,0.010355015063905149
160,0.010321230913787807
161,0.010290661750625091
162,0.01026300162795742
163,0.010237973713980246
164,0.010215327520918313
165,0.010194836398059811
166,0.010176295263359865
167,0.01015951855091051
168,0.010144338353734702
169,0.010130602743316869
170,0.010118174249051249
171,0.01010692848238987
172,0.010096752891920155
173,0.010089215984513242
174,0.010080725961074498
175,0.01007304387018712
176,0.010066092826903468
177,0.010059803262846032
178,0.01005411222994373
179,0.010048962770426452
180,0.010044303346772558
181,0.010040087325904033
182,0.01003627251246697
183,0.01003282072652629
184,0.010029697421448113
185,0.010026871338145437
186,0.010024314192226689
187,0.010022000390916027
188,0.01001990677691224
189,0.01001801239662269
190,0.010016298290452714
191,0.010014747303051633
192,0.010013343911616233
193,0.010012074070533332
194,0.010010925070806564
195,0.010009885412860471
196,0.010008944691448888
197,0.01000809349151574
198,0.010007323293966
199,0.010006626390403714
200,0.010005995805983795
201,0.010005425229605422
202,0.010004908950748423
203,0.010004441802320468
204,0.010004019108943078
205,0.01000363664015886
206,0.010003290568091669
207,0.010002977429135937
208,0.010002694089291745
209,0.010002437712798701
210,0.01000220573375469
211,0.01000199583043547
212,0.010001805902058068
213,0.010001634047755448
214,0.010001478547551988
215,0.010001337845149384
216,0.0100012105323507
217,0.010001095334966657
218,0.010000991100063115
219,0.010000896784422125
220,0.010000811444101051
221,0.010000734224985276
222,0.010000664354239935
223,0.010000601132575124
224,0.010000543927247172
225,0.010000492165725931
226,0.010000445329964696
227,0.01000040295121543
228,0.010000364605337363
229,0.010000329908552062
230,0.010000298513602436
231,0.010000270106277277
232,0.010000244402266528
233,0.010000221144315808
234,0.010000200099651729
235,0.01000018105765222
236,0.01000016382773855
237,0.010000148237467954
238,0.01000013413080776
239,0.010000121366573772
240,0.010000109817017247
241,0.010000099366546342
242,0.010000089910569231
243,0.010000081354447318
244,0.010000073612548057
245,0.01000006660738792
246,0.010000062571850292
247,0.010000060274884095
248,0.010000057709136227
249,0.01000005221738582
250,0.010000047248244562
251,0.010000042751979616
252,0.010000038683590852
253,0.010000038050548563
254,0.010000034429560116
255,0.01000003115315428
256,0.01000002997655275
257,0.010000027123906593
258,0.010000024542725609
259,0.010000022207176471
260,0.01000002009388422
261,0.0100000197591268
262,0.010000017878797276
263,0.010000016950807978
264,0.010000015337725324
265,0.010000014960531515
266,0.010000014611596598
267,0.010000013221119338
268,0.010000011962963486
269,0.010000011714360718
270,0.010000011499637359
271,0.01000001056995456
272,0.010000009736829008
273,0.01000000881024722
274,0.010000007971841347
275,0.010000007841385187
276,0.010000007258807076
277,0.010000006568040253
278,0.010000005943008584
279,0.010000005377456543
280,0.010000004865723893
281,0.010000004402689045
282,0.010000003983717788
283,0.010000003604616918
284,0.010000003261592266
285,0.010000003127129531
286,0.010000002829543811
287,0.010000002560277117
288,0.010000002447373727
289,0.010000002214475324
290,0.010000002003740134
291,0.010000001813059049
292,0.010000001640523669
293,0.010000001532216685
294,0.010000001474347472
295,0.010000001448191447
296,0.01000000131037781
297,0.010000001185678875
298,0.010000001072846612
299,0.010000000970751759
300,0.010000000927108664
301,0.01000000083888261
302,0.010000000759052375
303,0.010000000741645065
304,0.010000000704980949
305,0.010000000661341785
306,0.010000000598406793
307,0.010000000580895441
308,0.010000000525615931
309,0.010000000475596961
310,0.010000000430337927
311,0.010000000389385859
312,0.010000000357941933
313,0.010000000337873233
314,0.010000000335114001
315,0.010000000332344066
316,0.010000000300717347
317,0.010000000272100308
318,0.01000000024620654
319,0.01000000022277689
320,0.010000000201576865
321,0.010000000182394289
322,0.010000000165037177
323,0.01000000015840749
324,0.0100000001465506
325,0.010000000132604466
326,0.010000000119985482
327,0.010000000108567353
328,0.010000000098235803
329,0.01000000008888743
330,0.010000000085078193
331,0.010000000079509042
332,0.010000000078450727
333,0.010000000071049068
334,0.010000000064287855
335,0.010000000058170056
336,0.01000000005700681
337,0.010000000054596551
338,0.010000000049401003
339,0.010000000044699876
340,0.01000000004044612
341,0.010000000037101995
342,0.010000000033571274
343,0.010000000030376545
344,0.010000000028221124
345,0.010000000026930803
346,0.010000000024368
347,0.010000000022049078
348,0.010000000019950831
349,0.010000000018052258
350,0.010000000016334358
351,0.010000000015140462
352,0.010000000013699656
353,0.010000000012759431
354,0.010000000011819736
355,0.010000000011469263
356,0.010000000011179377
357,0.010000000010954723
358,0.010000000009912243
359,0.010000000009635659
360,0.010000000008718705
361,0.010000000008402008
362,0.010000000007658152
363,0.010000000006929383
364,0.010000000006269964
365,0.010000000005673299
366,0.010000000005263892
367,0.010000000004762966
368,0.01000000000469581
369,0.010000000004248945
370,0.010000000003844605
371,0.010000000003703102
372,0.010000000003350705
373,0.010000000003206791
374,0.010000000002901624
375,0.010000000002798742
376,0.010000000002536463
377,0.010000000002295086
378,0.01000000000207668
379,0.01000000000196712
380,0.010000000001779924
381,0.010000000001683997
382,0.010000000001523743
383,0.01000000000137874
384,0.01000000000129404
385,0.010000000001190019
386,0.010000000001076774
387,0.010000000000974306
388,0.010000000000951392
389,0.010000000000860855
390,0.010000000000778934
391,0.010000000000761072
392,0.010000000000749291
393,0.010000000000677987
394,0.010000000000613468
395,0.010000000000561341
396,0.010000000000507922
397,0.010000000000492566
398,0.010000000000486205
399,0.010000000000439936
400,0.01000000000039807
401,0.01000000000036019
402,0.010000000000345444
403,0.01000000000032222
404,0.010000000000291557
405,0.01000000000027781
406,0.010000000000263232
407,0.01000000000024246
408,0.010000000000219387
409,0.01000000000019851
410,0.010000000000179619
411,0.010000000000165097
412,0.010000000000149386
413,0.01000000000013887
414,0.010000000000125655
415,0.01000000000011911
416,0.010000000000107775
417,0.01000000000009752
418,0.0100000000000905
419,0.01000000000008564
420,0.01000000000008211
421,0.01000000000007563
422,0.010000000000071806
423,0.010000000000068949
424,0.010000000000062388
425,0.010000000000060683
426,0.010000000000054908
427,0.010000000000049683
428,0.010000000000044956
429,0.010000000000042546
430,0.010000000000038497
431,0.010000000000034833
432,0.010000000000032662
433,0.010000000000029553
434,0.010000000000026741
435,0.010000000000025065
436,0.010000000000023011
437,0.010000000000020822
438,0.010000000000019639
439,0.01000000000001777
440,0.010000000000016922
441,0.010000000000015313
442,0.010000000000013855
443,0.010000000000012537
444,0.010000000000011694
445,0.010000000000010582
446,0.010000000000009576
447,0.010000000000008986
448,0.010000000000008192
449,0.010000000000007413
450,0.010000000000006707
451,0.010000000000006068
452,0.01000000000000549
453,0.010000000000004968
454,0.010000000000004495
455,0.010000000000004181
456,0.010000000000003784
457,0.010000000000003423
458,0.010000000000003185
459,0.010000000000002951
460,0.010000000000002784
461,0.010000000000002519
462,0.01000000000000228
463,0.010000000000002179
464,0.010000000000002065
465,0.010000000000001943
466,0.010000000000001792
467,0.010000000000001622
468,0.010000000000001468
469,0.010000000000001327
470,0.0100000000000012
471,0.01000000000000111
472,0.010000000000001005
473,0.010000000000000933
474,0.010000000000000845
475,0.010000000000000765
476,0.010000000000000692
477,0.010000000000000639
478,0.010000000000000578
479,0.010000000000000522
480,0.010000000000000472
481,0.010000000000000427
482,0.010000000000000387
483,0.01000000000000035
484,0.010000000000000318
485,0.010000000000000288
486,0.01000000000000026
487,0.010000000000000241
488,0.010000000000000219
489,0.010000000000000198
490,0.010000000000000186
491,0.010000000000000168
492,0.010000000000000153
493,0.010000000000000139
494,0.01000000000000013
495,0.010000000000000118
496,0.010000000000000108
497,0.010000000000000097
498,0.01000000000000009
499,0.010000000000000085
500,0.010000000000000082
501,0.010000000000000078
502,0.010000000000000073
503,0.010000000000000068
504,0.010000000000000061
505,0.010000000000000056
506,0.010000000000000052
507,0.010000000000000047
508,0.010000000000000042
509,0.010000000000000038
510,0.010000000000000035
511,0.010000000000000033
512,0.010000000000000031
513,0.01000000000000003
514,0.010000000000000026
515,0.010000000000000024
516,0.010000000000000024
517,0.010000000000000023
518,0.010000000000000021
519,0.01000000000000002
520,0.010000000000000018
521,0.010000000000000016
522,0.010000000000000014
523,0.010000000000000014
524,0.010000000000000014
525,0.010000000000000014
526,0.010000000000000014
527,0.010000000000000014
528,0.010000000000000014
529,0.010000000000000014
530,0.010000000000000012
531,0.010000000000000012
532,0.010000000000000012
533,0.01000000000000001
534,0.01000000000000001
535,0.01000000000000001
536,0.01000000000000001
537,0.01000000000000001
538,0.01000000000000001
539,0.01000000000000001
540,0.01000000000000001
541,0.01000000000000001
542,0.01000000000000001
543,0.01000000000000001
544,0.01000000000000001
545,0.01000000000000001
546,0.01000000000000001
547,0.01000000000000001
548,0.01000000000000001
549,0.01000000000000001
550,0.01000000000000001
551,0.01000000000000001
552,0.01000000000000001
553,0.01000000000000001
554,0.01000000000000001
555,0.01000000000000001
556,0.01000000000000001
557,0.01000000000000001
558,0.01000000000000001
559,0.01000000000000001
560,0.01000000000000001
561,0.01000000000000001
562,0.01000000000000001
563,0.01000000000000001
564,0.01000000000000001
565,0.01000000000000001
566,0.01000000000000001
567,0.010000000000000009
568,0.010000000000000009
569,0.010000000000000009
570,0.010000000000000009
571,0.010000000000000009
572,0.010000000000000009
573,0.010000000000000009
574,0.010000000000000009
575,0.010000000000000009
576,0.010000000000000009
577,0.010000000000000009
578,0.010000000000000009
579,0.010000000000000009
580,0.010000000000000009
581,0.010000000000000009
582,0.010000000000000009
583,0.010000000000000009
584,0.010000000000000009
585,0.010000000000000009
586,0.010000000000000009
587,0.010000000000000009
588,0.010000000000000009
589,0.010000000000000009
590,0.010000000000000009
591,0.010000000000000009
592,0.010000000000000009
593,0.010000000000000009
594,0.010000000000000009
595,0.010000000000000009
596,0.010000000000000009
597,0.010000000000000009
598,0.010000000000000009
599,0.010000000000000009
600,0.010000000000000009
601,0.010000000000000009
602,0.010000000000000009
603,0.010000000000000009
604,0.010000000000000009
605,0.010000000000000009
606,0.010000000000000009
607,0.010000000000000009
608,0.010000000000000009
609,0.010000000000000009
610,0.010000000000000009
611,0.010000000000000009
612,0.010000000000000009
613,0.010000000000000009
614,0.010000000000000009
615,0.010000000000000009
616,0.010000000000000009
617,0.010000000000000009
618,0.010000000000000009
619,0.010000000000000009
620,0.010000000000000009
621,0.010000000000000009
622,0.010000000000000009
623,0.010000000000000009
624,0.010000000000000009
625,0.010000000000000009
626,0.010000000000000009
627,0.010000000000000009
628,0.010000000000000009
629,0.010000000000000009
630,0.010000000000000009
631,0.010000000000000009
632,0.010000000000000009
633,0.010000000000000009
634,0.010000000000000009
635,0.010000000000000009
636,0.010000000000000009
637,0.010000000000000009
638,0.010000000000000009
639,0.010000000000000009
640,0.010000000000000009
641,0.010000000000000009
642,0.010000000000000009
643,0.010000000000000009
644,0.010000000000000009
645,0.010000000000000009
646,0.010000000000000009
647,0.010000000000000009
648,0.010000000000000009
649,0.010000000000000009
650,0.010000000000000009
651,0.010000000000000009
652,0.010000000000000009
653,0.010000000000000009
654,0.010000000000000009
655,0.010000000000000009
656,0.010000000000000009
657,0.010000000000000009
658,0.010000000000000009
659,0.010000000000000009
660,0.010000000000000009
661,0.010000000000000009
662,0.010000000000000009
663,0.010000000000000009
664,0.010000000000000009
665,0.010000000000000009
666,0.010000000000000009
667,0.010000000000000009
668,0.010000000000000009
669,0.010000000000000009
670,0.010000000000000009
671,0.010000000000000009
672,0.010000000000000009
673,0.010000000000000009
674,0.010000000000000009
675,0.010000000000000009
676,0.010000000000000009
677,0.010000000000000009
678,0.010000000000000009
679,0.010000000000000009
680,0.010000000000000009
681,0.010000000000000009
682,0.010000000000000009
683,0.010000000000000009
684,0.010000000000000009
685,0.010000000000000009
686,0.010000000000000009
687,0.010000000000000009
688,0.010000000000000009
689,0.010000000000000009
690,0.010000000000000009
691,0.010000000000000009
692,0.010000000000000009
693,0.010000000000000009
694,0.010000000000000009
695,0.010000000000000009
696,0.010000000000000009
697,0.010000000000000009
698,0.010000000000000009
699,0.010000000000000009
700,0.010000000000000009
701,0.010000000000000009
702,0.010000000000000009
703,0.010000000000000009
704,0.010000000000000009
705,0.010000000000000009
706,0.010000000000000009
707,0.010000000000000009
708,0.010000000000000009
709,0.010000000000000009
710,0.010000000000000009
711,0.010000000000000009
712,0.010000000000000009
713,0.010000000000000009
714,0.010000000000000009
715,0.010000000000000009
716,0.010000000000000009
717,0.010000000000000009
718,0.010000000000000009
719,0.010000000000000009
720,0.010000000000000009
721,0.010000000000000009
722,0.010000000000000009
723,0.010000000000000009
724,0.010000000000000009
725,0.010000000000000009
726,0.010000000000000009
727,0.010000000000000009
728,0.010000000000000009
729,0.010000000000000009
730,0.010000000000000009
731,0.010000000000000009
732,0.010000000000000009
733,0.010000000000000009
734,0.010000000000000009
735,0.010000000000000009
736,0.010000000000000009
737,0.010000000000000009
738,0.010000000000000009
739,0.010000000000000009
740,0.010000000000000009
741,0.010000000000000009
742,0.010000000000000009
743,0.010000000000000009
744,0.010000000000000009
745,0.010000000000000009
746,0.010000000000000009
747,0.010000000000000009
748,0.010000000000000009
749,0.010000000000000009
750,0.010000000000000009
751,0.010000000000000009
752,0.010000000000000009
753,0.010000000000000009
754,0.010000000000000009
755,0.010000000000000009
756,0.010000000000000009
757,0.010000000000000009
758,0.010000000000000009
759,0.010000000000000009
760,0.010000000000000009
761,0.010000000000000009
762,0.010000000000000009
763,0.010000000000000009
764,0.010000000000000009
765,0.010000000000000009
766,0.010000000000000009
767,0.010000000000000009
768,0.010000000000000009
769,0.010000000000000009
770,0.010000000000000009
771,0.010000000000000009
772,0.010000000000000009
773,0.010000000000000009
774,0.010000000000000009
775,0.010000000000000009
776,0.010000000000000009
777,0.010000000000000009
778,0.010000000000000009
779,0.010000000000000009
780,0.010000000000000009
781,0.010000000000000009
782,0.010000000000000009
783,0.010000000000000009
784,0.010000000000000009
785,0.010000000000000009
786,0.010000000000000009
787,0.010000000000000009
788,0.010000000000000009
789,0.010000000000000009
790,0.010000000000000009
791,0.010000000000000009
792,0.010000000000000009
793,0.010000000000000009
794,0.010000000000000009
795,0.010000000000000009
796,0.010000000000000009
797,0.010000000000000009
798,0.010000000000000009
799,0.010000000000000009
800,0.010000000000000009
801,0.010000000000000009
802,0.010000000000000009
803,0.010000000000000009
804,0.010000000000000009
805,0.010000000000000009
806,0.010000000000000009
807,0.010000000000000009
808,0.010000000000000009
809,0.010000000000000009
810,0.010000000000000009
811,0.010000000000000009
812,0.010000000000000009
813,0.010000000000000009
814,0.010000000000000009
815,0.010000000000000009
816,0.010000000000000009
817,0.010000000000000009
818,0.010000000000000009
819,0.010000000000000009
820,0.010000000000000009
821,0.010000000000000009
822,0.010000000000000009
823,0.010000000000000009
824,0.010000000000000009
825,0.010000000000000009
826,0.010000000000000009
827,0.010000000000000009
828,0.010000000000000009
829,0.010000000000000009
830,0.010000000000000009
831,0.010000000000000009
832,0.010000000000000009
833,0.010000000000000009
834,0.010000000000000009
835,0.010000000000000009
836,0.010000000000000009
837,0.010000000000000009
838,0.010000000000000009
839,0.010000000000000009
840,0.010000000000000009
841,0.010000000000000009
842,0.010000000000000009
843,0.010000000000000009
844,0.010000000000000009
845,0.010000000000000009
846,0.010000000000000009
847,0.010000000000000009
848,0.010000000000000009
849,0.010000000000000009
850,0.010000000000000009
851,0.010000000000000009
852,0.010000000000000009
853,0.010000000000000009
854,0.010000000000000009
855,0.010000000000000009
856,0.010000000000000009
857,0.010000000000000009
858,0.010000000000000009
859,0.010000000000000009
860,0.010000000000000009
861,0.010000000000000009
862,0.010000000000000009
863,0.010000000000000009
864,0.010000000000000009
865,0.010000000000000009
866,0.010000000000000009
867,0.010000000000000009
868,0.010000000000000009
869,0.010000000000000009
870,0.010000000000000009
871,0.010000000000000009
872,0.010000000000000009
873,0.010000000000000009
874,0.010000000000000009
875,0.010000000000000009
876,0.010000000000000009
877,0.010000000000000009
878,0.010000000000000009
879,0.010000000000000009
880,0.010000000000000009
881,0.010000000000000009
882,0.010000000000000009
883,0.010000000000000009
884,0.010000000000000009
885,0.010000000000000009
886,0.010000000000000009
887,0.010000000000000009
888,0.010000000000000009
889,0.010000000000000009
890,0.010000000000000009
891,0.010000000000000009
892,0.010000000000000009
893,0.010000000000000009
894,0.010000000000000009
