,0
0,1.0
1,0.9914243581329146
2,0.982728435601058
3,0.9719908537928169
4,0.9576686758602482
5,0.948614585739873
6,0.9377895630611425
7,0.9281905529766674
8,0.9180549942561607
9,0.9120815652931792
10,0.9039098606964201
11,0.8982959310205717
12,0.8904251740564653
13,0.8800972118183145
14,0.873682257057026
15,0.8631240314949246
16,0.8536223510765493
17,0.8468166104925404
18,0.837993201107429
19,0.8265637145671559
20,0.815936490203637
21,0.8058453978139255
22,0.7974539896318675
23,0.787983210124462
24,0.7734937534273589
25,0.7636325711952373
26,0.752635201103272
27,0.7433367011379811
28,0.7319854188054941
29,0.7203124496258989
30,0.7109979363249637
31,0.7038147146778522
32,0.6957443860009456
33,0.6856701026733363
34,0.6786795475005225
35,0.6680000077665836
36,0.6583981541810244
37,0.6502155670318174
38,0.6428319740878267
39,0.633410333436494
40,0.6284429468082156
41,0.6200890579368261
42,0.611908200687504
43,0.6049069121444538
44,0.5973993681718215
45,0.5924858790248776
46,0.58021013063386
47,0.5738030244842462
48,0.5686398237998634
49,0.5597727126723163
50,0.554247955264199
51,0.5475947067732874
52,0.5362124050599308
53,0.5228610460746862
54,0.5100484246980219
55,0.5047759051182614
56,0.49726345059568455
57,0.49024910744658473
58,0.4648669429597788
59,0.45966593622377544
60,0.4535031672128962
61,0.4439394217464391
62,0.4390206028767797
63,0.42014261600471975
64,0.41456197682938034
65,0.40500757547250965
66,0.3999836999025696
67,0.39621914561898647
68,0.3849920940176747
69,0.3771626519246539
70,0.3712625369298827
71,0.366632180215588
72,0.36044540919895685
73,0.3526141692829488
74,0.3433539849112409
75,0.3335989508724756
76,0.32715954478832904
77,0.3206928933561734
78,0.3112392932603046
79,0.3060134649924049
80,0.30006497312032565
81,0.29281838517283354
82,0.2840210540757676
83,0.2722517559931258
84,0.26399255184117
85,0.2586894534334332
86,0.25349707816508876
87,0.24917725819682668
88,0.2407430936971683
89,0.2299070469332963
90,0.2242631522793487
91,0.2194751136673002
92,0.21407854477092805
93,0.2117249111187872
94,0.20824525843486463
95,0.19593644897055426
96,0.1926195346739561
97,0.18918251856447024
98,0.18588052743255337
99,0.18238062072587677
100,0.17893346566727136
101,0.17242314615043397
102,0.1666955801455696
103,0.16334724778605786
104,0.15799891506992556
105,0.15054179855312688
106,0.1465928964372082
107,0.14252945771963282
108,0.1388958795432116
109,0.12662981484135363
110,0.1224046091317002
111,0.11801876295814273
112,0.11687981117957799
113,0.11480536288334098
114,0.11209512157006495
115,0.10399155550004031
116,0.10086773095185059
117,0.09222052305725872
118,0.08666957414210168
119,0.07937349950865585
120,0.07277173817553106
121,0.06679821749637681
122,0.06139315246846645
123,0.056502447384295586
124,0.05550421427646789
125,0.05117391575567426
126,0.04725569962279441
127,0.04371035105381257
128,0.04129019980130095
129,0.03831254359803844
130,0.03561824884727964
131,0.03318035014157521
132,0.0309744481712724
133,0.02897846552802317
134,0.02717242574666095
135,0.025538253374022928
136,0.02405959306373944
137,0.022721645886430282
138,0.021511021217045363
139,0.020415602716988474
140,0.019424427069728176
141,0.018527574256241047
142,0.01799490883227732
143,0.0172340926652307
144,0.01654567772904022
145,0.015922774135640236
146,0.015359147656502873
147,0.014849157328383523
148,0.0143876989966647
149,0.013970154231261057
150,0.013726632247592368
151,0.013371996300881022
152,0.013051108426515991
153,0.012760757070796488
154,0.012498036299764013
155,0.012260316715638571
156,0.012045219140921925
157,0.011850590806789518
158,0.01167448380745651
159,0.011597444145761335
160,0.011445427236307346
161,0.011307876648459192
162,0.01118341572970134
163,0.0110707988333261
164,0.010968898851582707
165,0.010876695935204102
166,0.010793267286412701
167,0.010717777923250061
168,0.010649472322796798
169,0.010587666859645272
170,0.010531742963946728
171,0.010481140930556345
172,0.010435354317316023
173,0.010393924876411038
174,0.010356437968071898
175,0.01032251841072016
176,0.010291826726025091
177,0.01028246657418326
178,0.010255586325665445
179,0.01023126407100042
180,0.010209256384888505
181,0.010189343007010054
182,0.010171324637586143
183,0.010155020942719391
184,0.010149674093765427
185,0.010135430720549581
186,0.010122542783504832
187,0.010110881295825451
188,0.010100329545423182
189,0.010090781926833433
190,0.010082142884280294
191,0.010074325955322207
192,0.010067252905506802
193,0.01006085294537419
194,0.01005794882086423
195,0.010053579161907888
196,0.010048480430521265
197,0.010043866907578133
198,0.01003969241939022
199,0.010035915186276646
200,0.010032497404418842
201,0.010029404867507216
202,0.010026606624392918
203,0.010024074669318341
204,0.010021783661626078
205,0.01001971067214111
206,0.010017834953687915
207,0.010016137733445764
208,0.010014602025064018
209,0.010013212458657023
210,0.010011955126977128
211,0.010010817446226276
212,0.010009788030113128
213,0.01000885657589522
214,0.01000801376126567
215,0.010007251151052386
216,0.01000656111279603
217,0.010005936740361803
218,0.010005371784820524
219,0.010004860591907248
220,0.010004398045431481
221,0.010003979516072625
222,0.010003600815048187
223,0.010003258152191026
224,0.010002948098016096
225,0.010002667549397002
226,0.010002413698508867
227,0.01000218400472668
228,0.010001976169197867
229,0.0100017881118346
230,0.010001617950495579
231,0.01000146398214893
232,0.010001324665827689
233,0.010001198607207287
234,0.01000108454465068
235,0.010000981336581467
236,0.010000887950058598
237,0.010000803450438366
238,0.01000072699202017
239,0.010000657809582463
240,0.010000595210724156
241,0.010000538568934833
242,0.01000048731732443
243,0.010000440942949601
244,0.01000039898168002
245,0.010000361013553193
246,0.010000326658571347
247,0.010000295572898277
248,0.010000267445418118
249,0.010000241994621595
250,0.010000218965788583
251,0.010000198128438779
252,0.010000179274024985
253,0.010000162213845889
254,0.010000146777157484
255,0.010000132809464204
256,0.010000120170972682
257,0.010000108735192643
258,0.010000098387670962
259,0.01000008902484616
260,0.01000008055301194
261,0.010000074337497477
262,0.010000067263349281
263,0.010000060862395292
264,0.010000055070572611
265,0.010000049829914731
266,0.010000045087971386
267,0.010000040797283614
268,0.010000036914908769
269,0.010000033401990738
270,0.010000030223371056
271,0.01000002734723703
272,0.010000024744803345
273,0.010000022390023969
274,0.010000020259331478
275,0.010000018331401185
276,0.010000016586937718
277,0.010000015008481897
278,0.010000013580236009
279,0.010000012287905686
280,0.010000011118556855
281,0.010000010060486278
282,0.010000009103104428
283,0.010000008236829507
284,0.010000007452991544
285,0.010000006743745625
286,0.01000000610199338
287,0.010000005521311934
288,0.010000004995889634
289,0.010000004520467877
290,0.010000004090288481
291,0.010000003701046069
292,0.010000003348844969
293,0.010000003030160236
294,0.010000002741802363
295,0.01000000248088537
296,0.010000002244797914
297,0.010000002218686826
298,0.01000000200755086
299,0.010000001816507138
300,0.010000001670988724
301,0.010000001511973123
302,0.010000001368089857
303,0.010000001237898893
304,0.010000001120097237
305,0.010000001013505892
306,0.010000000917058055
307,0.010000000829788443
308,0.010000000750823633
309,0.010000000679373316
310,0.010000000614722398
311,0.010000000556223828
312,0.010000000503292132
313,0.010000000455397553
314,0.010000000412060747
315,0.010000000372847982
316,0.010000000368032327
317,0.01000000033300942
318,0.010000000301319385
319,0.010000000272645054
320,0.010000000246699448
321,0.010000000223222892
322,0.010000000201980426
323,0.010000000182759447
324,0.010000000165367586
325,0.01000000014963078
326,0.010000000135391528
327,0.010000000133549312
328,0.010000000120840414
329,0.010000000109340929
330,0.010000000098935764
331,0.010000000089520782
332,0.010000000081001752
333,0.010000000073293417
334,0.010000000066318626
335,0.010000000060007574
336,0.010000000056648799
337,0.010000000051257953
338,0.010000000046380113
339,0.010000000041966462
340,0.010000000037972825
341,0.010000000034359233
342,0.01000000003108952
343,0.010000000028130961
344,0.010000000025453946
345,0.010000000023031683
346,0.010000000020839929
347,0.010000000018856748
348,0.010000000017062291
349,0.010000000015438599
350,0.010000000013969421
351,0.010000000012640056
352,0.010000000011437195
353,0.010000000010348802
354,0.010000000009363984
355,0.010000000008472882
356,0.010000000007666581
357,0.01000000000693701
358,0.010000000006276866
359,0.010000000005679544
360,0.010000000005139063
361,0.010000000004650017
362,0.01000000000420751
363,0.010000000003807113
364,0.010000000003444818
365,0.010000000003117
366,0.010000000002820378
367,0.010000000002551983
368,0.01000000000230913
369,0.010000000002089388
370,0.010000000001890556
371,0.010000000001710646
372,0.010000000001547856
373,0.010000000001400559
374,0.010000000001267278
375,0.01000000000114668
376,0.01000000000103756
377,0.010000000000938822
378,0.010000000000849482
379,0.010000000000768644
380,0.010000000000695498
381,0.010000000000629313
382,0.010000000000569425
383,0.010000000000515237
384,0.010000000000466205
385,0.01000000000042184
386,0.010000000000381697
387,0.010000000000345373
388,0.010000000000312507
389,0.010000000000282769
390,0.01000000000025586
391,0.010000000000231511
392,0.01000000000020948
393,0.010000000000189545
394,0.010000000000171507
395,0.010000000000155187
396,0.01000000000014042
397,0.010000000000127057
398,0.010000000000114966
399,0.010000000000104025
400,0.010000000000094125
401,0.010000000000085168
402,0.010000000000077064
403,0.01000000000006973
404,0.010000000000063094
405,0.01000000000005709
406,0.010000000000051657
407,0.01000000000004674
408,0.010000000000042293
409,0.010000000000038268
410,0.010000000000034627
411,0.010000000000031331
412,0.010000000000028349
413,0.010000000000025652
414,0.01000000000002321
415,0.010000000000021003
416,0.010000000000019004
417,0.010000000000017195
418,0.010000000000015559
419,0.010000000000014447
420,0.010000000000013099
421,0.010000000000011852
422,0.010000000000010724
423,0.010000000000009704
424,0.010000000000008781
425,0.010000000000008233
426,0.010000000000007449
427,0.01000000000000684
428,0.01000000000000619
429,0.0100000000000056
430,0.010000000000005197
431,0.010000000000004908
432,0.010000000000004651
433,0.010000000000004209
434,0.010000000000003808
435,0.010000000000003445
436,0.010000000000003118
437,0.010000000000002821
438,0.010000000000002552
439,0.010000000000002309
440,0.010000000000002089
441,0.01000000000000189
442,0.010000000000001709
443,0.010000000000001546
444,0.01000000000000142
445,0.010000000000001284
446,0.010000000000001183
447,0.010000000000001088
448,0.010000000000001024
449,0.010000000000000932
450,0.010000000000000906
451,0.010000000000000845
452,0.010000000000000772
453,0.0100000000000007
454,0.010000000000000642
455,0.010000000000000581
456,0.010000000000000526
457,0.010000000000000488
458,0.01000000000000044
459,0.01000000000000041
460,0.010000000000000375
461,0.010000000000000338
462,0.010000000000000312
463,0.010000000000000288
464,0.010000000000000262
465,0.010000000000000241
466,0.010000000000000219
467,0.010000000000000198
468,0.01000000000000018
469,0.010000000000000165
470,0.010000000000000151
471,0.01000000000000014
472,0.01000000000000013
473,0.01000000000000012
474,0.010000000000000115
475,0.010000000000000104
476,0.010000000000000096
477,0.01000000000000009
478,0.010000000000000083
479,0.010000000000000078
480,0.010000000000000073
481,0.010000000000000068
482,0.010000000000000061
483,0.010000000000000057
484,0.010000000000000054
485,0.01000000000000005
486,0.010000000000000045
487,0.010000000000000044
488,0.01000000000000004
489,0.010000000000000038
490,0.010000000000000035
491,0.010000000000000031
492,0.01000000000000003
493,0.010000000000000026
494,0.010000000000000024
495,0.010000000000000023
496,0.010000000000000021
497,0.01000000000000002
498,0.010000000000000018
499,0.010000000000000016
500,0.010000000000000016
501,0.010000000000000014
502,0.010000000000000012
503,0.010000000000000012
504,0.010000000000000012
505,0.010000000000000012
506,0.01000000000000001
507,0.01000000000000001
508,0.01000000000000001
509,0.01000000000000001
510,0.01000000000000001
511,0.01000000000000001
512,0.01000000000000001
513,0.01000000000000001
514,0.01000000000000001
515,0.01000000000000001
516,0.01000000000000001
517,0.01000000000000001
518,0.010000000000000009
519,0.010000000000000009
520,0.010000000000000009
521,0.010000000000000009
522,0.010000000000000009
523,0.010000000000000009
524,0.010000000000000009
525,0.010000000000000009
526,0.010000000000000009
527,0.010000000000000009
528,0.010000000000000009
529,0.010000000000000009
530,0.010000000000000009
531,0.010000000000000009
532,0.010000000000000009
533,0.010000000000000009
534,0.010000000000000009
535,0.010000000000000009
536,0.010000000000000009
537,0.010000000000000009
538,0.010000000000000009
539,0.010000000000000009
540,0.010000000000000009
541,0.010000000000000009
542,0.010000000000000009
543,0.010000000000000009
544,0.010000000000000009
545,0.010000000000000009
546,0.010000000000000009
547,0.010000000000000009
548,0.010000000000000009
549,0.010000000000000009
550,0.010000000000000009
551,0.010000000000000009
552,0.010000000000000009
553,0.010000000000000009
554,0.010000000000000009
555,0.010000000000000009
556,0.010000000000000009
557,0.010000000000000009
558,0.010000000000000009
559,0.010000000000000009
560,0.010000000000000009
561,0.010000000000000009
562,0.010000000000000009
563,0.010000000000000009
564,0.010000000000000009
565,0.010000000000000009
566,0.010000000000000009
567,0.010000000000000009
568,0.010000000000000009
569,0.010000000000000009
570,0.010000000000000009
571,0.010000000000000009
572,0.010000000000000009
573,0.010000000000000009
574,0.010000000000000009
575,0.010000000000000009
576,0.010000000000000009
577,0.010000000000000009
578,0.010000000000000009
579,0.010000000000000009
580,0.010000000000000009
581,0.010000000000000009
582,0.010000000000000009
583,0.010000000000000009
584,0.010000000000000009
585,0.010000000000000009
586,0.010000000000000009
587,0.010000000000000009
588,0.010000000000000009
589,0.010000000000000009
590,0.010000000000000009
591,0.010000000000000009
592,0.010000000000000009
593,0.010000000000000009
594,0.010000000000000009
595,0.010000000000000009
596,0.010000000000000009
597,0.010000000000000009
598,0.010000000000000009
599,0.010000000000000009
600,0.010000000000000009
601,0.010000000000000009
602,0.010000000000000009
603,0.010000000000000009
604,0.010000000000000009
605,0.010000000000000009
606,0.010000000000000009
607,0.010000000000000009
608,0.010000000000000009
609,0.010000000000000009
610,0.010000000000000009
611,0.010000000000000009
612,0.010000000000000009
613,0.010000000000000009
614,0.010000000000000009
615,0.010000000000000009
616,0.010000000000000009
617,0.010000000000000009
618,0.010000000000000009
619,0.010000000000000009
620,0.010000000000000009
621,0.010000000000000009
622,0.010000000000000009
623,0.010000000000000009
624,0.010000000000000009
625,0.010000000000000009
626,0.010000000000000009
627,0.010000000000000009
628,0.010000000000000009
629,0.010000000000000009
630,0.010000000000000009
631,0.010000000000000009
632,0.010000000000000009
633,0.010000000000000009
634,0.010000000000000009
635,0.010000000000000009
636,0.010000000000000009
637,0.010000000000000009
638,0.010000000000000009
639,0.010000000000000009
640,0.010000000000000009
641,0.010000000000000009
642,0.010000000000000009
643,0.010000000000000009
644,0.010000000000000009
645,0.010000000000000009
646,0.010000000000000009
647,0.010000000000000009
648,0.010000000000000009
649,0.010000000000000009
650,0.010000000000000009
651,0.010000000000000009
652,0.010000000000000009
653,0.010000000000000009
654,0.010000000000000009
655,0.010000000000000009
656,0.010000000000000009
657,0.010000000000000009
658,0.010000000000000009
659,0.010000000000000009
660,0.010000000000000009
661,0.010000000000000009
662,0.010000000000000009
663,0.010000000000000009
664,0.010000000000000009
665,0.010000000000000009
666,0.010000000000000009
667,0.010000000000000009
668,0.010000000000000009
669,0.010000000000000009
670,0.010000000000000009
671,0.010000000000000009
672,0.010000000000000009
673,0.010000000000000009
674,0.010000000000000009
675,0.010000000000000009
676,0.010000000000000009
677,0.010000000000000009
678,0.010000000000000009
679,0.010000000000000009
680,0.010000000000000009
681,0.010000000000000009
682,0.010000000000000009
683,0.010000000000000009
684,0.010000000000000009
685,0.010000000000000009
686,0.010000000000000009
687,0.010000000000000009
688,0.010000000000000009
689,0.010000000000000009
690,0.010000000000000009
691,0.010000000000000009
692,0.010000000000000009
693,0.010000000000000009
694,0.010000000000000009
695,0.010000000000000009
696,0.010000000000000009
697,0.010000000000000009
698,0.010000000000000009
699,0.010000000000000009
700,0.010000000000000009
701,0.010000000000000009
702,0.010000000000000009
703,0.010000000000000009
704,0.010000000000000009
705,0.010000000000000009
706,0.010000000000000009
707,0.010000000000000009
708,0.010000000000000009
709,0.010000000000000009
710,0.010000000000000009
711,0.010000000000000009
712,0.010000000000000009
713,0.010000000000000009
714,0.010000000000000009
715,0.010000000000000009
716,0.010000000000000009
717,0.010000000000000009
718,0.010000000000000009
719,0.010000000000000009
720,0.010000000000000009
721,0.010000000000000009
722,0.010000000000000009
723,0.010000000000000009
724,0.010000000000000009
725,0.010000000000000009
726,0.010000000000000009
727,0.010000000000000009
728,0.010000000000000009
729,0.010000000000000009
730,0.010000000000000009
731,0.010000000000000009
732,0.010000000000000009
733,0.010000000000000009
734,0.010000000000000009
735,0.010000000000000009
736,0.010000000000000009
737,0.010000000000000009
738,0.010000000000000009
739,0.010000000000000009
740,0.010000000000000009
741,0.010000000000000009
742,0.010000000000000009
743,0.010000000000000009
744,0.010000000000000009
745,0.010000000000000009
746,0.010000000000000009
747,0.010000000000000009
748,0.010000000000000009
749,0.010000000000000009
750,0.010000000000000009
751,0.010000000000000009
752,0.010000000000000009
753,0.010000000000000009
754,0.010000000000000009
755,0.010000000000000009
756,0.010000000000000009
757,0.010000000000000009
758,0.010000000000000009
759,0.010000000000000009
760,0.010000000000000009
761,0.010000000000000009
762,0.010000000000000009
763,0.010000000000000009
764,0.010000000000000009
765,0.010000000000000009
766,0.010000000000000009
767,0.010000000000000009
768,0.010000000000000009
769,0.010000000000000009
770,0.010000000000000009
771,0.010000000000000009
772,0.010000000000000009
773,0.010000000000000009
774,0.010000000000000009
775,0.010000000000000009
776,0.010000000000000009
777,0.010000000000000009
778,0.010000000000000009
779,0.010000000000000009
780,0.010000000000000009
781,0.010000000000000009
782,0.010000000000000009
783,0.010000000000000009
784,0.010000000000000009
785,0.010000000000000009
786,0.010000000000000009
787,0.010000000000000009
788,0.010000000000000009
789,0.010000000000000009
790,0.010000000000000009
791,0.010000000000000009
792,0.010000000000000009
793,0.010000000000000009
794,0.010000000000000009
795,0.010000000000000009
796,0.010000000000000009
797,0.010000000000000009
798,0.010000000000000009
799,0.010000000000000009
800,0.010000000000000009
801,0.010000000000000009
802,0.010000000000000009
803,0.010000000000000009
804,0.010000000000000009
805,0.010000000000000009
806,0.010000000000000009
807,0.010000000000000009
808,0.010000000000000009
809,0.010000000000000009
810,0.010000000000000009
811,0.010000000000000009
812,0.010000000000000009
813,0.010000000000000009
814,0.010000000000000009
815,0.010000000000000009
816,0.010000000000000009
817,0.010000000000000009
818,0.010000000000000009
819,0.010000000000000009
820,0.010000000000000009
821,0.010000000000000009
822,0.010000000000000009
823,0.010000000000000009
824,0.010000000000000009
825,0.010000000000000009
826,0.010000000000000009
827,0.010000000000000009
828,0.010000000000000009
829,0.010000000000000009
830,0.010000000000000009
831,0.010000000000000009
832,0.010000000000000009
833,0.010000000000000009
834,0.010000000000000009
835,0.010000000000000009
836,0.010000000000000009
837,0.010000000000000009
838,0.010000000000000009
839,0.010000000000000009
840,0.010000000000000009
841,0.010000000000000009
842,0.010000000000000009
843,0.010000000000000009
844,0.010000000000000009
845,0.010000000000000009
846,0.010000000000000009
847,0.010000000000000009
848,0.010000000000000009
849,0.010000000000000009
850,0.010000000000000009
851,0.010000000000000009
852,0.010000000000000009
853,0.010000000000000009
854,0.010000000000000009
855,0.010000000000000009
856,0.010000000000000009
857,0.010000000000000009
858,0.010000000000000009
859,0.010000000000000009
860,0.010000000000000009
861,0.010000000000000009
862,0.010000000000000009
863,0.010000000000000009
864,0.010000000000000009
865,0.010000000000000009
866,0.010000000000000009
867,0.010000000000000009
868,0.010000000000000009
869,0.010000000000000009
870,0.010000000000000009
871,0.010000000000000009
872,0.010000000000000009
873,0.010000000000000009
874,0.010000000000000009
875,0.010000000000000009
876,0.010000000000000009
877,0.010000000000000009
878,0.010000000000000009
879,0.010000000000000009
880,0.010000000000000009
881,0.010000000000000009
882,0.010000000000000009
883,0.010000000000000009
884,0.010000000000000009
885,0.010000000000000009
886,0.010000000000000009
887,0.010000000000000009
888,0.010000000000000009
889,0.010000000000000009
890,0.010000000000000009
891,0.010000000000000009
892,0.010000000000000009
893,0.010000000000000009
894,0.010000000000000009
895,0.010000000000000009
896,0.010000000000000009
897,0.010000000000000009
898,0.010000000000000009
899,0.010000000000000009
900,0.010000000000000009
901,0.010000000000000009
902,0.010000000000000009
903,0.010000000000000009
904,0.010000000000000009
905,0.010000000000000009
906,0.010000000000000009
907,0.010000000000000009
908,0.010000000000000009
909,0.010000000000000009
910,0.010000000000000009
911,0.010000000000000009
912,0.010000000000000009
913,0.010000000000000009
914,0.010000000000000009
915,0.010000000000000009
916,0.010000000000000009
917,0.010000000000000009
918,0.010000000000000009
919,0.010000000000000009
920,0.010000000000000009
921,0.010000000000000009
922,0.010000000000000009
923,0.010000000000000009
924,0.010000000000000009
925,0.010000000000000009
926,0.010000000000000009
927,0.010000000000000009
928,0.010000000000000009
929,0.010000000000000009
930,0.010000000000000009
931,0.010000000000000009
932,0.010000000000000009
933,0.010000000000000009
934,0.010000000000000009
935,0.010000000000000009
936,0.010000000000000009
937,0.010000000000000009
938,0.010000000000000009
939,0.010000000000000009
940,0.010000000000000009
941,0.010000000000000009
942,0.010000000000000009
943,0.010000000000000009
944,0.010000000000000009
945,0.010000000000000009
946,0.010000000000000009
947,0.010000000000000009
948,0.010000000000000009
949,0.010000000000000009
950,0.010000000000000009
951,0.010000000000000009
952,0.010000000000000009
953,0.010000000000000009
954,0.010000000000000009
955,0.010000000000000009
956,0.010000000000000009
957,0.010000000000000009
958,0.010000000000000009
959,0.010000000000000009
960,0.010000000000000009
961,0.010000000000000009
962,0.010000000000000009
963,0.010000000000000009
964,0.010000000000000009
965,0.010000000000000009
966,0.010000000000000009
967,0.010000000000000009
968,0.010000000000000009
969,0.010000000000000009
970,0.010000000000000009
971,0.010000000000000009
972,0.010000000000000009
973,0.010000000000000009
974,0.010000000000000009
975,0.010000000000000009
976,0.010000000000000009
977,0.010000000000000009
978,0.010000000000000009
979,0.010000000000000009
980,0.010000000000000009
981,0.010000000000000009
982,0.010000000000000009
983,0.010000000000000009
984,0.010000000000000009
985,0.010000000000000009
986,0.010000000000000009
987,0.010000000000000009
988,0.010000000000000009
989,0.010000000000000009
990,0.010000000000000009
991,0.010000000000000009
992,0.010000000000000009
993,0.010000000000000009
994,0.010000000000000009
995,0.010000000000000009
996,0.010000000000000009
997,0.010000000000000009
998,0.010000000000000009
999,0.010000000000000009
1000,0.010000000000000009
1001,0.010000000000000009
1002,0.010000000000000009
1003,0.010000000000000009
1004,0.010000000000000009
1005,0.010000000000000009
1006,0.010000000000000009
1007,0.010000000000000009
1008,0.010000000000000009
1009,0.010000000000000009
1010,0.010000000000000009
1011,0.010000000000000009
1012,0.010000000000000009
1013,0.010000000000000009
1014,0.010000000000000009
1015,0.010000000000000009
1016,0.010000000000000009
1017,0.010000000000000009
1018,0.010000000000000009
1019,0.010000000000000009
1020,0.010000000000000009
1021,0.010000000000000009
1022,0.010000000000000009
