0,1.0
1,0.9920133894395154
2,0.9822421929540494
3,0.9752671893098889
4,0.9652804316944792
5,0.9553969981418508
6,0.9481453957542741
7,0.9396469990040623
8,0.9310413601590066
9,0.9205100555819926
10,0.910999716653833
11,0.9017670494328145
12,0.8960779648059792
13,0.8848084456451732
14,0.8786193031365326
15,0.869374623829043
16,0.8590388484266613
17,0.8512635124087777
18,0.8439762653398242
19,0.8383244646361611
20,0.8288532968873321
21,0.8207055704482613
22,0.8111954646896189
23,0.8044936099828538
24,0.7986360569451628
25,0.789696657287525
26,0.7803191759094913
27,0.772654372042988
28,0.7609243716230195
29,0.7553880409605596
30,0.7492269242249434
31,0.7441438153406607
32,0.7386583329975667
33,0.7319132238734205
34,0.7240156944558704
35,0.7166284116878451
36,0.7072227496465399
37,0.698561709550226
38,0.6911652558305602
39,0.6835787685976762
40,0.6772767938576086
41,0.6702410153470401
42,0.6621045769295556
43,0.6528458392300824
44,0.6433384422273412
45,0.6318537541377446
46,0.6208216042462306
47,0.6113667270065912
48,0.6058595250910183
49,0.5949959611135583
50,0.5904507420155921
51,0.5792415968987126
52,0.5721703642148552
53,0.5675794158412106
54,0.562528459862516
55,0.5553920768774833
56,0.5464132984440497
57,0.5374768315369225
58,0.5251741212979617
59,0.5111998597175091
60,0.5067092988153564
61,0.5011280770305514
62,0.49415492241249426
63,0.48528039879865625
64,0.47438081756697953
65,0.4665987256462191
66,0.4515560400981761
67,0.44212069816814153
68,0.4379065981430101
69,0.43140945706316797
70,0.42141603088761015
71,0.41318880182848716
72,0.40244835271648605
73,0.38986082784672116
74,0.3784499727036139
75,0.36584845183643483
76,0.3527169689529135
77,0.34445587017216817
78,0.3369492444590987
79,0.32350175029283557
80,0.3136892404266657
81,0.3041544422333578
82,0.291126555426522
83,0.28503680996543623
84,0.274728545171201
85,0.269616344488848
86,0.2643992652080442
87,0.26133958250993794
88,0.2559196712883868
89,0.24879488056738952
90,0.22607054317280206
91,0.21966372613247903
92,0.21790992710122364
93,0.207592127341051
94,0.20244395012120892
95,0.19855786636153497
96,0.19353491890084365
97,0.1760692621376786
98,0.17154842503380796
99,0.16873004722924326
100,0.15362488609963437
101,0.13995717110410194
102,0.13806077336153885
103,0.13628041412821637
104,0.13435059350894762
105,0.1309291628445901
106,0.1288075483403647
107,0.11936653453318684
108,0.10895893272654938
109,0.09954174517988516
110,0.09102072151500111
111,0.08723903339134546
112,0.0798887675454183
113,0.07323797197551166
114,0.06722008328415234
115,0.06177487241863497
116,0.05684784187841888
117,0.05238968028582544
118,0.04835576886119611
119,0.044705734863148744
120,0.041403047524612095
121,0.03841465244063054
122,0.03571064074876931
123,0.03326394979116655
124,0.03105009226235734
125,0.02904691113209014
126,0.027234357890320818
127,0.025594291894985556
128,0.02411029881435782
129,0.02276752634689939
130,0.021552535574434532
131,0.020453166460939913
132,0.01945841615081696
133,0.018558328848614837
134,0.017743896178083314
135,0.01700696702331544
136,0.016340165949639857
137,0.015736819387791635
138,0.01531006960327129
139,0.014804749669415225
140,0.014347517285182802
141,0.01393379631519151
142,0.013559446100917258
143,0.013220720019592135
144,0.012914227986744473
145,0.012636902527094002
146,0.012385968074228234
147,0.012158913191800905
148,0.011953465438232903
149,0.011767568623353144
150,0.011599362229356234
151,0.01144716279011493
152,0.011309447042485309
153,0.01118483668097723
154,0.011072084563209732
155,0.010970062228090903
156,0.010877748601799983
157,0.01079421977853737
158,0.010718639773764846
159,0.01065025215739133
160,0.010588372483166283
161,0.010532381438511585
162,0.010481718646233092
163,0.01043587705607733
164,0.010394397870002126
165,0.010356865950371606
166,0.010322905665119193
167,0.010292177128295634
168,0.010276182042373445
169,0.010249899846129087
170,0.010226118731539027
171,0.010204600689215339
172,0.010191628810485449
173,0.010173392918100956
174,0.01015689240032019
175,0.01014197631133646
176,0.010128465478971952
177,0.010118280653750329
178,0.010110560205873018
179,0.010100039011219666
180,0.010090519040614873
181,0.010081905014993054
182,0.010074110722290511
183,0.010069648434416883
184,0.010063020509568019
185,0.010057475583458212
186,0.010052006058536438
187,0.010047057027728339
188,0.010042578959470156
189,0.010038527035749634
190,0.010034860703552279
191,0.010031543268993161
192,0.010028541530072186
193,0.010025825444377313
194,0.010023367828409999
195,0.01002114408552361
196,0.010019131959751914
197,0.01001731131306389
198,0.010015663923815542
199,0.010014173304381568
200,0.010012824536141655
201,0.010011604120169925
202,0.010010499842133133
203,0.010009500650045529
204,0.010008596543656859
205,0.010007778474366506
206,0.010007038254662048
207,0.010006368476175887
208,0.010005762435539812
209,0.010005214067295442
210,0.010004717883189074
211,0.010004268917243396
212,0.010003862676056324
213,0.010003495093829513
214,0.01000316249167649
215,0.010002861540803116
216,0.010002589229191896
217,0.010002342831456698
218,0.010002119881566171
219,0.010001918148162876
220,0.010001735612231107
221,0.010001570446889907
222,0.010001420999109025
223,0.010001285773164842
224,0.010001163415670655
225,0.010001052702031537
226,0.010000952524188178
227,0.010000861879527048
228,0.010000779860845913
229,0.010000705647274243
230,0.01000063849605767
231,0.010000577735124248
232,0.010000522756358134
233,0.010000473009513355
234,0.01000042799670677
235,0.010000387267435082
236,0.010000350414066049
237,0.010000317067758767
238,0.010000286894772186
239,0.010000259593124913
240,0.010000234889572886
241,0.010000212536874654
242,0.010000192311316899
243,0.010000174010475442
244,0.01000015745118931
245,0.010000142467727603
246,0.010000128910130798
247,0.01000011664270991
248,0.010000105542688468
249,0.010000095498973726
250,0.010000086411044811
251,0.010000078187946676
252,0.010000070747379792
253,0.010000064014876464
254,0.010000057923055536
255,0.010000052410948016
256,0.01000005174953782
257,0.010000046824918186
258,0.010000042368938072
259,0.01000003833700053
260,0.010000034688752574
261,0.010000031387681314
262,0.010000028400748519
263,0.01000002569805996
264,0.010000023252566222
265,0.010000021039791984
266,0.010000019037591054
267,0.010000017225924735
268,0.01000001558666126
269,0.010000014103394331
270,0.010000012761278912
271,0.010000011768370908
272,0.010000010648462346
273,0.010000009635127175
274,0.010000008718223596
275,0.010000007888574929
276,0.01000000713787777
277,0.010000006458618892
278,0.010000005844000043
279,0.01000000528786991
280,0.010000004784662555
281,0.010000004329341713
282,0.010000003917350378
283,0.010000003544565202
284,0.010000003207255225
285,0.010000002902044537
286,0.010000002625878485
287,0.010000002375993109
288,0.01000000214988747
289,0.010000001945298627
290,0.010000001760178987
291,0.010000001592675811
292,0.010000001441112669
293,0.010000001303972666
294,0.01000000117988326
295,0.010000001067602524
296,0.010000001013708616
297,0.010000000917241486
298,0.010000000829954418
299,0.010000000750973813
300,0.010000000679509206
301,0.010000000614845355
302,0.010000000556335084
303,0.010000000503392802
304,0.010000000455488644
305,0.010000000412143169
306,0.010000000372922561
307,0.010000000337434287
308,0.01000000030532317
309,0.010000000276267828
310,0.010000000249977468
311,0.010000000226188967
312,0.01000000020466424
313,0.010000000185187864
314,0.010000000167564908
315,0.010000000151618999
316,0.010000000137190544
317,0.010000000124135138
318,0.010000000112322117
319,0.010000000101633254
320,0.01000000009196157
321,0.010000000087345435
322,0.010000000079033417
323,0.010000000071512393
324,0.010000000064707089
325,0.010000000058549395
326,0.010000000052977683
327,0.01000000004793619
328,0.010000000043374459
329,0.010000000039246833
330,0.010000000035512003
331,0.01000000003213259
332,0.01000000002907477
333,0.01000000002630794
334,0.010000000023804408
335,0.01000000002153912
336,0.010000000019489402
337,0.01000000001763474
338,0.010000000015956571
339,0.010000000014438104
340,0.010000000013696917
341,0.010000000012684373
342,0.010000000011477295
343,0.010000000010385085
344,0.010000000009396813
345,0.010000000008502588
346,0.010000000007693459
347,0.01000000000696133
348,0.010000000006298871
349,0.010000000005699455
350,0.01000000000515708
351,0.01000000000466632
352,0.01000000000422226
353,0.010000000003820458
354,0.010000000003456893
355,0.010000000003127927
356,0.010000000002830266
357,0.01000000000256093
358,0.010000000002369717
359,0.010000000002144209
360,0.01000000000194016
361,0.01000000000175553
362,0.01000000000158847
363,0.010000000001437307
364,0.01000000000130053
365,0.01000000000119922
366,0.01000000000109732
367,0.010000000000992897
368,0.01000000000089841
369,0.010000000000812914
370,0.010000000000735556
371,0.010000000000665558
372,0.010000000000602222
373,0.010000000000544913
374,0.010000000000493057
375,0.010000000000446136
376,0.01000000000040368
377,0.010000000000377407
378,0.010000000000341491
379,0.010000000000308994
380,0.010000000000279589
381,0.010000000000252982
382,0.010000000000233438
383,0.010000000000211224
384,0.010000000000191123
385,0.010000000000172935
386,0.010000000000156477
387,0.010000000000141587
388,0.010000000000128113
389,0.010000000000115921
390,0.01000000000010489
391,0.010000000000094909
392,0.010000000000085878
393,0.010000000000079426
394,0.010000000000071868
395,0.01000000000006503
396,0.010000000000058842
397,0.010000000000053242
398,0.010000000000048175
399,0.01000000000004452
400,0.010000000000040284
401,0.01000000000003645
402,0.01000000000003298
403,0.010000000000029843
404,0.010000000000027003
405,0.010000000000024434
406,0.01000000000002211
407,0.010000000000020192
408,0.010000000000018624
409,0.01000000000001703
410,0.01000000000001541
411,0.010000000000013944
412,0.010000000000012617
413,0.01000000000001157
414,0.01000000000001047
415,0.010000000000009474
416,0.010000000000008571
417,0.010000000000007756
418,0.010000000000007019
419,0.010000000000006351
420,0.010000000000005747
421,0.010000000000005201
422,0.010000000000004707
423,0.010000000000004259
424,0.010000000000003853
425,0.010000000000003487
426,0.010000000000003156
427,0.010000000000002856
428,0.010000000000002583
429,0.010000000000002337
430,0.010000000000002115
431,0.010000000000001914
432,0.010000000000001731
433,0.010000000000001567
434,0.010000000000001417
435,0.010000000000001282
436,0.01000000000000116
437,0.01000000000000105
438,0.010000000000000949
439,0.010000000000000859
440,0.010000000000000777
441,0.010000000000000703
442,0.010000000000000635
443,0.010000000000000574
444,0.01000000000000052
445,0.01000000000000047
446,0.01000000000000043
447,0.010000000000000389
448,0.010000000000000352
449,0.01000000000000032
450,0.010000000000000288
451,0.010000000000000269
452,0.010000000000000247
453,0.010000000000000222
454,0.010000000000000212
455,0.010000000000000191
456,0.010000000000000174
457,0.010000000000000156
458,0.01000000000000014
459,0.010000000000000127
460,0.010000000000000115
461,0.010000000000000104
462,0.010000000000000094
463,0.010000000000000085
464,0.01000000000000008
465,0.010000000000000073
466,0.010000000000000066
467,0.010000000000000061
468,0.01000000000000006
469,0.010000000000000054
470,0.01000000000000005
471,0.010000000000000045
472,0.010000000000000042
473,0.01000000000000004
474,0.010000000000000038
475,0.010000000000000035
476,0.010000000000000031
477,0.01000000000000003
478,0.010000000000000026
479,0.010000000000000024
480,0.010000000000000023
481,0.010000000000000023
482,0.010000000000000021
483,0.01000000000000002
484,0.010000000000000018
485,0.010000000000000016
486,0.010000000000000014
487,0.010000000000000014
488,0.010000000000000014
489,0.010000000000000012
490,0.01000000000000001
491,0.010000000000000009
492,0.010000000000000009
493,0.010000000000000009
494,0.010000000000000009
495,0.010000000000000009
496,0.010000000000000009
497,0.010000000000000009
498,0.010000000000000009
499,0.010000000000000009
500,0.010000000000000009
501,0.010000000000000009
502,0.010000000000000009
503,0.010000000000000009
504,0.010000000000000009
505,0.010000000000000009
506,0.010000000000000009
507,0.010000000000000009
508,0.010000000000000009
509,0.010000000000000009
510,0.010000000000000009
511,0.010000000000000009
512,0.010000000000000009
513,0.010000000000000009
514,0.010000000000000009
515,0.010000000000000009
516,0.010000000000000009
517,0.010000000000000009
518,0.010000000000000009
519,0.010000000000000009
520,0.010000000000000009
521,0.010000000000000009
522,0.010000000000000009
523,0.010000000000000009
524,0.010000000000000009
525,0.010000000000000009
526,0.010000000000000009
527,0.010000000000000009
528,0.010000000000000009
529,0.010000000000000009
530,0.010000000000000009
531,0.010000000000000009
532,0.010000000000000009
533,0.010000000000000009
534,0.010000000000000009
535,0.010000000000000009
536,0.010000000000000009
537,0.010000000000000009
538,0.010000000000000009
539,0.010000000000000009
540,0.010000000000000009
541,0.010000000000000009
542,0.010000000000000009
543,0.010000000000000009
544,0.010000000000000009
545,0.010000000000000009
546,0.010000000000000009
547,0.010000000000000009
548,0.010000000000000009
549,0.010000000000000009
550,0.010000000000000009
551,0.010000000000000009
552,0.010000000000000009
553,0.010000000000000009
554,0.010000000000000009
555,0.010000000000000009
556,0.010000000000000009
557,0.010000000000000009
558,0.010000000000000009
559,0.010000000000000009
560,0.010000000000000009
561,0.010000000000000009
562,0.010000000000000009
563,0.010000000000000009
564,0.010000000000000009
565,0.010000000000000009
566,0.010000000000000009
567,0.010000000000000009
568,0.010000000000000009
569,0.010000000000000009
570,0.010000000000000009
571,0.010000000000000009
572,0.010000000000000009
573,0.010000000000000009
574,0.010000000000000009
575,0.010000000000000009
576,0.010000000000000009
577,0.010000000000000009
578,0.010000000000000009
579,0.010000000000000009
580,0.010000000000000009
581,0.010000000000000009
582,0.010000000000000009
583,0.010000000000000009
584,0.010000000000000009
585,0.010000000000000009
586,0.010000000000000009
587,0.010000000000000009
588,0.010000000000000009
589,0.010000000000000009
590,0.010000000000000009
591,0.010000000000000009
592,0.010000000000000009
593,0.010000000000000009
594,0.010000000000000009
595,0.010000000000000009
596,0.010000000000000009
597,0.010000000000000009
598,0.010000000000000009
599,0.010000000000000009
600,0.010000000000000009
601,0.010000000000000009
602,0.010000000000000009
603,0.010000000000000009
604,0.010000000000000009
605,0.010000000000000009
606,0.010000000000000009
607,0.010000000000000009
608,0.010000000000000009
609,0.010000000000000009
610,0.010000000000000009
611,0.010000000000000009
612,0.010000000000000009
613,0.010000000000000009
614,0.010000000000000009
615,0.010000000000000009
616,0.010000000000000009
617,0.010000000000000009
618,0.010000000000000009
619,0.010000000000000009
620,0.010000000000000009
621,0.010000000000000009
622,0.010000000000000009
623,0.010000000000000009
624,0.010000000000000009
625,0.010000000000000009
626,0.010000000000000009
627,0.010000000000000009
628,0.010000000000000009
629,0.010000000000000009
630,0.010000000000000009
631,0.010000000000000009
632,0.010000000000000009
633,0.010000000000000009
634,0.010000000000000009
635,0.010000000000000009
636,0.010000000000000009
637,0.010000000000000009
638,0.010000000000000009
639,0.010000000000000009
640,0.010000000000000009
641,0.010000000000000009
642,0.010000000000000009
643,0.010000000000000009
644,0.010000000000000009
645,0.010000000000000009
646,0.010000000000000009
647,0.010000000000000009
648,0.010000000000000009
649,0.010000000000000009
650,0.010000000000000009
651,0.010000000000000009
652,0.010000000000000009
653,0.010000000000000009
654,0.010000000000000009
655,0.010000000000000009
656,0.010000000000000009
657,0.010000000000000009
658,0.010000000000000009
659,0.010000000000000009
660,0.010000000000000009
661,0.010000000000000009
662,0.010000000000000009
663,0.010000000000000009
664,0.010000000000000009
665,0.010000000000000009
666,0.010000000000000009
667,0.010000000000000009
668,0.010000000000000009
669,0.010000000000000009
670,0.010000000000000009
671,0.010000000000000009
672,0.010000000000000009
673,0.010000000000000009
674,0.010000000000000009
675,0.010000000000000009
676,0.010000000000000009
677,0.010000000000000009
678,0.010000000000000009
679,0.010000000000000009
680,0.010000000000000009
681,0.010000000000000009
682,0.010000000000000009
683,0.010000000000000009
684,0.010000000000000009
685,0.010000000000000009
686,0.010000000000000009
687,0.010000000000000009
688,0.010000000000000009
689,0.010000000000000009
690,0.010000000000000009
691,0.010000000000000009
692,0.010000000000000009
693,0.010000000000000009
694,0.010000000000000009
695,0.010000000000000009
696,0.010000000000000009
697,0.010000000000000009
698,0.010000000000000009
699,0.010000000000000009
700,0.010000000000000009
701,0.010000000000000009
702,0.010000000000000009
703,0.010000000000000009
704,0.010000000000000009
705,0.010000000000000009
706,0.010000000000000009
707,0.010000000000000009
708,0.010000000000000009
709,0.010000000000000009
710,0.010000000000000009
711,0.010000000000000009
712,0.010000000000000009
713,0.010000000000000009
714,0.010000000000000009
715,0.010000000000000009
716,0.010000000000000009
717,0.010000000000000009
718,0.010000000000000009
719,0.010000000000000009
720,0.010000000000000009
721,0.010000000000000009
722,0.010000000000000009
723,0.010000000000000009
724,0.010000000000000009
725,0.010000000000000009
726,0.010000000000000009
727,0.010000000000000009
728,0.010000000000000009
729,0.010000000000000009
730,0.010000000000000009
731,0.010000000000000009
732,0.010000000000000009
733,0.010000000000000009
734,0.010000000000000009
735,0.010000000000000009
736,0.010000000000000009
737,0.010000000000000009
738,0.010000000000000009
739,0.010000000000000009
740,0.010000000000000009
741,0.010000000000000009
742,0.010000000000000009
743,0.010000000000000009
744,0.010000000000000009
745,0.010000000000000009
746,0.010000000000000009
747,0.010000000000000009
748,0.010000000000000009
749,0.010000000000000009
750,0.010000000000000009
751,0.010000000000000009
752,0.010000000000000009
753,0.010000000000000009
754,0.010000000000000009
755,0.010000000000000009
756,0.010000000000000009
757,0.010000000000000009
758,0.010000000000000009
759,0.010000000000000009
760,0.010000000000000009
761,0.010000000000000009
762,0.010000000000000009
763,0.010000000000000009
764,0.010000000000000009
765,0.010000000000000009
766,0.010000000000000009
767,0.010000000000000009
768,0.010000000000000009
769,0.010000000000000009
770,0.010000000000000009
771,0.010000000000000009
772,0.010000000000000009
773,0.010000000000000009
774,0.010000000000000009
775,0.010000000000000009
776,0.010000000000000009
777,0.010000000000000009
778,0.010000000000000009
779,0.010000000000000009
780,0.010000000000000009
781,0.010000000000000009
782,0.010000000000000009
783,0.010000000000000009
784,0.010000000000000009
785,0.010000000000000009
786,0.010000000000000009
787,0.010000000000000009
788,0.010000000000000009
789,0.010000000000000009
790,0.010000000000000009
791,0.010000000000000009
792,0.010000000000000009
793,0.010000000000000009
794,0.010000000000000009
795,0.010000000000000009
796,0.010000000000000009
797,0.010000000000000009
798,0.010000000000000009
799,0.010000000000000009
800,0.010000000000000009
801,0.010000000000000009
802,0.010000000000000009
803,0.010000000000000009
804,0.010000000000000009
805,0.010000000000000009
806,0.010000000000000009
807,0.010000000000000009
808,0.010000000000000009
809,0.010000000000000009
810,0.010000000000000009
811,0.010000000000000009
812,0.010000000000000009
813,0.010000000000000009
814,0.010000000000000009
815,0.010000000000000009
816,0.010000000000000009
817,0.010000000000000009
818,0.010000000000000009
819,0.010000000000000009
820,0.010000000000000009
821,0.010000000000000009
822,0.010000000000000009
823,0.010000000000000009
824,0.010000000000000009
825,0.010000000000000009
826,0.010000000000000009
827,0.010000000000000009
828,0.010000000000000009
829,0.010000000000000009
830,0.010000000000000009
831,0.010000000000000009
832,0.010000000000000009
833,0.010000000000000009
834,0.010000000000000009
835,0.010000000000000009
836,0.010000000000000009
837,0.010000000000000009
838,0.010000000000000009
839,0.010000000000000009
840,0.010000000000000009
841,0.010000000000000009
842,0.010000000000000009
843,0.010000000000000009
844,0.010000000000000009
845,0.010000000000000009
846,0.010000000000000009
847,0.010000000000000009
848,0.010000000000000009
849,0.010000000000000009
850,0.010000000000000009
851,0.010000000000000009
852,0.010000000000000009
853,0.010000000000000009
854,0.010000000000000009
855,0.010000000000000009
856,0.010000000000000009
857,0.010000000000000009
858,0.010000000000000009
859,0.010000000000000009
860,0.010000000000000009
861,0.010000000000000009
862,0.010000000000000009
863,0.010000000000000009
864,0.010000000000000009
865,0.010000000000000009
866,0.010000000000000009
867,0.010000000000000009
868,0.010000000000000009
869,0.010000000000000009
870,0.010000000000000009
871,0.010000000000000009
872,0.010000000000000009
873,0.010000000000000009
874,0.010000000000000009
875,0.010000000000000009
876,0.010000000000000009
877,0.010000000000000009
878,0.010000000000000009
879,0.010000000000000009
880,0.010000000000000009
881,0.010000000000000009
882,0.010000000000000009
883,0.010000000000000009
884,0.010000000000000009
885,0.010000000000000009
886,0.010000000000000009
887,0.010000000000000009
888,0.010000000000000009
889,0.010000000000000009
890,0.010000000000000009
891,0.010000000000000009
892,0.010000000000000009
893,0.010000000000000009
894,0.010000000000000009
895,0.010000000000000009
896,0.010000000000000009
897,0.010000000000000009
898,0.010000000000000009
899,0.010000000000000009
900,0.010000000000000009
901,0.010000000000000009
902,0.010000000000000009
903,0.010000000000000009
904,0.010000000000000009
905,0.010000000000000009
906,0.010000000000000009
907,0.010000000000000009
908,0.010000000000000009
909,0.010000000000000009
910,0.010000000000000009
911,0.010000000000000009
912,0.010000000000000009
913,0.010000000000000009
914,0.010000000000000009
915,0.010000000000000009
916,0.010000000000000009
917,0.010000000000000009
918,0.010000000000000009
919,0.010000000000000009
920,0.010000000000000009
921,0.010000000000000009
922,0.010000000000000009
923,0.010000000000000009
924,0.010000000000000009
925,0.010000000000000009
926,0.010000000000000009
927,0.010000000000000009
928,0.010000000000000009
929,0.010000000000000009
930,0.010000000000000009
931,0.010000000000000009
932,0.010000000000000009
933,0.010000000000000009
934,0.010000000000000009
935,0.010000000000000009
936,0.010000000000000009
937,0.010000000000000009
938,0.010000000000000009
939,0.010000000000000009
940,0.010000000000000009
941,0.010000000000000009
942,0.010000000000000009
943,0.010000000000000009
944,0.010000000000000009
945,0.010000000000000009
946,0.010000000000000009
947,0.010000000000000009
948,0.010000000000000009
949,0.010000000000000009
950,0.010000000000000009
951,0.010000000000000009
952,0.010000000000000009
953,0.010000000000000009
954,0.010000000000000009
955,0.010000000000000009
956,0.010000000000000009
957,0.010000000000000009
958,0.010000000000000009
959,0.010000000000000009
960,0.010000000000000009
961,0.010000000000000009
962,0.010000000000000009
963,0.010000000000000009
964,0.010000000000000009
965,0.010000000000000009
966,0.010000000000000009
967,0.010000000000000009
968,0.010000000000000009
969,0.010000000000000009
970,0.010000000000000009
971,0.010000000000000009
972,0.010000000000000009
973,0.010000000000000009
974,0.010000000000000009
975,0.010000000000000009
976,0.010000000000000009
977,0.010000000000000009
978,0.010000000000000009
979,0.010000000000000009
980,0.010000000000000009
981,0.010000000000000009
982,0.010000000000000009
983,0.010000000000000009
984,0.010000000000000009
985,0.010000000000000009
986,0.010000000000000009
987,0.010000000000000009
988,0.010000000000000009
989,0.010000000000000009
990,0.010000000000000009
991,0.010000000000000009
992,0.010000000000000009
993,0.010000000000000009
994,0.010000000000000009
995,0.010000000000000009
996,0.010000000000000009
997,0.010000000000000009
998,0.010000000000000009
999,0.010000000000000009
1000,0.010000000000000009
1001,0.010000000000000009
1002,0.010000000000000009
1003,0.010000000000000009
1004,0.010000000000000009
1005,0.010000000000000009
1006,0.010000000000000009
1007,0.010000000000000009
1008,0.010000000000000009
1009,0.010000000000000009
1010,0.010000000000000009
1011,0.010000000000000009
1012,0.010000000000000009
1013,0.010000000000000009
1014,0.010000000000000009
1015,0.010000000000000009
1016,0.010000000000000009
1017,0.010000000000000009
1018,0.010000000000000009
1019,0.010000000000000009
1020,0.010000000000000009
1021,0.010000000000000009
1022,0.010000000000000009
1023,0.010000000000000009
1024,0.010000000000000009
1025,0.010000000000000009
1026,0.010000000000000009
1027,0.010000000000000009
1028,0.010000000000000009
1029,0.010000000000000009
1030,0.010000000000000009
1031,0.010000000000000009
1032,0.010000000000000009
1033,0.010000000000000009
1034,0.010000000000000009
1035,0.010000000000000009
1036,0.010000000000000009
1037,0.010000000000000009
1038,0.010000000000000009
1039,0.010000000000000009
1040,0.010000000000000009
1041,0.010000000000000009
1042,0.010000000000000009
1043,0.010000000000000009
1044,0.010000000000000009
1045,0.010000000000000009
1046,0.010000000000000009
1047,0.010000000000000009
1048,0.010000000000000009
1049,0.010000000000000009
1050,0.010000000000000009
1051,0.010000000000000009
1052,0.010000000000000009
1053,0.010000000000000009
1054,0.010000000000000009
1055,0.010000000000000009
1056,0.010000000000000009
1057,0.010000000000000009
1058,0.010000000000000009
1059,0.010000000000000009
1060,0.010000000000000009
1061,0.010000000000000009
1062,0.010000000000000009
1063,0.010000000000000009
1064,0.010000000000000009
1065,0.010000000000000009
1066,0.010000000000000009
1067,0.010000000000000009
1068,0.010000000000000009
1069,0.010000000000000009
1070,0.010000000000000009
1071,0.010000000000000009
1072,0.010000000000000009
1073,0.010000000000000009
1074,0.010000000000000009
1075,0.010000000000000009
1076,0.010000000000000009
1077,0.010000000000000009
1078,0.010000000000000009
1079,0.010000000000000009
1080,0.010000000000000009
1081,0.010000000000000009
1082,0.010000000000000009
1083,0.010000000000000009
1084,0.010000000000000009
1085,0.010000000000000009
1086,0.010000000000000009
1087,0.010000000000000009
1088,0.010000000000000009
1089,0.010000000000000009
1090,0.010000000000000009
1091,0.010000000000000009
1092,0.010000000000000009
1093,0.010000000000000009
1094,0.010000000000000009
1095,0.010000000000000009
1096,0.010000000000000009
1097,0.010000000000000009
1098,0.010000000000000009
1099,0.010000000000000009
1100,0.010000000000000009
1101,0.010000000000000009
1102,0.010000000000000009
1103,0.010000000000000009
1104,0.010000000000000009
1105,0.010000000000000009
1106,0.010000000000000009
1107,0.010000000000000009
1108,0.010000000000000009
1109,0.010000000000000009
1110,0.010000000000000009
1111,0.010000000000000009
1112,0.010000000000000009
1113,0.010000000000000009
1114,0.010000000000000009
1115,0.010000000000000009
1116,0.010000000000000009
1117,0.010000000000000009
1118,0.010000000000000009
1119,0.010000000000000009
1120,0.010000000000000009
1121,0.010000000000000009
1122,0.010000000000000009
1123,0.010000000000000009
1124,0.010000000000000009
1125,0.010000000000000009
1126,0.010000000000000009
1127,0.010000000000000009
1128,0.010000000000000009
1129,0.010000000000000009
1130,0.010000000000000009
1131,0.010000000000000009
1132,0.010000000000000009
1133,0.010000000000000009
1134,0.010000000000000009
1135,0.010000000000000009
1136,0.010000000000000009
1137,0.010000000000000009
1138,0.010000000000000009
1139,0.010000000000000009
1140,0.010000000000000009
1141,0.010000000000000009
1142,0.010000000000000009
1143,0.010000000000000009
1144,0.010000000000000009
1145,0.010000000000000009
1146,0.010000000000000009
1147,0.010000000000000009
1148,0.010000000000000009
1149,0.010000000000000009
1150,0.010000000000000009
1151,0.010000000000000009
1152,0.010000000000000009
1153,0.010000000000000009
1154,0.010000000000000009
1155,0.010000000000000009
1156,0.010000000000000009
1157,0.010000000000000009
1158,0.010000000000000009
1159,0.010000000000000009
1160,0.010000000000000009
1161,0.010000000000000009
1162,0.010000000000000009
1163,0.010000000000000009
1164,0.010000000000000009
1165,0.010000000000000009
1166,0.010000000000000009
1167,0.010000000000000009
1168,0.010000000000000009
1169,0.010000000000000009
1170,0.010000000000000009
1171,0.010000000000000009
1172,0.010000000000000009
1173,0.010000000000000009
1174,0.010000000000000009
1175,0.010000000000000009
1176,0.010000000000000009
1177,0.010000000000000009
1178,0.010000000000000009
1179,0.010000000000000009
1180,0.010000000000000009
1181,0.010000000000000009
1182,0.010000000000000009
1183,0.010000000000000009
1184,0.010000000000000009
1185,0.010000000000000009
1186,0.010000000000000009
1187,0.010000000000000009
1188,0.010000000000000009
1189,0.010000000000000009
1190,0.010000000000000009
1191,0.010000000000000009
1192,0.010000000000000009
1193,0.010000000000000009
1194,0.010000000000000009
1195,0.010000000000000009
1196,0.010000000000000009
1197,0.010000000000000009
1198,0.010000000000000009
1199,0.010000000000000009
1200,0.010000000000000009
1201,0.010000000000000009
1202,0.010000000000000009
1203,0.010000000000000009
1204,0.010000000000000009
1205,0.010000000000000009
1206,0.010000000000000009
1207,0.010000000000000009
1208,0.010000000000000009
1209,0.010000000000000009
1210,0.010000000000000009
1211,0.010000000000000009
1212,0.010000000000000009
1213,0.010000000000000009
1214,0.010000000000000009
1215,0.010000000000000009
1216,0.010000000000000009
1217,0.010000000000000009
1218,0.010000000000000009
1219,0.010000000000000009
1220,0.010000000000000009
1221,0.010000000000000009
1222,0.010000000000000009
1223,0.010000000000000009
1224,0.010000000000000009
1225,0.010000000000000009
1226,0.010000000000000009
1227,0.010000000000000009
1228,0.010000000000000009
1229,0.010000000000000009
1230,0.010000000000000009
1231,0.010000000000000009
1232,0.010000000000000009
1233,0.010000000000000009
1234,0.010000000000000009
1235,0.010000000000000009
1236,0.010000000000000009
1237,0.010000000000000009
1238,0.010000000000000009
1239,0.010000000000000009
1240,0.010000000000000009
1241,0.010000000000000009
1242,0.010000000000000009
1243,0.010000000000000009
1244,0.010000000000000009
1245,0.010000000000000009
1246,0.010000000000000009
1247,0.010000000000000009
1248,0.010000000000000009
1249,0.010000000000000009
1250,0.010000000000000009
1251,0.010000000000000009
1252,0.010000000000000009
1253,0.010000000000000009
1254,0.010000000000000009
1255,0.010000000000000009
1256,0.010000000000000009
1257,0.010000000000000009
1258,0.010000000000000009
1259,0.010000000000000009
1260,0.010000000000000009
1261,0.010000000000000009
1262,0.010000000000000009
1263,0.010000000000000009
1264,0.010000000000000009
1265,0.010000000000000009
1266,0.010000000000000009
1267,0.010000000000000009
1268,0.010000000000000009
1269,0.010000000000000009
1270,0.010000000000000009
1271,0.010000000000000009
1272,0.010000000000000009
1273,0.010000000000000009
1274,0.010000000000000009
1275,0.010000000000000009
1276,0.010000000000000009
1277,0.010000000000000009
1278,0.010000000000000009
1279,0.010000000000000009
1280,0.010000000000000009
1281,0.010000000000000009
1282,0.010000000000000009
1283,0.010000000000000009
1284,0.010000000000000009
1285,0.010000000000000009
1286,0.010000000000000009
1287,0.010000000000000009
1288,0.010000000000000009
1289,0.010000000000000009
1290,0.010000000000000009
1291,0.010000000000000009
1292,0.010000000000000009
1293,0.010000000000000009
1294,0.010000000000000009
1295,0.010000000000000009
1296,0.010000000000000009
1297,0.010000000000000009
1298,0.010000000000000009
1299,0.010000000000000009
1300,0.010000000000000009
1301,0.010000000000000009
1302,0.010000000000000009
1303,0.010000000000000009
1304,0.010000000000000009
1305,0.010000000000000009
1306,0.010000000000000009
1307,0.010000000000000009
1308,0.010000000000000009
1309,0.010000000000000009
1310,0.010000000000000009
1311,0.010000000000000009
1312,0.010000000000000009
1313,0.010000000000000009
1314,0.010000000000000009
1315,0.010000000000000009
1316,0.010000000000000009
1317,0.010000000000000009
1318,0.010000000000000009
1319,0.010000000000000009
1320,0.010000000000000009
1321,0.010000000000000009
1322,0.010000000000000009
1323,0.010000000000000009
1324,0.010000000000000009
1325,0.010000000000000009
1326,0.010000000000000009
1327,0.010000000000000009
1328,0.010000000000000009
1329,0.010000000000000009
1330,0.010000000000000009
1331,0.010000000000000009
1332,0.010000000000000009
1333,0.010000000000000009
1334,0.010000000000000009
1335,0.010000000000000009
1336,0.010000000000000009
1337,0.010000000000000009
1338,0.010000000000000009
1339,0.010000000000000009
1340,0.010000000000000009
1341,0.010000000000000009
1342,0.010000000000000009
1343,0.010000000000000009
1344,0.010000000000000009
1345,0.010000000000000009
1346,0.010000000000000009
1347,0.010000000000000009
1348,0.010000000000000009
1349,0.010000000000000009
1350,0.010000000000000009
1351,0.010000000000000009
1352,0.010000000000000009
1353,0.010000000000000009
1354,0.010000000000000009
1355,0.010000000000000009
1356,0.010000000000000009
1357,0.010000000000000009
1358,0.010000000000000009
1359,0.010000000000000009
1360,0.010000000000000009
1361,0.010000000000000009
1362,0.010000000000000009
1363,0.010000000000000009
1364,0.010000000000000009
1365,0.010000000000000009
1366,0.010000000000000009
1367,0.010000000000000009
1368,0.010000000000000009
1369,0.010000000000000009
1370,0.010000000000000009
1371,0.010000000000000009
1372,0.010000000000000009
1373,0.010000000000000009
1374,0.010000000000000009
1375,0.010000000000000009
1376,0.010000000000000009
1377,0.010000000000000009
1378,0.010000000000000009
1379,0.010000000000000009
1380,0.010000000000000009
1381,0.010000000000000009
1382,0.010000000000000009
1383,0.010000000000000009
1384,0.010000000000000009
1385,0.010000000000000009
1386,0.010000000000000009
1387,0.010000000000000009
1388,0.010000000000000009
1389,0.010000000000000009
1390,0.010000000000000009
1391,0.010000000000000009
1392,0.010000000000000009
1393,0.010000000000000009
1394,0.010000000000000009
1395,0.010000000000000009
1396,0.010000000000000009
1397,0.010000000000000009
1398,0.010000000000000009
1399,0.010000000000000009
1400,0.010000000000000009
1401,0.010000000000000009
1402,0.010000000000000009
1403,0.010000000000000009
1404,0.010000000000000009
1405,0.010000000000000009
1406,0.010000000000000009
1407,0.010000000000000009
1408,0.010000000000000009
1409,0.010000000000000009
1410,0.010000000000000009
1411,0.010000000000000009
1412,0.010000000000000009
1413,0.010000000000000009
1414,0.010000000000000009
1415,0.010000000000000009
1416,0.010000000000000009
1417,0.010000000000000009
1418,0.010000000000000009
1419,0.010000000000000009
1420,0.010000000000000009
1421,0.010000000000000009
1422,0.010000000000000009
1423,0.010000000000000009
1424,0.010000000000000009
1425,0.010000000000000009
1426,0.010000000000000009
1427,0.010000000000000009
1428,0.010000000000000009
1429,0.010000000000000009
1430,0.010000000000000009
1431,0.010000000000000009
1432,0.010000000000000009
1433,0.010000000000000009
1434,0.010000000000000009
1435,0.010000000000000009
1436,0.010000000000000009
1437,0.010000000000000009
1438,0.010000000000000009
1439,0.010000000000000009
1440,0.010000000000000009
1441,0.010000000000000009
1442,0.010000000000000009
1443,0.010000000000000009
1444,0.010000000000000009
1445,0.010000000000000009
1446,0.010000000000000009
1447,0.010000000000000009
1448,0.010000000000000009
1449,0.010000000000000009
1450,0.010000000000000009
1451,0.010000000000000009
1452,0.010000000000000009
1453,0.010000000000000009
1454,0.010000000000000009
1455,0.010000000000000009
1456,0.010000000000000009
1457,0.010000000000000009
1458,0.010000000000000009
1459,0.010000000000000009
1460,0.010000000000000009
1461,0.010000000000000009
1462,0.010000000000000009
1463,0.010000000000000009
1464,0.010000000000000009
1465,0.010000000000000009
1466,0.010000000000000009
1467,0.010000000000000009
1468,0.010000000000000009
1469,0.010000000000000009
1470,0.010000000000000009
1471,0.010000000000000009
1472,0.010000000000000009
1473,0.010000000000000009
1474,0.010000000000000009
1475,0.010000000000000009
1476,0.010000000000000009
1477,0.010000000000000009
1478,0.010000000000000009
1479,0.010000000000000009
1480,0.010000000000000009
1481,0.010000000000000009
1482,0.010000000000000009
1483,0.010000000000000009
1484,0.010000000000000009
1485,0.010000000000000009
1486,0.010000000000000009
1487,0.010000000000000009
1488,0.010000000000000009
1489,0.010000000000000009
1490,0.010000000000000009
1491,0.010000000000000009
1492,0.010000000000000009
1493,0.010000000000000009
1494,0.010000000000000009
1495,0.010000000000000009
1496,0.010000000000000009
1497,0.010000000000000009
1498,0.010000000000000009
1499,0.010000000000000009
1500,0.010000000000000009
1501,0.010000000000000009
1502,0.010000000000000009
1503,0.010000000000000009
1504,0.010000000000000009
1505,0.010000000000000009
1506,0.010000000000000009
1507,0.010000000000000009
1508,0.010000000000000009
1509,0.010000000000000009
1510,0.010000000000000009
1511,0.010000000000000009
1512,0.010000000000000009
1513,0.010000000000000009
1514,0.010000000000000009
1515,0.010000000000000009
1516,0.010000000000000009
1517,0.010000000000000009
1518,0.010000000000000009
1519,0.010000000000000009
1520,0.010000000000000009
1521,0.010000000000000009
1522,0.010000000000000009
1523,0.010000000000000009
1524,0.010000000000000009
1525,0.010000000000000009
1526,0.010000000000000009
1527,0.010000000000000009
1528,0.010000000000000009
1529,0.010000000000000009
1530,0.010000000000000009
1531,0.010000000000000009
1532,0.010000000000000009
1533,0.010000000000000009
1534,0.010000000000000009
1535,0.010000000000000009
1536,0.010000000000000009
1537,0.010000000000000009
1538,0.010000000000000009
1539,0.010000000000000009
1540,0.010000000000000009
1541,0.010000000000000009
1542,0.010000000000000009
1543,0.010000000000000009
1544,0.010000000000000009
1545,0.010000000000000009
1546,0.010000000000000009
1547,0.010000000000000009
1548,0.010000000000000009
1549,0.010000000000000009
1550,0.010000000000000009
1551,0.010000000000000009
1552,0.010000000000000009
1553,0.010000000000000009
1554,0.010000000000000009
1555,0.010000000000000009
1556,0.010000000000000009
1557,0.010000000000000009
1558,0.010000000000000009
1559,0.010000000000000009
1560,0.010000000000000009
1561,0.010000000000000009
1562,0.010000000000000009
1563,0.010000000000000009
1564,0.010000000000000009
1565,0.010000000000000009
1566,0.010000000000000009
1567,0.010000000000000009
1568,0.010000000000000009
1569,0.010000000000000009
1570,0.010000000000000009
1571,0.010000000000000009
1572,0.010000000000000009
1573,0.010000000000000009
1574,0.010000000000000009
1575,0.010000000000000009
1576,0.010000000000000009
1577,0.010000000000000009
1578,0.010000000000000009
1579,0.010000000000000009
1580,0.010000000000000009
1581,0.010000000000000009
1582,0.010000000000000009
1583,0.010000000000000009
1584,0.010000000000000009
1585,0.010000000000000009
1586,0.010000000000000009
1587,0.010000000000000009
1588,0.010000000000000009
1589,0.010000000000000009
1590,0.010000000000000009
1591,0.010000000000000009
1592,0.010000000000000009
1593,0.010000000000000009
1594,0.010000000000000009
1595,0.010000000000000009
1596,0.010000000000000009
1597,0.010000000000000009
1598,0.010000000000000009
1599,0.010000000000000009
1600,0.010000000000000009
1601,0.010000000000000009
1602,0.010000000000000009
1603,0.010000000000000009
1604,0.010000000000000009
1605,0.010000000000000009
