0,1.0
1,0.9934875148413276
2,0.982728435601058
3,0.9726644831332344
4,0.963276447707571
5,0.9556806597884128
6,0.9498355781744606
7,0.9410425158785648
8,0.9310413601590066
9,0.9250740062282917
10,0.9168752897377063
11,0.9090196960984135
12,0.8998073184186025
13,0.8915704710644978
14,0.8839340744579859
15,0.8701484091416491
16,0.8625270536395041
17,0.8520209903839044
18,0.8392361228673623
19,0.8327932410136044
20,0.8229787269795313
21,0.8170655914763931
22,0.8088753636145816
23,0.8002939328251522
24,0.7941536185063215
25,0.7851875058550589
26,0.7762472843214941
27,0.764386580708355
28,0.754717493515307
29,0.7484142216766447
30,0.7383669279492623
31,0.7312637942590969
32,0.7224465865796045
33,0.7164871001371332
34,0.7104373622354365
35,0.7035372442897581
36,0.6734177903813822
37,0.6653077306742102
38,0.6547772724490261
39,0.6465767188691753
40,0.6357837994328754
41,0.6283811056056462
42,0.6180182774615003
43,0.6060979165761728
44,0.6005799044792799
45,0.589986567116695
46,0.5778202703049818
47,0.5724515196799712
48,0.5678024922198481
49,0.5553920768774829
50,0.5461987760320145
51,0.5393262350154565
52,0.5319673004626482
53,0.5245562831294455
54,0.5181643623232847
55,0.5050233549281177
56,0.47942331084747786
57,0.4744272579707174
58,0.4671469729996166
59,0.4616939926413779
60,0.45456885312577333
61,0.44764362740294583
62,0.4363262691414252
63,0.4228172260746279
64,0.4187096260439781
65,0.4096563061497255
66,0.39610329725342447
67,0.37602621009861825
68,0.36745337824580726
69,0.3445896792802743
70,0.31274926150144317
71,0.3062207469581236
72,0.300239064326337
73,0.28061710987316163
74,0.2760821094065248
75,0.26917537163634236
76,0.2656744468315156
77,0.26001100655887877
78,0.2362193136553072
79,0.23238385006569617
80,0.21122122870634047
81,0.1920724970366684
82,0.1747460081140189
83,0.15906835261362012
84,0.14488262328978202
85,0.13204684459544333
86,0.1291287621644087
87,0.11779216157066347
88,0.1166449340545542
89,0.10649632677653799
90,0.10451938475335674
91,0.10263851122268076
92,0.09382279130542572
93,0.08584599805736848
94,0.0786282970505897
95,0.07209745110746044
96,0.06618809732668873
97,0.060841092909434236
98,0.05639561466003999
99,0.0519804881771819
100,0.0479855165301304
101,0.044370716699885446
102,0.04109991055476978
103,0.03814036276752717
104,0.03546245318916453
105,0.03303938040054511
106,0.03157218909350936
107,0.029519323880754497
108,0.028020408895530008
109,0.02630554025698361
110,0.024753862945810445
111,0.02342615866419721
112,0.022199621700816248
113,0.021038674200782037
114,0.01998820546237578
115,0.019037702041388764
116,0.01817765098010853
117,0.017399444598440637
118,0.016695294345353155
119,0.01605815284844011
120,0.015481643381449743
121,0.015017867000597904
122,0.014540353820868853
123,0.014258874583613433
124,0.013973331625434269
125,0.013609267860781798
126,0.013373682720601255
127,0.013072233873636367
128,0.0128734257042128
129,0.012599983095118068
130,0.012352561990723775
131,0.012164750133744448
132,0.011958746921710325
133,0.011812677335304458
134,0.011673646774828376
135,0.01152227350314616
136,0.011377410026131326
137,0.011261504357265938
138,0.011170001397354027
139,0.011058661043480283
140,0.010957916125157953
141,0.010866758353382933
142,0.010784275390536113
143,0.01070964171940184
144,0.01064211038111416
145,0.010581005499341423
146,0.010525715515888786
147,0.010478167085233608
148,0.01043266347079256
149,0.010391490097790416
150,0.010354234889271325
151,0.01032052498258652
152,0.010290022997659607
153,0.010262423660373369
154,0.010237450747283784
155,0.010214854321082968
156,0.010194408229142582
157,0.010175907840102317
158,0.010159167995850463
159,0.010144021158399292
160,0.010130315733108563
161,0.010119948228690445
162,0.01010853364554625
163,0.0100982053036061
164,0.01008885983335238
165,0.010080403702177674
166,0.010072752278278979
167,0.01006600036168656
168,0.010059719596857907
169,0.010054036525827056
170,0.010048894270508988
171,0.010044241365484104
172,0.010040031242915021
173,0.010036221766479997
174,0.010032774809658461
175,0.010029655874147982
176,0.010026833744593658
177,0.010024280176174362
178,0.010021969611919068
179,0.010019878926924101
180,0.01001798719691133
181,0.010016275488810952
182,0.010014726671272975
183,0.010013325243210903
184,0.010012057178661654
185,0.01001090978640901
186,0.010009871582965651
187,0.010008932177642567
188,0.010008082168555539
189,0.010007313048527925
190,0.01000661711994798
191,0.010005987417728564
192,0.010005417639598217
193,0.0100049020830259
194,0.010004435588148152
195,0.010004013486127445
196,0.01000363155242488
197,0.010003285964519592
198,0.010002973263651665
199,0.010002690320205712
200,0.010002434302388627
201,0.010002202647888044
202,0.010001993038227859
203,0.010001803375564142
204,0.010001631761689207
205,0.010001476479033712
206,0.010001335973476648
207,0.010001208838791175
208,0.010001093802570629
209,0.010000989713493849
210,0.01000089552980237
211,0.01000081030887415
212,0.010000733197789498
213,0.010000663424794758
214,0.01000060029157835
215,0.010000543166281822
216,0.010000491477176009
217,0.010000444706938963
218,0.010000402387478433
219,0.010000364095247035
220,0.010000329447003247
221,0.010000298095975798
222,0.010000269728393067
223,0.010000244060342754
224,0.010000220834930382
225,0.01000019981970822
226,0.010000180804348857
227,0.010000163598540189
228,0.010000148030080699
229,0.010000133943156011
230,0.01000012119677945
231,0.01000010966338099
232,0.010000099227530508
233,0.010000089784782503
234,0.010000081240630778
235,0.010000073509562593
236,0.010000066514202818
237,0.01000006018453954
238,0.010000054457223363
239,0.01000004927493338
240,0.010000044585803494
241,0.010000040342903315
242,0.010000036503768472
243,0.010000033029975612
244,0.010000029886757852
245,0.010000027042656809
246,0.010000024469207763
247,0.010000022140654773
248,0.0100000200336929
249,0.010000018127234956
250,0.010000017538798799
251,0.01000001586976142
252,0.010000014359553949
253,0.010000012993061719
254,0.010000011756608418
255,0.010000010637819206
256,0.010000009625496863
257,0.01000000870950973
258,0.010000007880690297
259,0.010000007130743461
260,0.010000006452163502
261,0.010000005838158963
262,0.010000005433673916
263,0.010000004916591476
264,0.010000004448715938
265,0.010000004025364643
266,0.01000000364230055
267,0.010000003295689825
268,0.010000002982063473
269,0.010000002698282613
270,0.010000002441507073
271,0.010000002209166955
272,0.010000001998936924
273,0.010000001808712926
274,0.010000001636591134
275,0.010000001480848895
276,0.01000000133992749
277,0.010000001252717888
278,0.01000000113350602
279,0.010000001025638661
280,0.010000000928036238
281,0.010000000839721914
282,0.01000000075981181
283,0.010000000687506156
284,0.010000000622081295
285,0.010000000562882432
286,0.010000000509317087
287,0.010000000460849158
288,0.010000000416993561
289,0.010000000377311377
290,0.010000000341405453
291,0.010000000308916429
292,0.010000000279519144
293,0.01000000025291938
294,0.01000000022885092
295,0.010000000207072875
296,0.010000000187367285
297,0.01000000016953693
298,0.010000000153403358
299,0.010000000138805098
300,0.010000000125596046
301,0.010000000113644002
302,0.010000000102829346
303,0.01000000009304384
304,0.010000000084189548
305,0.010000000076177852
306,0.010000000068928571
307,0.01000000006236915
308,0.010000000056433941
309,0.01000000005106354
310,0.010000000046204202
311,0.01000000004180729
312,0.010000000037828801
313,0.010000000034228915
314,0.010000000030971604
315,0.010000000028024265
316,0.010000000025357404
317,0.010000000022944327
318,0.010000000020760886
319,0.010000000018785227
320,0.010000000016997577
321,0.010000000015380045
322,0.01000000001391644
323,0.010000000012592115
324,0.010000000011393817
325,0.010000000010309552
326,0.010000000009328469
327,0.010000000008440748
328,0.010000000007637505
329,0.010000000006910701
330,0.01000000000625306
331,0.010000000005658004
332,0.010000000005119573
333,0.010000000004632381
334,0.010000000004191552
335,0.010000000003792673
336,0.010000000003431752
337,0.010000000003105178
338,0.010000000002809682
339,0.010000000002542305
340,0.010000000002300374
341,0.010000000002081464
342,0.010000000001883386
343,0.010000000001704158
344,0.010000000001541985
345,0.010000000001395247
346,0.010000000001262471
347,0.010000000001142331
348,0.010000000001033625
349,0.010000000000935262
350,0.01000000000084626
351,0.010000000000765728
352,0.01000000000069286
353,0.010000000000626924
354,0.010000000000567265
355,0.010000000000513282
356,0.010000000000464438
357,0.01000000000042024
358,0.01000000000038025
359,0.010000000000344064
360,0.010000000000311322
361,0.010000000000281697
362,0.01000000000025489
363,0.010000000000230633
364,0.010000000000208686
365,0.010000000000188827
366,0.010000000000170857
367,0.010000000000154597
368,0.010000000000139885
369,0.010000000000126573
370,0.010000000000114528
371,0.010000000000103629
372,0.010000000000093767
373,0.010000000000084844
374,0.01000000000007677
375,0.010000000000069465
376,0.010000000000062854
377,0.010000000000056873
378,0.01000000000005146
379,0.010000000000046564
380,0.010000000000042133
381,0.010000000000038124
382,0.010000000000034497
383,0.010000000000031215
384,0.010000000000028245
385,0.010000000000025558
386,0.010000000000023126
387,0.010000000000020924
388,0.010000000000018933
389,0.01000000000001713
390,0.0100000000000155
391,0.010000000000014025
392,0.010000000000012691
393,0.010000000000011484
394,0.010000000000010391
395,0.010000000000009402
396,0.010000000000008507
397,0.010000000000008391
398,0.010000000000007593
399,0.01000000000000687
400,0.010000000000006216
401,0.010000000000005624
402,0.010000000000005088
403,0.010000000000004604
404,0.010000000000004165
405,0.01000000000000377
406,0.01000000000000341
407,0.010000000000003086
408,0.010000000000002793
409,0.010000000000002559
410,0.010000000000002316
411,0.010000000000002096
412,0.010000000000001896
413,0.01000000000000175
414,0.010000000000001584
415,0.010000000000001473
416,0.010000000000001332
417,0.010000000000001313
418,0.010000000000001206
419,0.010000000000001091
420,0.010000000000000987
421,0.010000000000000894
422,0.010000000000000809
423,0.010000000000000732
424,0.010000000000000663
425,0.0100000000000006
426,0.010000000000000543
427,0.010000000000000491
428,0.010000000000000444
429,0.010000000000000403
430,0.010000000000000365
431,0.01000000000000033
432,0.010000000000000299
433,0.01000000000000027
434,0.010000000000000245
435,0.010000000000000222
436,0.010000000000000201
437,0.010000000000000182
438,0.010000000000000165
439,0.01000000000000015
440,0.010000000000000136
441,0.010000000000000123
442,0.010000000000000111
443,0.0100000000000001
444,0.01000000000000009
445,0.010000000000000082
446,0.010000000000000075
447,0.010000000000000068
448,0.010000000000000061
449,0.010000000000000056
450,0.010000000000000054
451,0.010000000000000049
452,0.010000000000000044
453,0.01000000000000004
454,0.010000000000000037
455,0.010000000000000035
456,0.010000000000000031
457,0.010000000000000028
458,0.010000000000000024
459,0.010000000000000023
460,0.010000000000000021
461,0.01000000000000002
462,0.010000000000000018
463,0.010000000000000016
464,0.010000000000000014
465,0.010000000000000012
466,0.01000000000000001
467,0.010000000000000009
468,0.010000000000000009
469,0.010000000000000009
470,0.010000000000000009
471,0.010000000000000009
472,0.010000000000000009
473,0.010000000000000009
474,0.010000000000000009
475,0.010000000000000009
476,0.010000000000000009
477,0.010000000000000009
478,0.010000000000000009
479,0.010000000000000009
480,0.010000000000000009
481,0.010000000000000009
482,0.010000000000000009
483,0.010000000000000009
484,0.010000000000000009
485,0.010000000000000009
486,0.010000000000000009
487,0.010000000000000009
488,0.010000000000000009
489,0.010000000000000009
490,0.010000000000000009
491,0.010000000000000009
492,0.010000000000000009
493,0.010000000000000009
494,0.010000000000000009
495,0.010000000000000009
496,0.010000000000000009
497,0.010000000000000009
498,0.010000000000000009
499,0.010000000000000009
500,0.010000000000000009
501,0.010000000000000009
502,0.010000000000000009
503,0.010000000000000009
504,0.010000000000000009
505,0.010000000000000009
506,0.010000000000000009
507,0.010000000000000009
508,0.010000000000000009
509,0.010000000000000009
510,0.010000000000000009
511,0.010000000000000009
512,0.010000000000000009
513,0.010000000000000009
514,0.010000000000000009
515,0.010000000000000009
516,0.010000000000000009
517,0.010000000000000009
518,0.010000000000000009
519,0.010000000000000009
520,0.010000000000000009
521,0.010000000000000009
522,0.010000000000000009
523,0.010000000000000009
524,0.010000000000000009
525,0.010000000000000009
526,0.010000000000000009
527,0.010000000000000009
528,0.010000000000000009
529,0.010000000000000009
530,0.010000000000000009
531,0.010000000000000009
532,0.010000000000000009
533,0.010000000000000009
534,0.010000000000000009
535,0.010000000000000009
536,0.010000000000000009
537,0.010000000000000009
538,0.010000000000000009
539,0.010000000000000009
540,0.010000000000000009
541,0.010000000000000009
542,0.010000000000000009
543,0.010000000000000009
544,0.010000000000000009
545,0.010000000000000009
546,0.010000000000000009
547,0.010000000000000009
548,0.010000000000000009
549,0.010000000000000009
550,0.010000000000000009
551,0.010000000000000009
552,0.010000000000000009
553,0.010000000000000009
554,0.010000000000000009
555,0.010000000000000009
556,0.010000000000000009
557,0.010000000000000009
558,0.010000000000000009
559,0.010000000000000009
560,0.010000000000000009
561,0.010000000000000009
562,0.010000000000000009
563,0.010000000000000009
564,0.010000000000000009
565,0.010000000000000009
566,0.010000000000000009
567,0.010000000000000009
568,0.010000000000000009
569,0.010000000000000009
570,0.010000000000000009
571,0.010000000000000009
572,0.010000000000000009
573,0.010000000000000009
574,0.010000000000000009
575,0.010000000000000009
576,0.010000000000000009
577,0.010000000000000009
578,0.010000000000000009
579,0.010000000000000009
580,0.010000000000000009
581,0.010000000000000009
582,0.010000000000000009
583,0.010000000000000009
584,0.010000000000000009
585,0.010000000000000009
586,0.010000000000000009
587,0.010000000000000009
588,0.010000000000000009
589,0.010000000000000009
590,0.010000000000000009
591,0.010000000000000009
592,0.010000000000000009
593,0.010000000000000009
594,0.010000000000000009
595,0.010000000000000009
596,0.010000000000000009
597,0.010000000000000009
598,0.010000000000000009
599,0.010000000000000009
600,0.010000000000000009
601,0.010000000000000009
602,0.010000000000000009
603,0.010000000000000009
604,0.010000000000000009
605,0.010000000000000009
606,0.010000000000000009
607,0.010000000000000009
608,0.010000000000000009
609,0.010000000000000009
610,0.010000000000000009
611,0.010000000000000009
612,0.010000000000000009
613,0.010000000000000009
614,0.010000000000000009
615,0.010000000000000009
616,0.010000000000000009
617,0.010000000000000009
618,0.010000000000000009
619,0.010000000000000009
620,0.010000000000000009
621,0.010000000000000009
622,0.010000000000000009
623,0.010000000000000009
624,0.010000000000000009
625,0.010000000000000009
626,0.010000000000000009
627,0.010000000000000009
628,0.010000000000000009
629,0.010000000000000009
630,0.010000000000000009
631,0.010000000000000009
632,0.010000000000000009
633,0.010000000000000009
634,0.010000000000000009
635,0.010000000000000009
636,0.010000000000000009
637,0.010000000000000009
638,0.010000000000000009
639,0.010000000000000009
640,0.010000000000000009
641,0.010000000000000009
642,0.010000000000000009
643,0.010000000000000009
644,0.010000000000000009
645,0.010000000000000009
646,0.010000000000000009
647,0.010000000000000009
648,0.010000000000000009
649,0.010000000000000009
650,0.010000000000000009
651,0.010000000000000009
652,0.010000000000000009
653,0.010000000000000009
654,0.010000000000000009
655,0.010000000000000009
656,0.010000000000000009
657,0.010000000000000009
658,0.010000000000000009
659,0.010000000000000009
660,0.010000000000000009
661,0.010000000000000009
662,0.010000000000000009
663,0.010000000000000009
664,0.010000000000000009
665,0.010000000000000009
666,0.010000000000000009
667,0.010000000000000009
668,0.010000000000000009
669,0.010000000000000009
670,0.010000000000000009
671,0.010000000000000009
672,0.010000000000000009
673,0.010000000000000009
674,0.010000000000000009
675,0.010000000000000009
676,0.010000000000000009
677,0.010000000000000009
678,0.010000000000000009
679,0.010000000000000009
680,0.010000000000000009
681,0.010000000000000009
682,0.010000000000000009
683,0.010000000000000009
684,0.010000000000000009
685,0.010000000000000009
686,0.010000000000000009
687,0.010000000000000009
688,0.010000000000000009
689,0.010000000000000009
690,0.010000000000000009
691,0.010000000000000009
692,0.010000000000000009
693,0.010000000000000009
694,0.010000000000000009
695,0.010000000000000009
696,0.010000000000000009
697,0.010000000000000009
698,0.010000000000000009
699,0.010000000000000009
700,0.010000000000000009
701,0.010000000000000009
702,0.010000000000000009
703,0.010000000000000009
704,0.010000000000000009
705,0.010000000000000009
706,0.010000000000000009
707,0.010000000000000009
708,0.010000000000000009
709,0.010000000000000009
710,0.010000000000000009
711,0.010000000000000009
712,0.010000000000000009
713,0.010000000000000009
714,0.010000000000000009
715,0.010000000000000009
716,0.010000000000000009
717,0.010000000000000009
718,0.010000000000000009
719,0.010000000000000009
720,0.010000000000000009
721,0.010000000000000009
722,0.010000000000000009
723,0.010000000000000009
724,0.010000000000000009
725,0.010000000000000009
726,0.010000000000000009
727,0.010000000000000009
728,0.010000000000000009
729,0.010000000000000009
730,0.010000000000000009
731,0.010000000000000009
732,0.010000000000000009
733,0.010000000000000009
734,0.010000000000000009
735,0.010000000000000009
736,0.010000000000000009
737,0.010000000000000009
738,0.010000000000000009
739,0.010000000000000009
740,0.010000000000000009
741,0.010000000000000009
742,0.010000000000000009
743,0.010000000000000009
744,0.010000000000000009
745,0.010000000000000009
746,0.010000000000000009
747,0.010000000000000009
748,0.010000000000000009
749,0.010000000000000009
750,0.010000000000000009
751,0.010000000000000009
752,0.010000000000000009
753,0.010000000000000009
754,0.010000000000000009
755,0.010000000000000009
756,0.010000000000000009
757,0.010000000000000009
758,0.010000000000000009
759,0.010000000000000009
760,0.010000000000000009
761,0.010000000000000009
762,0.010000000000000009
763,0.010000000000000009
764,0.010000000000000009
765,0.010000000000000009
766,0.010000000000000009
767,0.010000000000000009
768,0.010000000000000009
769,0.010000000000000009
770,0.010000000000000009
771,0.010000000000000009
772,0.010000000000000009
773,0.010000000000000009
774,0.010000000000000009
775,0.010000000000000009
776,0.010000000000000009
777,0.010000000000000009
778,0.010000000000000009
779,0.010000000000000009
780,0.010000000000000009
781,0.010000000000000009
782,0.010000000000000009
783,0.010000000000000009
784,0.010000000000000009
785,0.010000000000000009
786,0.010000000000000009
787,0.010000000000000009
788,0.010000000000000009
789,0.010000000000000009
790,0.010000000000000009
791,0.010000000000000009
792,0.010000000000000009
793,0.010000000000000009
794,0.010000000000000009
795,0.010000000000000009
796,0.010000000000000009
797,0.010000000000000009
798,0.010000000000000009
799,0.010000000000000009
800,0.010000000000000009
801,0.010000000000000009
802,0.010000000000000009
803,0.010000000000000009
804,0.010000000000000009
805,0.010000000000000009
806,0.010000000000000009
807,0.010000000000000009
808,0.010000000000000009
809,0.010000000000000009
810,0.010000000000000009
811,0.010000000000000009
812,0.010000000000000009
813,0.010000000000000009
814,0.010000000000000009
815,0.010000000000000009
816,0.010000000000000009
817,0.010000000000000009
818,0.010000000000000009
819,0.010000000000000009
820,0.010000000000000009
821,0.010000000000000009
822,0.010000000000000009
823,0.010000000000000009
824,0.010000000000000009
825,0.010000000000000009
826,0.010000000000000009
827,0.010000000000000009
828,0.010000000000000009
829,0.010000000000000009
830,0.010000000000000009
831,0.010000000000000009
832,0.010000000000000009
833,0.010000000000000009
834,0.010000000000000009
835,0.010000000000000009
836,0.010000000000000009
837,0.010000000000000009
838,0.010000000000000009
839,0.010000000000000009
840,0.010000000000000009
841,0.010000000000000009
842,0.010000000000000009
843,0.010000000000000009
844,0.010000000000000009
845,0.010000000000000009
846,0.010000000000000009
847,0.010000000000000009
848,0.010000000000000009
849,0.010000000000000009
850,0.010000000000000009
851,0.010000000000000009
852,0.010000000000000009
853,0.010000000000000009
854,0.010000000000000009
855,0.010000000000000009
856,0.010000000000000009
857,0.010000000000000009
858,0.010000000000000009
859,0.010000000000000009
860,0.010000000000000009
861,0.010000000000000009
862,0.010000000000000009
863,0.010000000000000009
864,0.010000000000000009
865,0.010000000000000009
866,0.010000000000000009
867,0.010000000000000009
868,0.010000000000000009
869,0.010000000000000009
870,0.010000000000000009
871,0.010000000000000009
872,0.010000000000000009
873,0.010000000000000009
874,0.010000000000000009
875,0.010000000000000009
876,0.010000000000000009
877,0.010000000000000009
878,0.010000000000000009
879,0.010000000000000009
880,0.010000000000000009
881,0.010000000000000009
882,0.010000000000000009
883,0.010000000000000009
884,0.010000000000000009
885,0.010000000000000009
886,0.010000000000000009
887,0.010000000000000009
888,0.010000000000000009
889,0.010000000000000009
890,0.010000000000000009
891,0.010000000000000009
892,0.010000000000000009
893,0.010000000000000009
894,0.010000000000000009
895,0.010000000000000009
896,0.010000000000000009
897,0.010000000000000009
898,0.010000000000000009
899,0.010000000000000009
900,0.010000000000000009
901,0.010000000000000009
902,0.010000000000000009
903,0.010000000000000009
904,0.010000000000000009
905,0.010000000000000009
906,0.010000000000000009
907,0.010000000000000009
908,0.010000000000000009
909,0.010000000000000009
910,0.010000000000000009
911,0.010000000000000009
912,0.010000000000000009
913,0.010000000000000009
914,0.010000000000000009
915,0.010000000000000009
916,0.010000000000000009
917,0.010000000000000009
918,0.010000000000000009
919,0.010000000000000009
920,0.010000000000000009
921,0.010000000000000009
922,0.010000000000000009
923,0.010000000000000009
924,0.010000000000000009
925,0.010000000000000009
926,0.010000000000000009
927,0.010000000000000009
928,0.010000000000000009
929,0.010000000000000009
930,0.010000000000000009
931,0.010000000000000009
932,0.010000000000000009
933,0.010000000000000009
934,0.010000000000000009
935,0.010000000000000009
936,0.010000000000000009
937,0.010000000000000009
938,0.010000000000000009
939,0.010000000000000009
940,0.010000000000000009
941,0.010000000000000009
942,0.010000000000000009
943,0.010000000000000009
944,0.010000000000000009
945,0.010000000000000009
946,0.010000000000000009
947,0.010000000000000009
948,0.010000000000000009
949,0.010000000000000009
950,0.010000000000000009
951,0.010000000000000009
952,0.010000000000000009
953,0.010000000000000009
954,0.010000000000000009
955,0.010000000000000009
956,0.010000000000000009
957,0.010000000000000009
958,0.010000000000000009
959,0.010000000000000009
960,0.010000000000000009
961,0.010000000000000009
962,0.010000000000000009
963,0.010000000000000009
964,0.010000000000000009
965,0.010000000000000009
966,0.010000000000000009
967,0.010000000000000009
968,0.010000000000000009
969,0.010000000000000009
970,0.010000000000000009
971,0.010000000000000009
972,0.010000000000000009
973,0.010000000000000009
974,0.010000000000000009
975,0.010000000000000009
976,0.010000000000000009
977,0.010000000000000009
978,0.010000000000000009
979,0.010000000000000009
980,0.010000000000000009
981,0.010000000000000009
982,0.010000000000000009
983,0.010000000000000009
984,0.010000000000000009
985,0.010000000000000009
986,0.010000000000000009
987,0.010000000000000009
988,0.010000000000000009
989,0.010000000000000009
990,0.010000000000000009
991,0.010000000000000009
992,0.010000000000000009
993,0.010000000000000009
994,0.010000000000000009
995,0.010000000000000009
996,0.010000000000000009
997,0.010000000000000009
998,0.010000000000000009
999,0.010000000000000009
1000,0.010000000000000009
1001,0.010000000000000009
1002,0.010000000000000009
1003,0.010000000000000009
1004,0.010000000000000009
1005,0.010000000000000009
1006,0.010000000000000009
1007,0.010000000000000009
1008,0.010000000000000009
1009,0.010000000000000009
1010,0.010000000000000009
1011,0.010000000000000009
1012,0.010000000000000009
1013,0.010000000000000009
1014,0.010000000000000009
1015,0.010000000000000009
1016,0.010000000000000009
1017,0.010000000000000009
1018,0.010000000000000009
1019,0.010000000000000009
1020,0.010000000000000009
1021,0.010000000000000009
1022,0.010000000000000009
1023,0.010000000000000009
1024,0.010000000000000009
1025,0.010000000000000009
1026,0.010000000000000009
1027,0.010000000000000009
1028,0.010000000000000009
1029,0.010000000000000009
1030,0.010000000000000009
1031,0.010000000000000009
1032,0.010000000000000009
1033,0.010000000000000009
1034,0.010000000000000009
1035,0.010000000000000009
1036,0.010000000000000009
1037,0.010000000000000009
1038,0.010000000000000009
1039,0.010000000000000009
1040,0.010000000000000009
1041,0.010000000000000009
1042,0.010000000000000009
1043,0.010000000000000009
1044,0.010000000000000009
1045,0.010000000000000009
1046,0.010000000000000009
1047,0.010000000000000009
1048,0.010000000000000009
1049,0.010000000000000009
1050,0.010000000000000009
1051,0.010000000000000009
1052,0.010000000000000009
1053,0.010000000000000009
1054,0.010000000000000009
1055,0.010000000000000009
1056,0.010000000000000009
1057,0.010000000000000009
1058,0.010000000000000009
1059,0.010000000000000009
1060,0.010000000000000009
1061,0.010000000000000009
1062,0.010000000000000009
1063,0.010000000000000009
1064,0.010000000000000009
1065,0.010000000000000009
1066,0.010000000000000009
1067,0.010000000000000009
1068,0.010000000000000009
1069,0.010000000000000009
1070,0.010000000000000009
1071,0.010000000000000009
1072,0.010000000000000009
1073,0.010000000000000009
1074,0.010000000000000009
1075,0.010000000000000009
1076,0.010000000000000009
1077,0.010000000000000009
1078,0.010000000000000009
1079,0.010000000000000009
1080,0.010000000000000009
1081,0.010000000000000009
1082,0.010000000000000009
1083,0.010000000000000009
1084,0.010000000000000009
1085,0.010000000000000009
1086,0.010000000000000009
1087,0.010000000000000009
1088,0.010000000000000009
1089,0.010000000000000009
1090,0.010000000000000009
1091,0.010000000000000009
1092,0.010000000000000009
1093,0.010000000000000009
1094,0.010000000000000009
1095,0.010000000000000009
1096,0.010000000000000009
1097,0.010000000000000009
1098,0.010000000000000009
1099,0.010000000000000009
1100,0.010000000000000009
1101,0.010000000000000009
1102,0.010000000000000009
1103,0.010000000000000009
1104,0.010000000000000009
1105,0.010000000000000009
1106,0.010000000000000009
1107,0.010000000000000009
1108,0.010000000000000009
1109,0.010000000000000009
1110,0.010000000000000009
1111,0.010000000000000009
1112,0.010000000000000009
1113,0.010000000000000009
1114,0.010000000000000009
1115,0.010000000000000009
1116,0.010000000000000009
1117,0.010000000000000009
1118,0.010000000000000009
1119,0.010000000000000009
1120,0.010000000000000009
1121,0.010000000000000009
1122,0.010000000000000009
1123,0.010000000000000009
1124,0.010000000000000009
1125,0.010000000000000009
1126,0.010000000000000009
1127,0.010000000000000009
1128,0.010000000000000009
1129,0.010000000000000009
1130,0.010000000000000009
1131,0.010000000000000009
1132,0.010000000000000009
1133,0.010000000000000009
1134,0.010000000000000009
1135,0.010000000000000009
1136,0.010000000000000009
1137,0.010000000000000009
1138,0.010000000000000009
1139,0.010000000000000009
1140,0.010000000000000009
1141,0.010000000000000009
1142,0.010000000000000009
1143,0.010000000000000009
1144,0.010000000000000009
1145,0.010000000000000009
1146,0.010000000000000009
1147,0.010000000000000009
1148,0.010000000000000009
1149,0.010000000000000009
1150,0.010000000000000009
1151,0.010000000000000009
1152,0.010000000000000009
1153,0.010000000000000009
1154,0.010000000000000009
1155,0.010000000000000009
1156,0.010000000000000009
1157,0.010000000000000009
1158,0.010000000000000009
1159,0.010000000000000009
1160,0.010000000000000009
1161,0.010000000000000009
1162,0.010000000000000009
1163,0.010000000000000009
1164,0.010000000000000009
1165,0.010000000000000009
1166,0.010000000000000009
1167,0.010000000000000009
1168,0.010000000000000009
1169,0.010000000000000009
1170,0.010000000000000009
1171,0.010000000000000009
1172,0.010000000000000009
1173,0.010000000000000009
1174,0.010000000000000009
1175,0.010000000000000009
1176,0.010000000000000009
1177,0.010000000000000009
1178,0.010000000000000009
1179,0.010000000000000009
1180,0.010000000000000009
1181,0.010000000000000009
1182,0.010000000000000009
1183,0.010000000000000009
1184,0.010000000000000009
1185,0.010000000000000009
1186,0.010000000000000009
1187,0.010000000000000009
1188,0.010000000000000009
1189,0.010000000000000009
1190,0.010000000000000009
1191,0.010000000000000009
1192,0.010000000000000009
1193,0.010000000000000009
1194,0.010000000000000009
1195,0.010000000000000009
1196,0.010000000000000009
1197,0.010000000000000009
1198,0.010000000000000009
1199,0.010000000000000009
1200,0.010000000000000009
1201,0.010000000000000009
1202,0.010000000000000009
1203,0.010000000000000009
1204,0.010000000000000009
1205,0.010000000000000009
1206,0.010000000000000009
1207,0.010000000000000009
1208,0.010000000000000009
1209,0.010000000000000009
1210,0.010000000000000009
1211,0.010000000000000009
1212,0.010000000000000009
1213,0.010000000000000009
1214,0.010000000000000009
1215,0.010000000000000009
1216,0.010000000000000009
1217,0.010000000000000009
1218,0.010000000000000009
1219,0.010000000000000009
1220,0.010000000000000009
1221,0.010000000000000009
1222,0.010000000000000009
1223,0.010000000000000009
1224,0.010000000000000009
1225,0.010000000000000009
1226,0.010000000000000009
1227,0.010000000000000009
1228,0.010000000000000009
1229,0.010000000000000009
1230,0.010000000000000009
1231,0.010000000000000009
1232,0.010000000000000009
1233,0.010000000000000009
1234,0.010000000000000009
1235,0.010000000000000009
1236,0.010000000000000009
1237,0.010000000000000009
1238,0.010000000000000009
1239,0.010000000000000009
1240,0.010000000000000009
1241,0.010000000000000009
1242,0.010000000000000009
1243,0.010000000000000009
1244,0.010000000000000009
1245,0.010000000000000009
1246,0.010000000000000009
1247,0.010000000000000009
1248,0.010000000000000009
1249,0.010000000000000009
1250,0.010000000000000009
1251,0.010000000000000009
1252,0.010000000000000009
1253,0.010000000000000009
1254,0.010000000000000009
1255,0.010000000000000009
1256,0.010000000000000009
1257,0.010000000000000009
1258,0.010000000000000009
1259,0.010000000000000009
1260,0.010000000000000009
1261,0.010000000000000009
1262,0.010000000000000009
1263,0.010000000000000009
1264,0.010000000000000009
1265,0.010000000000000009
1266,0.010000000000000009
1267,0.010000000000000009
1268,0.010000000000000009
1269,0.010000000000000009
1270,0.010000000000000009
1271,0.010000000000000009
1272,0.010000000000000009
1273,0.010000000000000009
1274,0.010000000000000009
1275,0.010000000000000009
1276,0.010000000000000009
1277,0.010000000000000009
1278,0.010000000000000009
1279,0.010000000000000009
1280,0.010000000000000009
1281,0.010000000000000009
1282,0.010000000000000009
1283,0.010000000000000009
1284,0.010000000000000009
1285,0.010000000000000009
1286,0.010000000000000009
1287,0.010000000000000009
1288,0.010000000000000009
1289,0.010000000000000009
1290,0.010000000000000009
1291,0.010000000000000009
1292,0.010000000000000009
1293,0.010000000000000009
1294,0.010000000000000009
1295,0.010000000000000009
1296,0.010000000000000009
1297,0.010000000000000009
1298,0.010000000000000009
1299,0.010000000000000009
1300,0.010000000000000009
1301,0.010000000000000009
1302,0.010000000000000009
1303,0.010000000000000009
1304,0.010000000000000009
1305,0.010000000000000009
1306,0.010000000000000009
1307,0.010000000000000009
1308,0.010000000000000009
1309,0.010000000000000009
1310,0.010000000000000009
1311,0.010000000000000009
1312,0.010000000000000009
1313,0.010000000000000009
1314,0.010000000000000009
1315,0.010000000000000009
1316,0.010000000000000009
1317,0.010000000000000009
1318,0.010000000000000009
1319,0.010000000000000009
1320,0.010000000000000009
1321,0.010000000000000009
1322,0.010000000000000009
1323,0.010000000000000009
1324,0.010000000000000009
1325,0.010000000000000009
1326,0.010000000000000009
1327,0.010000000000000009
1328,0.010000000000000009
1329,0.010000000000000009
1330,0.010000000000000009
1331,0.010000000000000009
1332,0.010000000000000009
1333,0.010000000000000009
1334,0.010000000000000009
1335,0.010000000000000009
1336,0.010000000000000009
1337,0.010000000000000009
1338,0.010000000000000009
1339,0.010000000000000009
1340,0.010000000000000009
1341,0.010000000000000009
1342,0.010000000000000009
1343,0.010000000000000009
1344,0.010000000000000009
1345,0.010000000000000009
1346,0.010000000000000009
1347,0.010000000000000009
1348,0.010000000000000009
1349,0.010000000000000009
1350,0.010000000000000009
1351,0.010000000000000009
1352,0.010000000000000009
1353,0.010000000000000009
1354,0.010000000000000009
1355,0.010000000000000009
1356,0.010000000000000009
1357,0.010000000000000009
1358,0.010000000000000009
1359,0.010000000000000009
1360,0.010000000000000009
1361,0.010000000000000009
1362,0.010000000000000009
1363,0.010000000000000009
1364,0.010000000000000009
1365,0.010000000000000009
1366,0.010000000000000009
1367,0.010000000000000009
1368,0.010000000000000009
1369,0.010000000000000009
1370,0.010000000000000009
1371,0.010000000000000009
1372,0.010000000000000009
1373,0.010000000000000009
1374,0.010000000000000009
1375,0.010000000000000009
1376,0.010000000000000009
1377,0.010000000000000009
1378,0.010000000000000009
1379,0.010000000000000009
1380,0.010000000000000009
1381,0.010000000000000009
1382,0.010000000000000009
1383,0.010000000000000009
1384,0.010000000000000009
1385,0.010000000000000009
1386,0.010000000000000009
1387,0.010000000000000009
1388,0.010000000000000009
1389,0.010000000000000009
1390,0.010000000000000009
1391,0.010000000000000009
1392,0.010000000000000009
1393,0.010000000000000009
1394,0.010000000000000009
1395,0.010000000000000009
1396,0.010000000000000009
1397,0.010000000000000009
1398,0.010000000000000009
1399,0.010000000000000009
1400,0.010000000000000009
1401,0.010000000000000009
1402,0.010000000000000009
1403,0.010000000000000009
1404,0.010000000000000009
1405,0.010000000000000009
1406,0.010000000000000009
1407,0.010000000000000009
1408,0.010000000000000009
1409,0.010000000000000009
1410,0.010000000000000009
1411,0.010000000000000009
1412,0.010000000000000009
1413,0.010000000000000009
1414,0.010000000000000009
1415,0.010000000000000009
1416,0.010000000000000009
1417,0.010000000000000009
1418,0.010000000000000009
1419,0.010000000000000009
1420,0.010000000000000009
1421,0.010000000000000009
1422,0.010000000000000009
1423,0.010000000000000009
1424,0.010000000000000009
1425,0.010000000000000009
1426,0.010000000000000009
1427,0.010000000000000009
1428,0.010000000000000009
1429,0.010000000000000009
1430,0.010000000000000009
1431,0.010000000000000009
1432,0.010000000000000009
1433,0.010000000000000009
1434,0.010000000000000009
1435,0.010000000000000009
1436,0.010000000000000009
1437,0.010000000000000009
1438,0.010000000000000009
1439,0.010000000000000009
1440,0.010000000000000009
1441,0.010000000000000009
1442,0.010000000000000009
1443,0.010000000000000009
1444,0.010000000000000009
1445,0.010000000000000009
1446,0.010000000000000009
1447,0.010000000000000009
1448,0.010000000000000009
1449,0.010000000000000009
1450,0.010000000000000009
1451,0.010000000000000009
1452,0.010000000000000009
1453,0.010000000000000009
1454,0.010000000000000009
1455,0.010000000000000009
1456,0.010000000000000009
1457,0.010000000000000009
1458,0.010000000000000009
1459,0.010000000000000009
1460,0.010000000000000009
1461,0.010000000000000009
1462,0.010000000000000009
1463,0.010000000000000009
1464,0.010000000000000009
1465,0.010000000000000009
1466,0.010000000000000009
1467,0.010000000000000009
1468,0.010000000000000009
1469,0.010000000000000009
1470,0.010000000000000009
1471,0.010000000000000009
1472,0.010000000000000009
1473,0.010000000000000009
1474,0.010000000000000009
1475,0.010000000000000009
1476,0.010000000000000009
1477,0.010000000000000009
1478,0.010000000000000009
1479,0.010000000000000009
1480,0.010000000000000009
1481,0.010000000000000009
1482,0.010000000000000009
1483,0.010000000000000009
1484,0.010000000000000009
1485,0.010000000000000009
1486,0.010000000000000009
1487,0.010000000000000009
1488,0.010000000000000009
1489,0.010000000000000009
1490,0.010000000000000009
1491,0.010000000000000009
1492,0.010000000000000009
1493,0.010000000000000009
1494,0.010000000000000009
1495,0.010000000000000009
1496,0.010000000000000009
1497,0.010000000000000009
1498,0.010000000000000009
1499,0.010000000000000009
1500,0.010000000000000009
1501,0.010000000000000009
1502,0.010000000000000009
1503,0.010000000000000009
1504,0.010000000000000009
1505,0.010000000000000009
1506,0.010000000000000009
1507,0.010000000000000009
1508,0.010000000000000009
1509,0.010000000000000009
1510,0.010000000000000009
1511,0.010000000000000009
1512,0.010000000000000009
1513,0.010000000000000009
1514,0.010000000000000009
1515,0.010000000000000009
1516,0.010000000000000009
1517,0.010000000000000009
1518,0.010000000000000009
1519,0.010000000000000009
1520,0.010000000000000009
1521,0.010000000000000009
1522,0.010000000000000009
1523,0.010000000000000009
1524,0.010000000000000009
1525,0.010000000000000009
1526,0.010000000000000009
1527,0.010000000000000009
1528,0.010000000000000009
1529,0.010000000000000009
1530,0.010000000000000009
1531,0.010000000000000009
1532,0.010000000000000009
1533,0.010000000000000009
1534,0.010000000000000009
1535,0.010000000000000009
1536,0.010000000000000009
1537,0.010000000000000009
1538,0.010000000000000009
1539,0.010000000000000009
1540,0.010000000000000009
1541,0.010000000000000009
1542,0.010000000000000009
1543,0.010000000000000009
1544,0.010000000000000009
1545,0.010000000000000009
1546,0.010000000000000009
1547,0.010000000000000009
1548,0.010000000000000009
1549,0.010000000000000009
1550,0.010000000000000009
1551,0.010000000000000009
1552,0.010000000000000009
1553,0.010000000000000009
1554,0.010000000000000009
1555,0.010000000000000009
1556,0.010000000000000009
1557,0.010000000000000009
1558,0.010000000000000009
1559,0.010000000000000009
1560,0.010000000000000009
1561,0.010000000000000009
1562,0.010000000000000009
1563,0.010000000000000009
1564,0.010000000000000009
1565,0.010000000000000009
1566,0.010000000000000009
1567,0.010000000000000009
1568,0.010000000000000009
1569,0.010000000000000009
1570,0.010000000000000009
1571,0.010000000000000009
1572,0.010000000000000009
1573,0.010000000000000009
1574,0.010000000000000009
1575,0.010000000000000009
1576,0.010000000000000009
1577,0.010000000000000009
1578,0.010000000000000009
1579,0.010000000000000009
1580,0.010000000000000009
1581,0.010000000000000009
1582,0.010000000000000009
1583,0.010000000000000009
1584,0.010000000000000009
1585,0.010000000000000009
1586,0.010000000000000009
1587,0.010000000000000009
1588,0.010000000000000009
1589,0.010000000000000009
1590,0.010000000000000009
1591,0.010000000000000009
1592,0.010000000000000009
1593,0.010000000000000009
1594,0.010000000000000009
1595,0.010000000000000009
1596,0.010000000000000009
1597,0.010000000000000009
1598,0.010000000000000009
1599,0.010000000000000009
1600,0.010000000000000009
1601,0.010000000000000009
1602,0.010000000000000009
1603,0.010000000000000009
1604,0.010000000000000009
1605,0.010000000000000009
1606,0.010000000000000009
1607,0.010000000000000009
1608,0.010000000000000009
1609,0.010000000000000009
1610,0.010000000000000009
1611,0.010000000000000009
1612,0.010000000000000009
1613,0.010000000000000009
1614,0.010000000000000009
1615,0.010000000000000009
1616,0.010000000000000009
1617,0.010000000000000009
1618,0.010000000000000009
1619,0.010000000000000009
1620,0.010000000000000009
1621,0.010000000000000009
1622,0.010000000000000009
1623,0.010000000000000009
1624,0.010000000000000009
1625,0.010000000000000009
1626,0.010000000000000009
1627,0.010000000000000009
1628,0.010000000000000009
1629,0.010000000000000009
1630,0.010000000000000009
1631,0.010000000000000009
1632,0.010000000000000009
1633,0.010000000000000009
1634,0.010000000000000009
1635,0.010000000000000009
1636,0.010000000000000009
1637,0.010000000000000009
1638,0.010000000000000009
1639,0.010000000000000009
1640,0.010000000000000009
1641,0.010000000000000009
1642,0.010000000000000009
1643,0.010000000000000009
1644,0.010000000000000009
1645,0.010000000000000009
1646,0.010000000000000009
1647,0.010000000000000009
1648,0.010000000000000009
1649,0.010000000000000009
1650,0.010000000000000009
1651,0.010000000000000009
1652,0.010000000000000009
1653,0.010000000000000009
1654,0.010000000000000009
1655,0.010000000000000009
1656,0.010000000000000009
1657,0.010000000000000009
1658,0.010000000000000009
1659,0.010000000000000009
1660,0.010000000000000009
1661,0.010000000000000009
1662,0.010000000000000009
1663,0.010000000000000009
1664,0.010000000000000009
1665,0.010000000000000009
1666,0.010000000000000009
1667,0.010000000000000009
1668,0.010000000000000009
1669,0.010000000000000009
1670,0.010000000000000009
1671,0.010000000000000009
1672,0.010000000000000009
1673,0.010000000000000009
1674,0.010000000000000009
1675,0.010000000000000009
1676,0.010000000000000009
1677,0.010000000000000009
1678,0.010000000000000009
1679,0.010000000000000009
1680,0.010000000000000009
1681,0.010000000000000009
1682,0.010000000000000009
1683,0.010000000000000009
1684,0.010000000000000009
1685,0.010000000000000009
1686,0.010000000000000009
1687,0.010000000000000009
1688,0.010000000000000009
1689,0.010000000000000009
1690,0.010000000000000009
1691,0.010000000000000009
1692,0.010000000000000009
1693,0.010000000000000009
1694,0.010000000000000009
1695,0.010000000000000009
1696,0.010000000000000009
1697,0.010000000000000009
1698,0.010000000000000009
1699,0.010000000000000009
1700,0.010000000000000009
1701,0.010000000000000009
1702,0.010000000000000009
1703,0.010000000000000009
1704,0.010000000000000009
1705,0.010000000000000009
1706,0.010000000000000009
1707,0.010000000000000009
1708,0.010000000000000009
1709,0.010000000000000009
1710,0.010000000000000009
1711,0.010000000000000009
1712,0.010000000000000009
1713,0.010000000000000009
1714,0.010000000000000009
1715,0.010000000000000009
1716,0.010000000000000009
1717,0.010000000000000009
1718,0.010000000000000009
1719,0.010000000000000009
1720,0.010000000000000009
1721,0.010000000000000009
1722,0.010000000000000009
1723,0.010000000000000009
1724,0.010000000000000009
1725,0.010000000000000009
1726,0.010000000000000009
1727,0.010000000000000009
1728,0.010000000000000009
1729,0.010000000000000009
1730,0.010000000000000009
1731,0.010000000000000009
1732,0.010000000000000009
1733,0.010000000000000009
1734,0.010000000000000009
1735,0.010000000000000009
1736,0.010000000000000009
1737,0.010000000000000009
1738,0.010000000000000009
1739,0.010000000000000009
1740,0.010000000000000009
1741,0.010000000000000009
1742,0.010000000000000009
1743,0.010000000000000009
1744,0.010000000000000009
1745,0.010000000000000009
1746,0.010000000000000009
1747,0.010000000000000009
1748,0.010000000000000009
1749,0.010000000000000009
1750,0.010000000000000009
1751,0.010000000000000009
1752,0.010000000000000009
1753,0.010000000000000009
1754,0.010000000000000009
1755,0.010000000000000009
1756,0.010000000000000009
1757,0.010000000000000009
1758,0.010000000000000009
1759,0.010000000000000009
1760,0.010000000000000009
1761,0.010000000000000009
1762,0.010000000000000009
1763,0.010000000000000009
1764,0.010000000000000009
1765,0.010000000000000009
1766,0.010000000000000009
1767,0.010000000000000009
1768,0.010000000000000009
1769,0.010000000000000009
1770,0.010000000000000009
1771,0.010000000000000009
1772,0.010000000000000009
1773,0.010000000000000009
1774,0.010000000000000009
1775,0.010000000000000009
1776,0.010000000000000009
1777,0.010000000000000009
1778,0.010000000000000009
1779,0.010000000000000009
1780,0.010000000000000009
1781,0.010000000000000009
1782,0.010000000000000009
1783,0.010000000000000009
1784,0.010000000000000009
1785,0.010000000000000009
1786,0.010000000000000009
1787,0.010000000000000009
1788,0.010000000000000009
1789,0.010000000000000009
1790,0.010000000000000009
1791,0.010000000000000009
1792,0.010000000000000009
1793,0.010000000000000009
1794,0.010000000000000009
1795,0.010000000000000009
1796,0.010000000000000009
1797,0.010000000000000009
1798,0.010000000000000009
1799,0.010000000000000009
1800,0.010000000000000009
1801,0.010000000000000009
1802,0.010000000000000009
1803,0.010000000000000009
1804,0.010000000000000009
1805,0.010000000000000009
1806,0.010000000000000009
1807,0.010000000000000009
1808,0.010000000000000009
1809,0.010000000000000009
1810,0.010000000000000009
1811,0.010000000000000009
1812,0.010000000000000009
1813,0.010000000000000009
1814,0.010000000000000009
1815,0.010000000000000009
1816,0.010000000000000009
1817,0.010000000000000009
1818,0.010000000000000009
1819,0.010000000000000009
1820,0.010000000000000009
1821,0.010000000000000009
1822,0.010000000000000009
1823,0.010000000000000009
1824,0.010000000000000009
1825,0.010000000000000009
1826,0.010000000000000009
1827,0.010000000000000009
1828,0.010000000000000009
1829,0.010000000000000009
1830,0.010000000000000009
1831,0.010000000000000009
1832,0.010000000000000009
1833,0.010000000000000009
1834,0.010000000000000009
1835,0.010000000000000009
1836,0.010000000000000009
1837,0.010000000000000009
1838,0.010000000000000009
1839,0.010000000000000009
1840,0.010000000000000009
1841,0.010000000000000009
1842,0.010000000000000009
1843,0.010000000000000009
1844,0.010000000000000009
1845,0.010000000000000009
1846,0.010000000000000009
1847,0.010000000000000009
1848,0.010000000000000009
1849,0.010000000000000009
1850,0.010000000000000009
1851,0.010000000000000009
1852,0.010000000000000009
1853,0.010000000000000009
1854,0.010000000000000009
1855,0.010000000000000009
1856,0.010000000000000009
1857,0.010000000000000009
1858,0.010000000000000009
1859,0.010000000000000009
1860,0.010000000000000009
1861,0.010000000000000009
1862,0.010000000000000009
1863,0.010000000000000009
1864,0.010000000000000009
1865,0.010000000000000009
1866,0.010000000000000009
1867,0.010000000000000009
1868,0.010000000000000009
1869,0.010000000000000009
1870,0.010000000000000009
1871,0.010000000000000009
1872,0.010000000000000009
1873,0.010000000000000009
1874,0.010000000000000009
1875,0.010000000000000009
1876,0.010000000000000009
1877,0.010000000000000009
1878,0.010000000000000009
1879,0.010000000000000009
1880,0.010000000000000009
1881,0.010000000000000009
1882,0.010000000000000009
1883,0.010000000000000009
1884,0.010000000000000009
1885,0.010000000000000009
1886,0.010000000000000009
1887,0.010000000000000009
1888,0.010000000000000009
1889,0.010000000000000009
1890,0.010000000000000009
1891,0.010000000000000009
1892,0.010000000000000009
1893,0.010000000000000009
1894,0.010000000000000009
1895,0.010000000000000009
1896,0.010000000000000009
1897,0.010000000000000009
1898,0.010000000000000009
1899,0.010000000000000009
1900,0.010000000000000009
1901,0.010000000000000009
1902,0.010000000000000009
1903,0.010000000000000009
1904,0.010000000000000009
1905,0.010000000000000009
1906,0.010000000000000009
1907,0.010000000000000009
1908,0.010000000000000009
1909,0.010000000000000009
1910,0.010000000000000009
1911,0.010000000000000009
1912,0.010000000000000009
1913,0.010000000000000009
1914,0.010000000000000009
1915,0.010000000000000009
1916,0.010000000000000009
1917,0.010000000000000009
1918,0.010000000000000009
1919,0.010000000000000009
1920,0.010000000000000009
1921,0.010000000000000009
1922,0.010000000000000009
1923,0.010000000000000009
1924,0.010000000000000009
1925,0.010000000000000009
1926,0.010000000000000009
1927,0.010000000000000009
1928,0.010000000000000009
1929,0.010000000000000009
1930,0.010000000000000009
1931,0.010000000000000009
1932,0.010000000000000009
1933,0.010000000000000009
1934,0.010000000000000009
1935,0.010000000000000009
1936,0.010000000000000009
1937,0.010000000000000009
1938,0.010000000000000009
1939,0.010000000000000009
1940,0.010000000000000009
1941,0.010000000000000009
1942,0.010000000000000009
1943,0.010000000000000009
1944,0.010000000000000009
1945,0.010000000000000009
1946,0.010000000000000009
1947,0.010000000000000009
1948,0.010000000000000009
1949,0.010000000000000009
1950,0.010000000000000009
1951,0.010000000000000009
1952,0.010000000000000009
1953,0.010000000000000009
1954,0.010000000000000009
1955,0.010000000000000009
1956,0.010000000000000009
1957,0.010000000000000009
1958,0.010000000000000009
1959,0.010000000000000009
1960,0.010000000000000009
1961,0.010000000000000009
1962,0.010000000000000009
1963,0.010000000000000009
1964,0.010000000000000009
1965,0.010000000000000009
1966,0.010000000000000009
1967,0.010000000000000009
1968,0.010000000000000009
1969,0.010000000000000009
1970,0.010000000000000009
1971,0.010000000000000009
1972,0.010000000000000009
1973,0.010000000000000009
1974,0.010000000000000009
1975,0.010000000000000009
1976,0.010000000000000009
1977,0.010000000000000009
1978,0.010000000000000009
1979,0.010000000000000009
1980,0.010000000000000009
1981,0.010000000000000009
1982,0.010000000000000009
1983,0.010000000000000009
1984,0.010000000000000009
1985,0.010000000000000009
1986,0.010000000000000009
1987,0.010000000000000009
1988,0.010000000000000009
1989,0.010000000000000009
1990,0.010000000000000009
1991,0.010000000000000009
1992,0.010000000000000009
1993,0.010000000000000009
1994,0.010000000000000009
1995,0.010000000000000009
1996,0.010000000000000009
1997,0.010000000000000009
1998,0.010000000000000009
