0,1.0
1,0.991817006400586
2,0.9820477639590061
3,0.9742059791742279
4,0.9666187609107091
5,0.9607060728662989
6,0.952942158620952
7,0.9390893781076575
8,0.9303048217255349
9,0.9185091352790832
10,0.9126229766395166
11,0.9043569273841264
12,0.8956350365648642
13,0.8890176201214012
14,0.8807935680931401
15,0.8713534602534009
16,0.8633800070987939
17,0.8489951645728736
18,0.8384901460966822
19,0.8271355092721516
20,0.820300318984346
21,0.811516006979679
22,0.8055271233139437
23,0.7990304735695746
24,0.7922739063787213
25,0.7853425588610138
26,0.774028386154382
27,0.7575528036681335
28,0.7490790936236513
29,0.7376389250834132
30,0.7307590862715205
31,0.7215210077736276
32,0.7133150506506927
33,0.7074319478495953
34,0.7005614367108293
35,0.6943058337988238
36,0.6873613911597484
37,0.6770099365150921
38,0.6680658110574701
39,0.6622350108879025
40,0.6562619669197978
41,0.6406839990027883
42,0.6257893514556951
43,0.6168034561328466
44,0.6096252898026748
45,0.5984576391927166
46,0.587209302362292
47,0.5757232172454014
48,0.5557194103138207
49,0.5466279066822135
50,0.5398558260018329
51,0.5339545495864192
52,0.5288967603902522
53,0.5151750198175489
54,0.5009316650847471
55,0.49609542051101113
56,0.4910662252826155
57,0.48632716669850673
58,0.48130476448954795
59,0.47275832572251625
60,0.46482145853974194
61,0.4585880319793259
62,0.4516885267822145
63,0.4467692148521618
64,0.4396646166706879
65,0.4330561629349651
66,0.42671600354588873
67,0.4167118474311846
68,0.41145881212411406
69,0.4076232476940763
70,0.40303746697079257
71,0.3969923568637323
72,0.3933716725855865
73,0.38297259426668917
74,0.3778977120436024
75,0.37267421180060994
76,0.3687066570281484
77,0.3603753271255583
78,0.3551589180937163
79,0.32643091607953506
80,0.3221253728424927
81,0.3148759410263564
82,0.3078544496304524
83,0.3032146524837641
84,0.29717877841423557
85,0.29188662275532656
86,0.2888586278341966
87,0.28470696374079396
88,0.2802385110003881
89,0.2762418065765289
90,0.26518912658277266
91,0.2618931382795388
92,0.2561903317627733
93,0.2502079347736131
94,0.2379451302351687
95,0.22778426073548963
96,0.22264092459553944
97,0.2135079240873322
98,0.20311868404220412
99,0.1959178562553087
100,0.19020677527875007
101,0.18345270058772217
102,0.1781581563038663
103,0.1711611737012066
104,0.16666424416324335
105,0.16484195369351243
106,0.15457594539121147
107,0.1517840241565641
108,0.13985324694242598
109,0.1351489894492242
110,0.12510041751458922
111,0.11681570252738926
112,0.11310057242368898
113,0.10480336867050474
114,0.09578163532893069
115,0.09445382566107946
116,0.0876029112915119
117,0.08634823721062618
118,0.07908274182925996
119,0.07250864974763237
120,0.06976408786149946
121,0.0640767829518734
122,0.06138801341017686
123,0.0568572123838139
124,0.05245331251849767
125,0.05175440451629263
126,0.049821419388991324
127,0.04603191030246201
128,0.04260302068498301
129,0.04123705165036692
130,0.03826445316237391
131,0.03557473482164072
132,0.033140977022967734
133,0.03093882190029159
134,0.028946229544974646
135,0.027143257422991472
136,0.0255118607833454
137,0.025032355977269567
138,0.023601838169470018
139,0.022307452129806213
140,0.021136243207735023
141,0.020076489550707448
142,0.01911758478792845
143,0.018249931878233122
144,0.01746484705967301
145,0.016754472939507853
146,0.016111699854778044
147,0.015530094716408115
148,0.01500383662468902
149,0.014817258272693461
150,0.014358835537476317
151,0.013944037493373456
152,0.013568712702141056
153,0.013229104787117444
154,0.012921814838142906
155,0.012643767394124383
156,0.012392179662787163
157,0.012164533669554469
158,0.011958551056811567
159,0.011772170281336978
160,0.011603525981685011
161,0.011450930309021442
162,0.011312856034565078
163,0.011187921264568794
164,0.01107487560986244
165,0.010972587671537757
166,0.01088003371752783
167,0.01079628743675247
168,0.010720510668285577
169,0.010651945012758885
170,0.01058990424204617
171,0.010533767431261516
172,0.010482972744334356
173,0.01043701181096524
174,0.010395424638685008
175,0.01038327786495847
176,0.010346804153719356
177,0.010313801375015568
178,0.010305106294396352
179,0.010276071591648115
180,0.010271662428030896
181,0.010245810329956856
182,0.010233401517632027
183,0.010211190426579838
184,0.010191093000300412
185,0.010177391689401209
186,0.010172718002660926
187,0.010159136165434441
188,0.010147696607750053
189,0.010133641417209228
190,0.010130367869828455
191,0.010123601196093762
192,0.01011211893439575
193,0.010106736184241823
194,0.010102213138076062
195,0.010092486271946097
196,0.010089376717902018
197,0.010081073830089493
198,0.010073358635088464
199,0.010066570412502161
200,0.010064113838003074
201,0.010058642531222808
202,0.010054727165987322
203,0.010049519187568395
204,0.010048257932678245
205,0.010044883050188674
206,0.010043252724348499
207,0.010040839927664842
208,0.010036953494701031
209,0.01003389475294797
210,0.01003243896170511
211,0.010030931040360845
212,0.010028430434881339
213,0.01002572492129167
214,0.010024480092154316
215,0.010023077548583463
216,0.010021779305329395
217,0.010019950620031193
218,0.010019004204080986
219,0.010018394656633931
220,0.010017398086381727
221,0.010016761091565017
222,0.01001610871165301
223,0.010014931308082956
224,0.010013967877403591
225,0.010013049635757948
226,0.010012279856317372
227,0.010011598319560113
228,0.010011149116109917
229,0.010010315630013924
230,0.010009974783139221
231,0.01000910442193217
232,0.010008749182103463
233,0.010007916587344423
234,0.010007584906017199
235,0.010007066464061883
236,0.01000676228074936
237,0.010006179641265375
238,0.010005743450844509
239,0.010005437178249242
240,0.010004919762328446
241,0.010004686847689835
242,0.010004400245004043
243,0.01000402192330425
244,0.010003813167551613
245,0.010003503842495366
246,0.010003327962390991
247,0.0100031609108259
248,0.010002860110390348
249,0.01000270029282845
250,0.01000253948225112
251,0.010002363303012516
252,0.010002138404995881
253,0.010001934908855188
254,0.010001750777932663
255,0.010001584169384145
256,0.010001433415735282
257,0.010001297008192885
258,0.01000117358154442
259,0.010001061900494507
260,0.0100009865514726
261,0.010000892668687228
262,0.010000807720030112
263,0.010000743757842314
264,0.010000672979925684
265,0.010000608937418345
266,0.01000056307650167
267,0.010000509492687928
268,0.01000047097993916
269,0.010000437648248053
270,0.010000396000510777
271,0.010000367423634983
272,0.01000033826022682
273,0.010000310447716116
274,0.010000280904709885
275,0.010000254173092407
276,0.010000231369384643
277,0.010000213346051239
278,0.010000196157027873
279,0.01000017749021863
280,0.010000165374979933
281,0.010000155464203273
282,0.010000141573002263
283,0.010000128241537965
284,0.010000120652619222
285,0.010000115343600152
286,0.010000105806875284
287,0.01000009787738297
288,0.010000091442970165
289,0.01000008373989453
290,0.01000007821922811
291,0.010000070775684404
292,0.01000006554359548
293,0.01000006185639576
294,0.010000057703365598
295,0.01000005221216434
296,0.010000048420123451
297,0.010000045468305513
298,0.010000041650588622
299,0.010000038792056687
300,0.010000036064734388
301,0.010000033242045358
302,0.010000030390057564
303,0.010000028389390491
304,0.010000026733447617
305,0.010000025133848945
306,0.01000002339951981
307,0.010000021902822311
308,0.010000020352739076
309,0.010000019177073964
310,0.010000017677904054
311,0.010000016568702119
312,0.010000014991981646
313,0.01000001383242538
314,0.010000013105283917
315,0.010000012249872164
316,0.010000011652438849
317,0.010000010778091418
318,0.010000010164644782
319,0.010000009284213653
320,0.010000008580700052
321,0.010000007871239142
322,0.010000007458956323
323,0.010000006871727302
324,0.010000006265857819
325,0.010000005848092276
326,0.010000005336209136
327,0.010000004948653411
328,0.010000004591999276
329,0.010000004155012768
330,0.01000000385517153
331,0.010000003631390022
332,0.010000003291079088
333,0.010000003002410607
334,0.01000000271669346
335,0.010000002493570206
336,0.010000002312468344
337,0.010000002176059128
338,0.010000002050360234
339,0.010000001928255103
340,0.010000001769709665
341,0.01000000165403127
342,0.010000001560046302
343,0.01000000143895262
344,0.01000000135596788
345,0.010000001275088391
346,0.01000000118579745
347,0.010000001103421164
348,0.010000001016754308
349,0.010000000952957952
350,0.010000000879691063
351,0.010000000827882124
352,0.010000000769522954
353,0.01000000070731123
354,0.010000000658899343
355,0.010000000618236322
356,0.010000000568482643
357,0.0100000005325468
358,0.01000000049569994
359,0.010000000466459305
360,0.010000000437016427
361,0.010000000395428815
362,0.010000000367039982
363,0.01000000033211151
364,0.010000000306608223
365,0.010000000277430593
366,0.0100000002579255
367,0.010000000236292581
368,0.010000000213806369
369,0.010000000193460003
370,0.010000000175523124
371,0.010000000160640796
372,0.010000000149331818
373,0.010000000137947171
374,0.010000000130656377
375,0.010000000118222779
376,0.010000000108567358
377,0.010000000099342234
378,0.010000000093444792
379,0.010000000090221775
380,0.010000000081717714
381,0.010000000073941246
382,0.010000000068297338
383,0.010000000061797987
384,0.010000000056264894
385,0.010000000050910582
386,0.010000000046065799
387,0.010000000045180736
388,0.01000000004088122
389,0.010000000037670256
390,0.010000000034184449
391,0.010000000030931369
392,0.010000000028667693
393,0.010000000026258003
394,0.010000000023759224
395,0.010000000021733848
396,0.0100000000196656
397,0.01000000001779417
398,0.010000000016231778
399,0.010000000014864428
400,0.01000000001344989
401,0.010000000012449382
402,0.010000000011264666
403,0.010000000010192692
404,0.010000000009397757
405,0.010000000008503443
406,0.01000000000779881
407,0.010000000007056656
408,0.010000000006385127
409,0.010000000005777502
410,0.0100000000052277
411,0.010000000004730218
412,0.010000000004280078
413,0.010000000003872776
414,0.010000000003504232
415,0.010000000003233197
416,0.010000000003025788
417,0.010000000002737847
418,0.010000000002477307
419,0.01000000000224156
420,0.010000000002044538
421,0.010000000001849975
422,0.01000000000168906
423,0.010000000001528325
424,0.010000000001382885
425,0.010000000001251286
426,0.01000000000113221
427,0.010000000001028367
428,0.010000000000930504
429,0.010000000000841955
430,0.010000000000761832
431,0.010000000000689334
432,0.010000000000623736
433,0.010000000000564379
434,0.010000000000510672
435,0.010000000000462075
436,0.010000000000418103
437,0.010000000000378316
438,0.010000000000342315
439,0.010000000000309739
440,0.010000000000280264
441,0.010000000000253592
442,0.01000000000022946
443,0.010000000000207624
444,0.010000000000187866
445,0.010000000000169987
446,0.010000000000153811
447,0.010000000000139174
448,0.010000000000125929
449,0.010000000000113946
450,0.010000000000103102
451,0.01000000000009329
452,0.010000000000084412
453,0.010000000000076378
454,0.01000000000006911
455,0.010000000000062534
456,0.010000000000056583
457,0.010000000000051199
458,0.010000000000046326
459,0.010000000000041918
460,0.010000000000037928
461,0.010000000000034318
462,0.010000000000031052
463,0.010000000000028098
464,0.010000000000025424
465,0.010000000000023004
466,0.010000000000020815
467,0.010000000000018834
468,0.010000000000017042
469,0.01000000000001542
470,0.010000000000013953
471,0.010000000000012626
472,0.010000000000011423
473,0.010000000000010336
474,0.010000000000009352
475,0.010000000000008462
476,0.010000000000007657
477,0.010000000000006929
478,0.01000000000000627
479,0.010000000000005673
480,0.010000000000005133
481,0.010000000000004644
482,0.010000000000004202
483,0.010000000000003803
484,0.01000000000000344
485,0.010000000000003112
486,0.010000000000002816
487,0.010000000000002549
488,0.010000000000002306
489,0.010000000000002087
490,0.01000000000000189
491,0.010000000000001709
492,0.010000000000001546
493,0.010000000000001398
494,0.010000000000001265
495,0.010000000000001145
496,0.010000000000001036
497,0.010000000000000937
498,0.010000000000000848
499,0.010000000000000767
500,0.010000000000000694
501,0.010000000000000628
502,0.01000000000000057
503,0.010000000000000515
504,0.010000000000000467
505,0.010000000000000422
506,0.010000000000000382
507,0.010000000000000345
508,0.010000000000000312
509,0.010000000000000283
510,0.010000000000000255
511,0.010000000000000231
512,0.010000000000000208
513,0.01000000000000019
514,0.010000000000000172
515,0.010000000000000156
516,0.01000000000000014
517,0.010000000000000127
518,0.010000000000000115
519,0.010000000000000104
520,0.010000000000000094
521,0.010000000000000085
522,0.010000000000000077
523,0.01000000000000007
524,0.010000000000000063
525,0.010000000000000057
526,0.010000000000000052
527,0.010000000000000047
528,0.010000000000000042
529,0.010000000000000038
530,0.010000000000000035
531,0.010000000000000031
532,0.010000000000000028
533,0.010000000000000024
534,0.010000000000000023
535,0.010000000000000021
536,0.01000000000000002
537,0.010000000000000018
538,0.010000000000000016
539,0.010000000000000014
540,0.010000000000000012
541,0.01000000000000001
542,0.010000000000000009
543,0.010000000000000009
544,0.010000000000000009
545,0.010000000000000009
546,0.010000000000000009
547,0.010000000000000009
548,0.010000000000000009
549,0.010000000000000009
550,0.010000000000000009
551,0.010000000000000009
552,0.010000000000000009
553,0.010000000000000009
554,0.010000000000000009
555,0.010000000000000009
556,0.010000000000000009
557,0.010000000000000009
558,0.010000000000000009
559,0.010000000000000009
560,0.010000000000000009
561,0.010000000000000009
562,0.010000000000000009
563,0.010000000000000009
564,0.010000000000000009
565,0.010000000000000009
566,0.010000000000000009
567,0.010000000000000009
568,0.010000000000000009
569,0.010000000000000009
570,0.010000000000000009
571,0.010000000000000009
572,0.010000000000000009
573,0.010000000000000009
574,0.010000000000000009
575,0.010000000000000009
576,0.010000000000000009
577,0.010000000000000009
578,0.010000000000000009
579,0.010000000000000009
580,0.010000000000000009
581,0.010000000000000009
582,0.010000000000000009
583,0.010000000000000009
584,0.010000000000000009
585,0.010000000000000009
586,0.010000000000000009
587,0.010000000000000009
588,0.010000000000000009
589,0.010000000000000009
590,0.010000000000000009
591,0.010000000000000009
592,0.010000000000000009
593,0.010000000000000009
594,0.010000000000000009
595,0.010000000000000009
596,0.010000000000000009
597,0.010000000000000009
598,0.010000000000000009
599,0.010000000000000009
600,0.010000000000000009
601,0.010000000000000009
602,0.010000000000000009
603,0.010000000000000009
604,0.010000000000000009
605,0.010000000000000009
606,0.010000000000000009
607,0.010000000000000009
608,0.010000000000000009
609,0.010000000000000009
610,0.010000000000000009
611,0.010000000000000009
612,0.010000000000000009
613,0.010000000000000009
614,0.010000000000000009
615,0.010000000000000009
616,0.010000000000000009
617,0.010000000000000009
618,0.010000000000000009
619,0.010000000000000009
620,0.010000000000000009
621,0.010000000000000009
622,0.010000000000000009
623,0.010000000000000009
624,0.010000000000000009
625,0.010000000000000009
626,0.010000000000000009
627,0.010000000000000009
628,0.010000000000000009
629,0.010000000000000009
630,0.010000000000000009
631,0.010000000000000009
632,0.010000000000000009
633,0.010000000000000009
634,0.010000000000000009
635,0.010000000000000009
636,0.010000000000000009
637,0.010000000000000009
638,0.010000000000000009
639,0.010000000000000009
640,0.010000000000000009
641,0.010000000000000009
642,0.010000000000000009
643,0.010000000000000009
644,0.010000000000000009
645,0.010000000000000009
646,0.010000000000000009
647,0.010000000000000009
648,0.010000000000000009
649,0.010000000000000009
650,0.010000000000000009
651,0.010000000000000009
652,0.010000000000000009
653,0.010000000000000009
654,0.010000000000000009
655,0.010000000000000009
656,0.010000000000000009
657,0.010000000000000009
658,0.010000000000000009
659,0.010000000000000009
660,0.010000000000000009
661,0.010000000000000009
662,0.010000000000000009
663,0.010000000000000009
664,0.010000000000000009
665,0.010000000000000009
666,0.010000000000000009
667,0.010000000000000009
668,0.010000000000000009
669,0.010000000000000009
670,0.010000000000000009
671,0.010000000000000009
672,0.010000000000000009
673,0.010000000000000009
674,0.010000000000000009
675,0.010000000000000009
676,0.010000000000000009
677,0.010000000000000009
678,0.010000000000000009
679,0.010000000000000009
680,0.010000000000000009
681,0.010000000000000009
682,0.010000000000000009
683,0.010000000000000009
684,0.010000000000000009
685,0.010000000000000009
686,0.010000000000000009
687,0.010000000000000009
688,0.010000000000000009
689,0.010000000000000009
690,0.010000000000000009
691,0.010000000000000009
692,0.010000000000000009
693,0.010000000000000009
694,0.010000000000000009
695,0.010000000000000009
696,0.010000000000000009
697,0.010000000000000009
698,0.010000000000000009
699,0.010000000000000009
700,0.010000000000000009
701,0.010000000000000009
702,0.010000000000000009
703,0.010000000000000009
704,0.010000000000000009
705,0.010000000000000009
706,0.010000000000000009
707,0.010000000000000009
708,0.010000000000000009
709,0.010000000000000009
710,0.010000000000000009
711,0.010000000000000009
712,0.010000000000000009
713,0.010000000000000009
714,0.010000000000000009
715,0.010000000000000009
716,0.010000000000000009
717,0.010000000000000009
718,0.010000000000000009
719,0.010000000000000009
720,0.010000000000000009
721,0.010000000000000009
722,0.010000000000000009
723,0.010000000000000009
724,0.010000000000000009
725,0.010000000000000009
726,0.010000000000000009
727,0.010000000000000009
728,0.010000000000000009
729,0.010000000000000009
730,0.010000000000000009
731,0.010000000000000009
732,0.010000000000000009
733,0.010000000000000009
734,0.010000000000000009
735,0.010000000000000009
736,0.010000000000000009
737,0.010000000000000009
738,0.010000000000000009
739,0.010000000000000009
740,0.010000000000000009
741,0.010000000000000009
742,0.010000000000000009
743,0.010000000000000009
744,0.010000000000000009
745,0.010000000000000009
746,0.010000000000000009
747,0.010000000000000009
748,0.010000000000000009
749,0.010000000000000009
750,0.010000000000000009
751,0.010000000000000009
752,0.010000000000000009
753,0.010000000000000009
754,0.010000000000000009
755,0.010000000000000009
756,0.010000000000000009
757,0.010000000000000009
758,0.010000000000000009
759,0.010000000000000009
760,0.010000000000000009
761,0.010000000000000009
762,0.010000000000000009
763,0.010000000000000009
764,0.010000000000000009
765,0.010000000000000009
766,0.010000000000000009
767,0.010000000000000009
768,0.010000000000000009
769,0.010000000000000009
770,0.010000000000000009
771,0.010000000000000009
772,0.010000000000000009
773,0.010000000000000009
774,0.010000000000000009
775,0.010000000000000009
776,0.010000000000000009
777,0.010000000000000009
778,0.010000000000000009
779,0.010000000000000009
780,0.010000000000000009
781,0.010000000000000009
782,0.010000000000000009
783,0.010000000000000009
784,0.010000000000000009
785,0.010000000000000009
786,0.010000000000000009
787,0.010000000000000009
788,0.010000000000000009
789,0.010000000000000009
790,0.010000000000000009
791,0.010000000000000009
792,0.010000000000000009
793,0.010000000000000009
794,0.010000000000000009
795,0.010000000000000009
796,0.010000000000000009
797,0.010000000000000009
798,0.010000000000000009
799,0.010000000000000009
800,0.010000000000000009
801,0.010000000000000009
802,0.010000000000000009
803,0.010000000000000009
804,0.010000000000000009
805,0.010000000000000009
806,0.010000000000000009
807,0.010000000000000009
808,0.010000000000000009
809,0.010000000000000009
810,0.010000000000000009
811,0.010000000000000009
812,0.010000000000000009
813,0.010000000000000009
814,0.010000000000000009
815,0.010000000000000009
816,0.010000000000000009
817,0.010000000000000009
818,0.010000000000000009
819,0.010000000000000009
820,0.010000000000000009
821,0.010000000000000009
822,0.010000000000000009
823,0.010000000000000009
824,0.010000000000000009
825,0.010000000000000009
826,0.010000000000000009
827,0.010000000000000009
828,0.010000000000000009
829,0.010000000000000009
830,0.010000000000000009
831,0.010000000000000009
832,0.010000000000000009
833,0.010000000000000009
834,0.010000000000000009
835,0.010000000000000009
836,0.010000000000000009
837,0.010000000000000009
838,0.010000000000000009
839,0.010000000000000009
840,0.010000000000000009
841,0.010000000000000009
842,0.010000000000000009
843,0.010000000000000009
844,0.010000000000000009
845,0.010000000000000009
846,0.010000000000000009
847,0.010000000000000009
848,0.010000000000000009
849,0.010000000000000009
850,0.010000000000000009
851,0.010000000000000009
852,0.010000000000000009
853,0.010000000000000009
854,0.010000000000000009
855,0.010000000000000009
856,0.010000000000000009
857,0.010000000000000009
858,0.010000000000000009
859,0.010000000000000009
860,0.010000000000000009
861,0.010000000000000009
862,0.010000000000000009
863,0.010000000000000009
864,0.010000000000000009
865,0.010000000000000009
866,0.010000000000000009
867,0.010000000000000009
868,0.010000000000000009
869,0.010000000000000009
870,0.010000000000000009
871,0.010000000000000009
872,0.010000000000000009
873,0.010000000000000009
874,0.010000000000000009
875,0.010000000000000009
876,0.010000000000000009
877,0.010000000000000009
878,0.010000000000000009
879,0.010000000000000009
880,0.010000000000000009
881,0.010000000000000009
882,0.010000000000000009
883,0.010000000000000009
884,0.010000000000000009
885,0.010000000000000009
886,0.010000000000000009
887,0.010000000000000009
888,0.010000000000000009
889,0.010000000000000009
890,0.010000000000000009
891,0.010000000000000009
892,0.010000000000000009
893,0.010000000000000009
894,0.010000000000000009
895,0.010000000000000009
896,0.010000000000000009
897,0.010000000000000009
898,0.010000000000000009
899,0.010000000000000009
900,0.010000000000000009
901,0.010000000000000009
902,0.010000000000000009
903,0.010000000000000009
904,0.010000000000000009
905,0.010000000000000009
906,0.010000000000000009
907,0.010000000000000009
908,0.010000000000000009
909,0.010000000000000009
910,0.010000000000000009
911,0.010000000000000009
912,0.010000000000000009
913,0.010000000000000009
914,0.010000000000000009
915,0.010000000000000009
916,0.010000000000000009
917,0.010000000000000009
918,0.010000000000000009
919,0.010000000000000009
920,0.010000000000000009
921,0.010000000000000009
922,0.010000000000000009
923,0.010000000000000009
924,0.010000000000000009
925,0.010000000000000009
926,0.010000000000000009
927,0.010000000000000009
928,0.010000000000000009
929,0.010000000000000009
930,0.010000000000000009
931,0.010000000000000009
932,0.010000000000000009
933,0.010000000000000009
934,0.010000000000000009
935,0.010000000000000009
936,0.010000000000000009
937,0.010000000000000009
938,0.010000000000000009
939,0.010000000000000009
940,0.010000000000000009
941,0.010000000000000009
942,0.010000000000000009
943,0.010000000000000009
944,0.010000000000000009
945,0.010000000000000009
946,0.010000000000000009
947,0.010000000000000009
948,0.010000000000000009
949,0.010000000000000009
950,0.010000000000000009
951,0.010000000000000009
952,0.010000000000000009
953,0.010000000000000009
954,0.010000000000000009
955,0.010000000000000009
956,0.010000000000000009
957,0.010000000000000009
958,0.010000000000000009
959,0.010000000000000009
960,0.010000000000000009
961,0.010000000000000009
962,0.010000000000000009
963,0.010000000000000009
964,0.010000000000000009
965,0.010000000000000009
966,0.010000000000000009
967,0.010000000000000009
968,0.010000000000000009
969,0.010000000000000009
970,0.010000000000000009
971,0.010000000000000009
972,0.010000000000000009
973,0.010000000000000009
974,0.010000000000000009
975,0.010000000000000009
976,0.010000000000000009
977,0.010000000000000009
978,0.010000000000000009
979,0.010000000000000009
980,0.010000000000000009
981,0.010000000000000009
982,0.010000000000000009
983,0.010000000000000009
984,0.010000000000000009
985,0.010000000000000009
986,0.010000000000000009
987,0.010000000000000009
988,0.010000000000000009
989,0.010000000000000009
990,0.010000000000000009
991,0.010000000000000009
992,0.010000000000000009
993,0.010000000000000009
994,0.010000000000000009
995,0.010000000000000009
996,0.010000000000000009
997,0.010000000000000009
998,0.010000000000000009
999,0.010000000000000009
1000,0.010000000000000009
1001,0.010000000000000009
1002,0.010000000000000009
1003,0.010000000000000009
1004,0.010000000000000009
1005,0.010000000000000009
1006,0.010000000000000009
1007,0.010000000000000009
1008,0.010000000000000009
1009,0.010000000000000009
1010,0.010000000000000009
1011,0.010000000000000009
1012,0.010000000000000009
1013,0.010000000000000009
1014,0.010000000000000009
1015,0.010000000000000009
1016,0.010000000000000009
1017,0.010000000000000009
1018,0.010000000000000009
1019,0.010000000000000009
1020,0.010000000000000009
1021,0.010000000000000009
1022,0.010000000000000009
1023,0.010000000000000009
1024,0.010000000000000009
1025,0.010000000000000009
1026,0.010000000000000009
1027,0.010000000000000009
1028,0.010000000000000009
1029,0.010000000000000009
1030,0.010000000000000009
1031,0.010000000000000009
1032,0.010000000000000009
1033,0.010000000000000009
1034,0.010000000000000009
1035,0.010000000000000009
1036,0.010000000000000009
1037,0.010000000000000009
1038,0.010000000000000009
1039,0.010000000000000009
1040,0.010000000000000009
1041,0.010000000000000009
1042,0.010000000000000009
1043,0.010000000000000009
1044,0.010000000000000009
1045,0.010000000000000009
1046,0.010000000000000009
1047,0.010000000000000009
1048,0.010000000000000009
1049,0.010000000000000009
1050,0.010000000000000009
1051,0.010000000000000009
1052,0.010000000000000009
1053,0.010000000000000009
1054,0.010000000000000009
1055,0.010000000000000009
1056,0.010000000000000009
1057,0.010000000000000009
1058,0.010000000000000009
1059,0.010000000000000009
1060,0.010000000000000009
1061,0.010000000000000009
1062,0.010000000000000009
1063,0.010000000000000009
1064,0.010000000000000009
1065,0.010000000000000009
1066,0.010000000000000009
1067,0.010000000000000009
1068,0.010000000000000009
1069,0.010000000000000009
1070,0.010000000000000009
1071,0.010000000000000009
1072,0.010000000000000009
1073,0.010000000000000009
1074,0.010000000000000009
1075,0.010000000000000009
1076,0.010000000000000009
1077,0.010000000000000009
1078,0.010000000000000009
1079,0.010000000000000009
1080,0.010000000000000009
1081,0.010000000000000009
1082,0.010000000000000009
1083,0.010000000000000009
1084,0.010000000000000009
1085,0.010000000000000009
1086,0.010000000000000009
1087,0.010000000000000009
1088,0.010000000000000009
1089,0.010000000000000009
1090,0.010000000000000009
1091,0.010000000000000009
1092,0.010000000000000009
1093,0.010000000000000009
1094,0.010000000000000009
1095,0.010000000000000009
1096,0.010000000000000009
1097,0.010000000000000009
1098,0.010000000000000009
1099,0.010000000000000009
1100,0.010000000000000009
1101,0.010000000000000009
1102,0.010000000000000009
1103,0.010000000000000009
1104,0.010000000000000009
1105,0.010000000000000009
1106,0.010000000000000009
1107,0.010000000000000009
1108,0.010000000000000009
1109,0.010000000000000009
1110,0.010000000000000009
1111,0.010000000000000009
1112,0.010000000000000009
1113,0.010000000000000009
1114,0.010000000000000009
1115,0.010000000000000009
1116,0.010000000000000009
1117,0.010000000000000009
1118,0.010000000000000009
1119,0.010000000000000009
1120,0.010000000000000009
1121,0.010000000000000009
1122,0.010000000000000009
1123,0.010000000000000009
1124,0.010000000000000009
1125,0.010000000000000009
1126,0.010000000000000009
1127,0.010000000000000009
1128,0.010000000000000009
1129,0.010000000000000009
1130,0.010000000000000009
1131,0.010000000000000009
1132,0.010000000000000009
1133,0.010000000000000009
1134,0.010000000000000009
1135,0.010000000000000009
1136,0.010000000000000009
1137,0.010000000000000009
1138,0.010000000000000009
1139,0.010000000000000009
1140,0.010000000000000009
1141,0.010000000000000009
1142,0.010000000000000009
1143,0.010000000000000009
1144,0.010000000000000009
1145,0.010000000000000009
1146,0.010000000000000009
1147,0.010000000000000009
1148,0.010000000000000009
1149,0.010000000000000009
1150,0.010000000000000009
1151,0.010000000000000009
1152,0.010000000000000009
1153,0.010000000000000009
1154,0.010000000000000009
1155,0.010000000000000009
1156,0.010000000000000009
1157,0.010000000000000009
1158,0.010000000000000009
1159,0.010000000000000009
1160,0.010000000000000009
1161,0.010000000000000009
1162,0.010000000000000009
1163,0.010000000000000009
1164,0.010000000000000009
1165,0.010000000000000009
1166,0.010000000000000009
1167,0.010000000000000009
1168,0.010000000000000009
1169,0.010000000000000009
1170,0.010000000000000009
1171,0.010000000000000009
1172,0.010000000000000009
1173,0.010000000000000009
1174,0.010000000000000009
1175,0.010000000000000009
1176,0.010000000000000009
1177,0.010000000000000009
1178,0.010000000000000009
1179,0.010000000000000009
1180,0.010000000000000009
1181,0.010000000000000009
1182,0.010000000000000009
1183,0.010000000000000009
1184,0.010000000000000009
1185,0.010000000000000009
1186,0.010000000000000009
1187,0.010000000000000009
1188,0.010000000000000009
1189,0.010000000000000009
1190,0.010000000000000009
1191,0.010000000000000009
1192,0.010000000000000009
1193,0.010000000000000009
1194,0.010000000000000009
1195,0.010000000000000009
1196,0.010000000000000009
1197,0.010000000000000009
1198,0.010000000000000009
1199,0.010000000000000009
1200,0.010000000000000009
1201,0.010000000000000009
1202,0.010000000000000009
1203,0.010000000000000009
1204,0.010000000000000009
1205,0.010000000000000009
1206,0.010000000000000009
1207,0.010000000000000009
1208,0.010000000000000009
1209,0.010000000000000009
1210,0.010000000000000009
1211,0.010000000000000009
1212,0.010000000000000009
1213,0.010000000000000009
1214,0.010000000000000009
1215,0.010000000000000009
1216,0.010000000000000009
1217,0.010000000000000009
1218,0.010000000000000009
1219,0.010000000000000009
1220,0.010000000000000009
1221,0.010000000000000009
1222,0.010000000000000009
1223,0.010000000000000009
1224,0.010000000000000009
1225,0.010000000000000009
1226,0.010000000000000009
1227,0.010000000000000009
1228,0.010000000000000009
1229,0.010000000000000009
1230,0.010000000000000009
1231,0.010000000000000009
1232,0.010000000000000009
1233,0.010000000000000009
1234,0.010000000000000009
1235,0.010000000000000009
1236,0.010000000000000009
1237,0.010000000000000009
1238,0.010000000000000009
1239,0.010000000000000009
1240,0.010000000000000009
1241,0.010000000000000009
1242,0.010000000000000009
1243,0.010000000000000009
1244,0.010000000000000009
1245,0.010000000000000009
1246,0.010000000000000009
1247,0.010000000000000009
1248,0.010000000000000009
1249,0.010000000000000009
1250,0.010000000000000009
1251,0.010000000000000009
1252,0.010000000000000009
1253,0.010000000000000009
1254,0.010000000000000009
1255,0.010000000000000009
1256,0.010000000000000009
1257,0.010000000000000009
1258,0.010000000000000009
1259,0.010000000000000009
1260,0.010000000000000009
1261,0.010000000000000009
1262,0.010000000000000009
1263,0.010000000000000009
1264,0.010000000000000009
1265,0.010000000000000009
1266,0.010000000000000009
1267,0.010000000000000009
1268,0.010000000000000009
1269,0.010000000000000009
1270,0.010000000000000009
1271,0.010000000000000009
1272,0.010000000000000009
1273,0.010000000000000009
1274,0.010000000000000009
1275,0.010000000000000009
1276,0.010000000000000009
1277,0.010000000000000009
1278,0.010000000000000009
1279,0.010000000000000009
1280,0.010000000000000009
1281,0.010000000000000009
1282,0.010000000000000009
1283,0.010000000000000009
1284,0.010000000000000009
1285,0.010000000000000009
1286,0.010000000000000009
1287,0.010000000000000009
1288,0.010000000000000009
1289,0.010000000000000009
1290,0.010000000000000009
1291,0.010000000000000009
1292,0.010000000000000009
1293,0.010000000000000009
1294,0.010000000000000009
1295,0.010000000000000009
1296,0.010000000000000009
1297,0.010000000000000009
1298,0.010000000000000009
1299,0.010000000000000009
1300,0.010000000000000009
1301,0.010000000000000009
1302,0.010000000000000009
1303,0.010000000000000009
1304,0.010000000000000009
1305,0.010000000000000009
1306,0.010000000000000009
1307,0.010000000000000009
1308,0.010000000000000009
1309,0.010000000000000009
1310,0.010000000000000009
1311,0.010000000000000009
1312,0.010000000000000009
1313,0.010000000000000009
1314,0.010000000000000009
1315,0.010000000000000009
1316,0.010000000000000009
1317,0.010000000000000009
1318,0.010000000000000009
1319,0.010000000000000009
1320,0.010000000000000009
1321,0.010000000000000009
1322,0.010000000000000009
1323,0.010000000000000009
1324,0.010000000000000009
1325,0.010000000000000009
1326,0.010000000000000009
1327,0.010000000000000009
1328,0.010000000000000009
1329,0.010000000000000009
1330,0.010000000000000009
1331,0.010000000000000009
1332,0.010000000000000009
1333,0.010000000000000009
1334,0.010000000000000009
1335,0.010000000000000009
1336,0.010000000000000009
1337,0.010000000000000009
1338,0.010000000000000009
1339,0.010000000000000009
1340,0.010000000000000009
1341,0.010000000000000009
1342,0.010000000000000009
1343,0.010000000000000009
1344,0.010000000000000009
1345,0.010000000000000009
1346,0.010000000000000009
1347,0.010000000000000009
1348,0.010000000000000009
1349,0.010000000000000009
1350,0.010000000000000009
1351,0.010000000000000009
1352,0.010000000000000009
1353,0.010000000000000009
1354,0.010000000000000009
1355,0.010000000000000009
1356,0.010000000000000009
1357,0.010000000000000009
1358,0.010000000000000009
1359,0.010000000000000009
1360,0.010000000000000009
1361,0.010000000000000009
1362,0.010000000000000009
1363,0.010000000000000009
1364,0.010000000000000009
1365,0.010000000000000009
1366,0.010000000000000009
1367,0.010000000000000009
1368,0.010000000000000009
1369,0.010000000000000009
1370,0.010000000000000009
1371,0.010000000000000009
1372,0.010000000000000009
1373,0.010000000000000009
1374,0.010000000000000009
1375,0.010000000000000009
1376,0.010000000000000009
1377,0.010000000000000009
1378,0.010000000000000009
1379,0.010000000000000009
1380,0.010000000000000009
1381,0.010000000000000009
1382,0.010000000000000009
1383,0.010000000000000009
1384,0.010000000000000009
1385,0.010000000000000009
1386,0.010000000000000009
1387,0.010000000000000009
1388,0.010000000000000009
1389,0.010000000000000009
1390,0.010000000000000009
1391,0.010000000000000009
1392,0.010000000000000009
1393,0.010000000000000009
1394,0.010000000000000009
1395,0.010000000000000009
1396,0.010000000000000009
1397,0.010000000000000009
1398,0.010000000000000009
1399,0.010000000000000009
1400,0.010000000000000009
1401,0.010000000000000009
1402,0.010000000000000009
1403,0.010000000000000009
1404,0.010000000000000009
1405,0.010000000000000009
1406,0.010000000000000009
1407,0.010000000000000009
1408,0.010000000000000009
1409,0.010000000000000009
1410,0.010000000000000009
1411,0.010000000000000009
1412,0.010000000000000009
1413,0.010000000000000009
1414,0.010000000000000009
1415,0.010000000000000009
1416,0.010000000000000009
1417,0.010000000000000009
1418,0.010000000000000009
1419,0.010000000000000009
1420,0.010000000000000009
1421,0.010000000000000009
1422,0.010000000000000009
1423,0.010000000000000009
1424,0.010000000000000009
1425,0.010000000000000009
1426,0.010000000000000009
1427,0.010000000000000009
1428,0.010000000000000009
1429,0.010000000000000009
1430,0.010000000000000009
1431,0.010000000000000009
1432,0.010000000000000009
1433,0.010000000000000009
1434,0.010000000000000009
1435,0.010000000000000009
1436,0.010000000000000009
1437,0.010000000000000009
1438,0.010000000000000009
1439,0.010000000000000009
1440,0.010000000000000009
1441,0.010000000000000009
1442,0.010000000000000009
1443,0.010000000000000009
1444,0.010000000000000009
1445,0.010000000000000009
1446,0.010000000000000009
1447,0.010000000000000009
1448,0.010000000000000009
1449,0.010000000000000009
1450,0.010000000000000009
1451,0.010000000000000009
1452,0.010000000000000009
1453,0.010000000000000009
1454,0.010000000000000009
1455,0.010000000000000009
1456,0.010000000000000009
1457,0.010000000000000009
1458,0.010000000000000009
1459,0.010000000000000009
1460,0.010000000000000009
1461,0.010000000000000009
1462,0.010000000000000009
1463,0.010000000000000009
1464,0.010000000000000009
1465,0.010000000000000009
1466,0.010000000000000009
1467,0.010000000000000009
1468,0.010000000000000009
1469,0.010000000000000009
1470,0.010000000000000009
1471,0.010000000000000009
1472,0.010000000000000009
1473,0.010000000000000009
1474,0.010000000000000009
1475,0.010000000000000009
1476,0.010000000000000009
1477,0.010000000000000009
1478,0.010000000000000009
1479,0.010000000000000009
1480,0.010000000000000009
1481,0.010000000000000009
1482,0.010000000000000009
1483,0.010000000000000009
1484,0.010000000000000009
1485,0.010000000000000009
1486,0.010000000000000009
1487,0.010000000000000009
1488,0.010000000000000009
1489,0.010000000000000009
1490,0.010000000000000009
1491,0.010000000000000009
1492,0.010000000000000009
1493,0.010000000000000009
1494,0.010000000000000009
1495,0.010000000000000009
1496,0.010000000000000009
1497,0.010000000000000009
1498,0.010000000000000009
1499,0.010000000000000009
1500,0.010000000000000009
1501,0.010000000000000009
1502,0.010000000000000009
1503,0.010000000000000009
1504,0.010000000000000009
1505,0.010000000000000009
1506,0.010000000000000009
1507,0.010000000000000009
1508,0.010000000000000009
1509,0.010000000000000009
1510,0.010000000000000009
1511,0.010000000000000009
1512,0.010000000000000009
1513,0.010000000000000009
1514,0.010000000000000009
1515,0.010000000000000009
1516,0.010000000000000009
1517,0.010000000000000009
1518,0.010000000000000009
1519,0.010000000000000009
1520,0.010000000000000009
1521,0.010000000000000009
1522,0.010000000000000009
1523,0.010000000000000009
1524,0.010000000000000009
1525,0.010000000000000009
1526,0.010000000000000009
1527,0.010000000000000009
1528,0.010000000000000009
1529,0.010000000000000009
1530,0.010000000000000009
1531,0.010000000000000009
1532,0.010000000000000009
1533,0.010000000000000009
1534,0.010000000000000009
1535,0.010000000000000009
1536,0.010000000000000009
1537,0.010000000000000009
1538,0.010000000000000009
1539,0.010000000000000009
1540,0.010000000000000009
1541,0.010000000000000009
1542,0.010000000000000009
1543,0.010000000000000009
1544,0.010000000000000009
1545,0.010000000000000009
1546,0.010000000000000009
1547,0.010000000000000009
1548,0.010000000000000009
1549,0.010000000000000009
1550,0.010000000000000009
1551,0.010000000000000009
1552,0.010000000000000009
1553,0.010000000000000009
1554,0.010000000000000009
1555,0.010000000000000009
1556,0.010000000000000009
1557,0.010000000000000009
1558,0.010000000000000009
1559,0.010000000000000009
1560,0.010000000000000009
1561,0.010000000000000009
1562,0.010000000000000009
1563,0.010000000000000009
1564,0.010000000000000009
1565,0.010000000000000009
1566,0.010000000000000009
1567,0.010000000000000009
1568,0.010000000000000009
1569,0.010000000000000009
1570,0.010000000000000009
1571,0.010000000000000009
1572,0.010000000000000009
1573,0.010000000000000009
1574,0.010000000000000009
1575,0.010000000000000009
1576,0.010000000000000009
1577,0.010000000000000009
1578,0.010000000000000009
1579,0.010000000000000009
1580,0.010000000000000009
1581,0.010000000000000009
1582,0.010000000000000009
1583,0.010000000000000009
1584,0.010000000000000009
1585,0.010000000000000009
1586,0.010000000000000009
1587,0.010000000000000009
1588,0.010000000000000009
1589,0.010000000000000009
1590,0.010000000000000009
1591,0.010000000000000009
1592,0.010000000000000009
1593,0.010000000000000009
1594,0.010000000000000009
1595,0.010000000000000009
1596,0.010000000000000009
1597,0.010000000000000009
1598,0.010000000000000009
1599,0.010000000000000009
1600,0.010000000000000009
1601,0.010000000000000009
1602,0.010000000000000009
1603,0.010000000000000009
1604,0.010000000000000009
1605,0.010000000000000009
1606,0.010000000000000009
1607,0.010000000000000009
1608,0.010000000000000009
1609,0.010000000000000009
1610,0.010000000000000009
1611,0.010000000000000009
1612,0.010000000000000009
1613,0.010000000000000009
1614,0.010000000000000009
1615,0.010000000000000009
1616,0.010000000000000009
1617,0.010000000000000009
1618,0.010000000000000009
1619,0.010000000000000009
1620,0.010000000000000009
1621,0.010000000000000009
1622,0.010000000000000009
1623,0.010000000000000009
1624,0.010000000000000009
1625,0.010000000000000009
1626,0.010000000000000009
1627,0.010000000000000009
1628,0.010000000000000009
1629,0.010000000000000009
1630,0.010000000000000009
1631,0.010000000000000009
1632,0.010000000000000009
1633,0.010000000000000009
1634,0.010000000000000009
1635,0.010000000000000009
1636,0.010000000000000009
1637,0.010000000000000009
1638,0.010000000000000009
1639,0.010000000000000009
1640,0.010000000000000009
1641,0.010000000000000009
1642,0.010000000000000009
1643,0.010000000000000009
1644,0.010000000000000009
1645,0.010000000000000009
1646,0.010000000000000009
1647,0.010000000000000009
1648,0.010000000000000009
1649,0.010000000000000009
1650,0.010000000000000009
1651,0.010000000000000009
1652,0.010000000000000009
1653,0.010000000000000009
1654,0.010000000000000009
1655,0.010000000000000009
1656,0.010000000000000009
1657,0.010000000000000009
1658,0.010000000000000009
1659,0.010000000000000009
1660,0.010000000000000009
1661,0.010000000000000009
1662,0.010000000000000009
1663,0.010000000000000009
1664,0.010000000000000009
1665,0.010000000000000009
1666,0.010000000000000009
1667,0.010000000000000009
1668,0.010000000000000009
1669,0.010000000000000009
1670,0.010000000000000009
1671,0.010000000000000009
1672,0.010000000000000009
1673,0.010000000000000009
1674,0.010000000000000009
1675,0.010000000000000009
1676,0.010000000000000009
1677,0.010000000000000009
1678,0.010000000000000009
1679,0.010000000000000009
1680,0.010000000000000009
1681,0.010000000000000009
1682,0.010000000000000009
1683,0.010000000000000009
1684,0.010000000000000009
1685,0.010000000000000009
1686,0.010000000000000009
1687,0.010000000000000009
1688,0.010000000000000009
1689,0.010000000000000009
1690,0.010000000000000009
1691,0.010000000000000009
1692,0.010000000000000009
1693,0.010000000000000009
1694,0.010000000000000009
1695,0.010000000000000009
1696,0.010000000000000009
1697,0.010000000000000009
1698,0.010000000000000009
1699,0.010000000000000009
1700,0.010000000000000009
1701,0.010000000000000009
1702,0.010000000000000009
1703,0.010000000000000009
1704,0.010000000000000009
1705,0.010000000000000009
1706,0.010000000000000009
1707,0.010000000000000009
1708,0.010000000000000009
1709,0.010000000000000009
1710,0.010000000000000009
1711,0.010000000000000009
1712,0.010000000000000009
1713,0.010000000000000009
1714,0.010000000000000009
1715,0.010000000000000009
1716,0.010000000000000009
1717,0.010000000000000009
1718,0.010000000000000009
1719,0.010000000000000009
1720,0.010000000000000009
1721,0.010000000000000009
1722,0.010000000000000009
1723,0.010000000000000009
1724,0.010000000000000009
1725,0.010000000000000009
1726,0.010000000000000009
1727,0.010000000000000009
1728,0.010000000000000009
1729,0.010000000000000009
1730,0.010000000000000009
1731,0.010000000000000009
1732,0.010000000000000009
1733,0.010000000000000009
1734,0.010000000000000009
1735,0.010000000000000009
1736,0.010000000000000009
1737,0.010000000000000009
1738,0.010000000000000009
1739,0.010000000000000009
1740,0.010000000000000009
1741,0.010000000000000009
1742,0.010000000000000009
1743,0.010000000000000009
1744,0.010000000000000009
1745,0.010000000000000009
1746,0.010000000000000009
1747,0.010000000000000009
1748,0.010000000000000009
1749,0.010000000000000009
1750,0.010000000000000009
1751,0.010000000000000009
1752,0.010000000000000009
1753,0.010000000000000009
1754,0.010000000000000009
1755,0.010000000000000009
1756,0.010000000000000009
1757,0.010000000000000009
1758,0.010000000000000009
1759,0.010000000000000009
1760,0.010000000000000009
1761,0.010000000000000009
1762,0.010000000000000009
1763,0.010000000000000009
1764,0.010000000000000009
1765,0.010000000000000009
1766,0.010000000000000009
1767,0.010000000000000009
1768,0.010000000000000009
1769,0.010000000000000009
1770,0.010000000000000009
1771,0.010000000000000009
1772,0.010000000000000009
1773,0.010000000000000009
1774,0.010000000000000009
1775,0.010000000000000009
1776,0.010000000000000009
1777,0.010000000000000009
1778,0.010000000000000009
1779,0.010000000000000009
1780,0.010000000000000009
1781,0.010000000000000009
1782,0.010000000000000009
1783,0.010000000000000009
1784,0.010000000000000009
1785,0.010000000000000009
1786,0.010000000000000009
1787,0.010000000000000009
1788,0.010000000000000009
1789,0.010000000000000009
1790,0.010000000000000009
1791,0.010000000000000009
1792,0.010000000000000009
1793,0.010000000000000009
1794,0.010000000000000009
1795,0.010000000000000009
1796,0.010000000000000009
1797,0.010000000000000009
1798,0.010000000000000009
1799,0.010000000000000009
1800,0.010000000000000009
1801,0.010000000000000009
1802,0.010000000000000009
1803,0.010000000000000009
1804,0.010000000000000009
1805,0.010000000000000009
1806,0.010000000000000009
1807,0.010000000000000009
1808,0.010000000000000009
1809,0.010000000000000009
1810,0.010000000000000009
1811,0.010000000000000009
1812,0.010000000000000009
1813,0.010000000000000009
1814,0.010000000000000009
1815,0.010000000000000009
1816,0.010000000000000009
1817,0.010000000000000009
1818,0.010000000000000009
1819,0.010000000000000009
1820,0.010000000000000009
1821,0.010000000000000009
1822,0.010000000000000009
1823,0.010000000000000009
1824,0.010000000000000009
1825,0.010000000000000009
1826,0.010000000000000009
1827,0.010000000000000009
1828,0.010000000000000009
1829,0.010000000000000009
1830,0.010000000000000009
1831,0.010000000000000009
1832,0.010000000000000009
1833,0.010000000000000009
1834,0.010000000000000009
1835,0.010000000000000009
1836,0.010000000000000009
1837,0.010000000000000009
1838,0.010000000000000009
1839,0.010000000000000009
1840,0.010000000000000009
1841,0.010000000000000009
1842,0.010000000000000009
1843,0.010000000000000009
1844,0.010000000000000009
1845,0.010000000000000009
1846,0.010000000000000009
1847,0.010000000000000009
1848,0.010000000000000009
1849,0.010000000000000009
1850,0.010000000000000009
1851,0.010000000000000009
1852,0.010000000000000009
1853,0.010000000000000009
1854,0.010000000000000009
1855,0.010000000000000009
1856,0.010000000000000009
1857,0.010000000000000009
1858,0.010000000000000009
1859,0.010000000000000009
1860,0.010000000000000009
1861,0.010000000000000009
1862,0.010000000000000009
1863,0.010000000000000009
1864,0.010000000000000009
1865,0.010000000000000009
1866,0.010000000000000009
1867,0.010000000000000009
1868,0.010000000000000009
1869,0.010000000000000009
1870,0.010000000000000009
1871,0.010000000000000009
1872,0.010000000000000009
1873,0.010000000000000009
1874,0.010000000000000009
1875,0.010000000000000009
1876,0.010000000000000009
1877,0.010000000000000009
1878,0.010000000000000009
1879,0.010000000000000009
1880,0.010000000000000009
1881,0.010000000000000009
1882,0.010000000000000009
1883,0.010000000000000009
1884,0.010000000000000009
1885,0.010000000000000009
1886,0.010000000000000009
1887,0.010000000000000009
1888,0.010000000000000009
1889,0.010000000000000009
1890,0.010000000000000009
1891,0.010000000000000009
1892,0.010000000000000009
1893,0.010000000000000009
1894,0.010000000000000009
1895,0.010000000000000009
1896,0.010000000000000009
1897,0.010000000000000009
1898,0.010000000000000009
1899,0.010000000000000009
1900,0.010000000000000009
1901,0.010000000000000009
1902,0.010000000000000009
1903,0.010000000000000009
1904,0.010000000000000009
1905,0.010000000000000009
1906,0.010000000000000009
1907,0.010000000000000009
1908,0.010000000000000009
1909,0.010000000000000009
1910,0.010000000000000009
1911,0.010000000000000009
1912,0.010000000000000009
1913,0.010000000000000009
1914,0.010000000000000009
1915,0.010000000000000009
1916,0.010000000000000009
1917,0.010000000000000009
1918,0.010000000000000009
1919,0.010000000000000009
1920,0.010000000000000009
1921,0.010000000000000009
1922,0.010000000000000009
1923,0.010000000000000009
1924,0.010000000000000009
1925,0.010000000000000009
1926,0.010000000000000009
1927,0.010000000000000009
1928,0.010000000000000009
1929,0.010000000000000009
1930,0.010000000000000009
1931,0.010000000000000009
1932,0.010000000000000009
1933,0.010000000000000009
1934,0.010000000000000009
1935,0.010000000000000009
1936,0.010000000000000009
1937,0.010000000000000009
1938,0.010000000000000009
1939,0.010000000000000009
1940,0.010000000000000009
1941,0.010000000000000009
1942,0.010000000000000009
1943,0.010000000000000009
1944,0.010000000000000009
1945,0.010000000000000009
1946,0.010000000000000009
1947,0.010000000000000009
1948,0.010000000000000009
1949,0.010000000000000009
1950,0.010000000000000009
1951,0.010000000000000009
1952,0.010000000000000009
1953,0.010000000000000009
1954,0.010000000000000009
1955,0.010000000000000009
1956,0.010000000000000009
1957,0.010000000000000009
1958,0.010000000000000009
1959,0.010000000000000009
1960,0.010000000000000009
1961,0.010000000000000009
1962,0.010000000000000009
1963,0.010000000000000009
1964,0.010000000000000009
1965,0.010000000000000009
1966,0.010000000000000009
1967,0.010000000000000009
1968,0.010000000000000009
1969,0.010000000000000009
1970,0.010000000000000009
1971,0.010000000000000009
1972,0.010000000000000009
1973,0.010000000000000009
1974,0.010000000000000009
1975,0.010000000000000009
1976,0.010000000000000009
1977,0.010000000000000009
1978,0.010000000000000009
1979,0.010000000000000009
1980,0.010000000000000009
1981,0.010000000000000009
1982,0.010000000000000009
1983,0.010000000000000009
1984,0.010000000000000009
1985,0.010000000000000009
1986,0.010000000000000009
1987,0.010000000000000009
1988,0.010000000000000009
1989,0.010000000000000009
1990,0.010000000000000009
1991,0.010000000000000009
1992,0.010000000000000009
1993,0.010000000000000009
1994,0.010000000000000009
1995,0.010000000000000009
1996,0.010000000000000009
1997,0.010000000000000009
1998,0.010000000000000009
