,0
0,-247.09284899011456
1,-35.80472529724351
2,-77.21319009191856
3,-148.92161156947273
4,-121.17946836005707
5,-349.88447080378364
6,-133.161213391933
7,-109.66396463025177
8,-153.46405981132733
9,-227.22550079481076
10,-111.66371642069532
11,-256.6061704283307
12,-157.05172689728215
13,-70.39511728970895
14,-180.75316279298465
15,-157.2947438841798
16,-165.6140236396215
17,-84.95119906063002
18,-331.64154350419903
19,-55.24771298209075
20,-419.50949807668906
21,-107.38748975453392
22,-126.07513346594061
23,-146.7214045843136
24,-116.3962353114182
25,-117.729706323773
26,-163.0332223333141
27,-122.19801142246696
28,-97.11384366063007
29,-428.6219677663019
30,-92.88518688119795
31,-177.2352251823661
32,-103.19677222993543
33,-401.14983610189506
34,-106.43105117227645
35,-203.61494581352588
36,-96.74536320196354
37,-146.45887333406415
38,-434.51545819329516
39,-343.57464485924413
40,-395.00019312682446
41,-176.74918572534878
42,-125.9186355867718
43,-94.62884566509676
44,-397.72887248542753
45,-263.98920711932453
46,-89.79357685051895
47,-109.14086364305199
48,-287.19821464452775
49,-140.74235711133818
50,-262.93594005896307
51,-161.56687512396584
52,-175.51155027316332
53,-397.71470530525016
54,-232.091453964185
55,-222.9931899036684
56,-358.4166073702861
57,-112.51017358650442
58,-92.27475333734371
59,-119.18915708589336
60,-265.4322942391633
61,-100.15322434670156
62,-260.85593617897405
63,-85.70806100542723
64,-209.0515253122876
65,-135.7769753133385
66,-324.5508270557412
67,-278.9674523801642
68,-196.48057319673353
69,-307.87202083891844
70,-82.85727665996254
71,-77.07737611983923
72,-147.2285128850236
73,-67.74067777834166
74,-102.41412704406632
75,-99.90190998744325
76,-405.3678185859302
77,-104.61843754089821
78,-96.63559181098026
79,-372.2228517381184
80,-131.93905620860863
81,-219.46814290729498
82,-117.44030094020026
83,-99.40295161105585
84,-161.1885168812346
85,-83.39681333508241
86,-189.68611517014384
87,-203.49544305744666
88,-279.66142891872585
89,-72.07114983280823
90,-95.20115216021468
91,-114.13395294986742
92,-77.15187316771537
93,-194.31920760172517
94,-69.1660170750968
95,-168.25229780902143
96,-93.33833539133146
97,-191.964761170084
98,-110.07534536622768
99,-93.50582501222435
100,-119.57514844367515
101,-101.17745086638806
102,-106.96428930648489
103,-66.07734551234213
104,-329.3197874831762
105,-110.38821162652766
106,-143.64737887867872
107,-106.77642955304862
108,-186.05923407792164
109,-116.71872496660151
110,-237.28156775063678
111,-252.75555346991231
112,-87.52012399320424
113,-210.9094165024867
114,-147.66324405270237
115,-130.0816993142629
116,-91.3381768376822
117,-113.29522620610341
118,-179.55269485707748
119,-184.61313711623256
120,-127.98620359421646
121,-129.6343171440892
122,-282.5593280527019
123,-312.90240142373347
124,-271.94142586741697
125,-239.18708694192102
126,-128.17926385308743
127,-108.4362348804786
128,-68.99838080046653
129,-409.16272792228426
130,-105.33844762937608
131,-196.142741338277
132,-331.09392472192394
133,-37.39175992525874
134,33.41543520597969
135,-197.66768693986944
136,-327.81068840672594
137,-74.13311780980999
138,-32.01783484394849
139,-86.68593686812203
140,-201.56020653066102
141,-126.19709414651983
142,-150.74466204437218
143,-143.5759506998938
144,-90.8504354253032
145,-300.03331693389225
146,-40.147404609691506
147,-103.5803611632825
148,-154.20427963434014
149,-0.7433080863222727
150,-113.69640787657568
151,-7.87139700790901
152,-113.99744281144375
153,-115.26897382335528
154,-115.47939349705673
155,-275.8789222642656
156,-124.30638431631812
157,-227.270442598743
158,-167.13355801752255
159,-477.03965009966544
160,-43.16292542408069
161,-249.5195398507436
162,-144.50462137002438
163,-190.85292595898403
164,-220.24203421765156
165,-96.01102735820866
166,-125.48140548537617
167,-128.1828298310732
168,-186.39830566207303
169,-117.89575125579161
170,-170.05205727782987
171,-70.70539057364277
172,-159.5016329422408
173,3.780622551909616
174,-286.616115013604
175,-246.1432113240376
176,-1.915124889602538
177,-127.81473589699651
178,-36.824308404943594
179,-258.71069243852594
180,-204.46480183101536
181,-103.5583608771078
182,-66.8777004847721
183,-84.55305253044685
184,20.391909280733202
185,-112.92135468999525
186,-126.35340410546996
187,-136.49892710962075
188,-223.14732253434147
189,-116.6106288731388
190,-122.41395712195296
191,-123.46332203644194
192,-149.72758430359863
193,-90.2108712538202
194,-96.00851486693875
195,-80.60437764384262
196,-229.88612921387084
197,-119.30557399352034
198,-163.05894932284184
199,-89.25802541398077
200,-133.7973366104497
201,-108.5902386736562
202,-118.18718342546887
203,-105.59995544626295
204,-317.86919540653753
205,-92.53917043984706
206,-178.87985038533395
207,-276.5272808954892
208,-15.026834307813289
209,-135.06603589442418
210,-92.35511770386778
211,-227.24459850602574
212,-108.90950225858278
213,-247.42418392777952
214,-72.03458289087442
215,-93.54687009915972
216,-286.7835248717076
217,-104.56189171019975
218,-232.7924034822757
219,-86.71504025747927
220,-264.4384483344843
221,-122.562715512577
222,-196.51659387784116
223,-111.47746885874295
224,-56.488045627924166
225,-124.76223487198713
226,-79.62568986263531
227,-179.3102143364556
228,-198.08914042982036
229,-71.35522877166007
230,-134.2424948779357
231,-53.235753579534034
232,-101.92735288226518
233,-93.9173915772412
234,-139.21299791644182
235,-258.92304404134825
236,-57.9138368420976
237,-89.37158560212245
238,-113.09251800213241
239,-133.30634551215505
240,-131.12896673283922
241,-35.43841698501468
242,15.463835058294137
243,-361.42479255252937
244,-162.74659135918185
245,-65.73074579507448
246,-128.05821214991954
247,-89.21008161239908
248,-151.22608029493873
249,-101.44709467544254
250,-133.3420452795139
251,-147.38401458841196
252,-176.3212215132104
253,-126.59364119242038
254,-215.98866391222555
255,-173.7018189693717
256,-72.07485562039267
257,-100.83597304989135
258,-150.84587467641416
259,-90.43067442958991
260,-110.67527855384535
261,-45.92526795908742
262,-164.48900448161666
263,-62.66996933675301
264,-164.7415396157462
265,-103.5697592919434
266,-72.37424907458339
267,-127.24927090913638
268,-65.5155068975154
269,-63.907695014432235
270,-156.12288161310818
271,-139.85389460457975
272,-148.84450712743444
273,-75.49819627686915
274,-129.2495456197209
275,-12.31190797879293
276,-32.9954116550106
277,-116.54215111258128
278,-106.78320612272005
279,-84.2316491996978
280,-117.15424721507678
281,-182.86260745385806
282,-247.85471477050035
283,-147.98720377769905
284,-112.10894706961169
285,-100.96881002557171
286,-156.93549014823193
287,-327.37202249235077
288,-141.55078111853936
289,-180.36565278594003
290,-104.87193152440817
291,-54.74596146233927
292,-272.2719822326977
293,-72.10905250612669
294,-56.87585037157323
295,-239.74776449059027
296,-198.95077006428926
297,-6.566436215975273
298,-39.60104275666807
299,-163.79206910686173
300,-76.36877603617134
301,-32.261787673568136
302,-38.29640903279221
303,-89.57847479443573
304,-215.4639193552913
305,-93.0980435097151
306,-74.83389947796444
307,-73.50018759064584
308,-93.98836112625366
309,-6.410369584498241
310,-31.298534891968643
311,-117.75836248158609
312,-105.4338200192999
313,-88.83997150384396
314,-20.281962839827713
315,-176.64715777417942
316,-22.789525097218373
317,-197.14216702387608
318,-132.25606204875135
319,-22.544072851454303
320,-307.50691308768216
321,-196.3633102276081
322,-97.48468075103986
323,-97.6744665351854
324,-142.39184812678303
325,-92.95494695211104
326,-93.4998755382836
327,-181.87949092156353
328,-176.63307865664535
329,-118.2317036580924
330,-144.56239748175597
331,-113.02489993750441
332,-201.73826054853654
333,-62.58553961577927
334,-88.02155383391656
335,-118.44644345853042
336,-111.40664643331309
337,-115.42162919151517
338,-104.49506380659582
339,-118.83353921585976
340,-172.9551953015005
341,-70.05634890611415
342,-146.32711549036136
343,-135.92808935309506
344,-86.55775188419928
345,-65.7678791244975
346,-120.41145038509686
347,-70.29833388748438
348,-78.16470564494698
349,-136.52545731718624
350,-132.84466509557188
351,-118.45789740367535
352,-124.82892524833014
353,-101.88519079506715
354,-196.42235393027124
355,-106.48636146535833
356,-161.75079949324288
357,-136.49682443680757
358,-102.3942485569187
359,-120.63166413315604
360,-99.13411432622968
361,25.041745835726786
362,-10.112737694611127
363,-170.3907785414633
364,-134.413290617236
365,-104.72470291134728
366,-98.04705093022156
367,-148.98734684835466
368,-144.68155031692942
369,-115.92120679193457
370,-113.83391897308431
371,-85.37429717817162
372,-128.64016887677872
373,-125.10684361215031
374,-87.86853480397502
375,-113.7258648893319
376,-193.10886718864793
377,-96.09271274653649
378,-76.00759400551581
379,-65.9777509396513
380,-144.58022340429642
381,-177.7295405510186
382,-103.16304733626328
383,-150.6582220874384
384,-161.6866612835414
385,-162.78735591963144
386,-25.61297595564693
387,-27.465420292412617
388,-69.46701450714022
389,-215.75140450897436
390,-190.40662618959516
391,-50.39370915290459
392,-101.55370335933924
393,-54.1855717957864
394,-105.20125689799406
395,-87.50292870807948
396,-120.60014850466192
397,-37.76484948132932
398,-149.4902130561697
399,-53.91702892057606
400,-64.7471520535275
401,-92.3130401964579
402,-113.74034026026646
403,-111.84273557026418
404,-50.52182360332617
405,-88.88065381178222
406,-27.104937825743036
407,-131.60918036232744
408,14.883544046641376
409,-78.3974920833013
410,-117.1547057828779
411,-155.15621599481756
412,-62.206346775021515
413,-27.237342598765494
414,-128.71638133659906
415,-66.86090036093697
416,-142.03174920653865
417,-214.180702902449
418,-113.50050115031766
419,-122.25582803917814
420,-87.57754195431423
421,-109.64121114963072
422,-54.524899896751336
423,-191.60393045475155
424,-107.25980625604907
425,-109.62379820248555
426,-83.07627125378477
427,-88.0970548030531
428,-176.48901832875617
429,-76.80540039601327
430,-112.52371993384207
431,-45.1803231762034
432,-130.8099543599406
433,-124.29764421901834
434,-88.09102093597716
435,-31.37490650292682
436,-326.4431694405206
437,-88.41074335437324
438,-87.41968116511536
439,-28.605034102915056
440,-116.79414684359281
441,-53.508362404266954
442,-75.157959392912
443,-138.58994595233298
444,-77.94769586687264
445,-71.7817270883445
446,-88.60710579127333
447,-91.89027178472648
448,-57.29749660120369
449,-123.78884532373476
450,-108.49502186301014
451,-79.9694233947957
452,-53.96505763369028
453,-107.756556793101
454,-62.33764659763431
455,-109.67501579217584
456,-209.03893218871147
457,-108.49912255948072
458,-46.64674985335361
459,-43.59358128784505
460,-122.51895147707538
461,-79.957088412562
462,-34.14095580514534
463,-112.58458391900702
464,-43.69428342866192
465,-69.72475721410059
466,-78.1295836689201
467,-73.48647626447371
468,-193.5193644837588
469,-70.38948349607504
470,-40.57571060736655
471,-91.78623214466585
472,-269.06312322931785
473,-84.77200119117033
474,-125.3415633502807
475,-144.81575774865732
476,-100.63451732730081
477,-90.90927410034365
478,-82.74362421150751
479,-101.11371198904051
480,-94.33398317274037
481,-58.50898050414095
482,-55.315487526163494
483,-119.77253907190351
484,-97.49076069871721
485,-39.85152895917871
486,-136.86562400593817
487,-108.01085225088309
488,-75.87535277205984
489,-138.62025535135314
490,-52.201624321822734
491,-87.71337007478023
492,-146.7637497229781
493,-80.50988576456515
494,-208.74119679805085
495,-28.480820931090037
496,-200.84938938802867
497,-141.84439788399555
498,-106.30438078346616
499,-127.62356859103508
500,-77.63400237489097
501,21.201729852793008
502,-103.6016314765944
503,-123.83772429076532
504,-102.9325475924759
505,-50.395986505734356
506,-74.81327736527656
507,-98.07905080270523
508,-55.749035419047814
509,-225.53564787923915
510,-101.18116226594292
511,-30.81848321198487
512,-106.33065560521014
513,-35.68005018542934
514,-131.98034749342617
515,-90.3892614544041
516,-109.57422036843094
517,-69.99542445270592
518,-59.53135819746642
519,31.911537756063552
520,-89.43133861568873
521,-87.29260263431877
522,-76.53952092645017
523,-81.6692784078687
524,-104.00344956795422
525,-66.75827456623352
526,-115.52431276685432
527,-107.27121261847977
528,-113.52323964505091
529,-98.29152435689323
530,-47.69784351701406
531,-141.08491657200062
532,-125.22320181210215
533,-98.06823741513509
534,-54.357289774199685
535,-95.42115648018766
536,-128.41879395845584
537,-177.88533679974248
538,-85.73291674031326
539,-39.67986446473225
540,-21.767883082406442
541,-158.77481777619374
542,-65.43042761729636
543,-28.138224366412416
544,6.57192316547453
545,-77.54768980615837
546,-43.85455492196304
547,-81.80951869135606
548,-34.02133695065959
549,-40.40054625825593
550,-73.26630387979844
551,-58.8392212324375
552,-87.40681302883686
553,-81.53144341093923
554,-122.30378870025643
555,-99.34535745693638
556,-76.87546957987482
557,-174.89925321486464
558,-89.1066082700219
559,-112.40716550127483
560,-56.92084080133982
561,-110.52511266296679
562,-41.29898193943755
563,-91.99020315681507
564,-68.2264125774482
565,-79.8021687088225
566,-102.92347389336243
567,-269.0567442468656
568,-79.197127570287
569,-55.71254216933582
570,-84.0237175868319
571,-63.42364792376695
572,-125.42520211988169
573,-88.19440321328761
574,-100.41053393413324
575,-68.0902548119096
576,-58.93282514141608
577,-109.92574076253413
578,-147.1842872114965
579,-70.33389768109723
580,-299.2451416415992
581,-38.84453343690906
582,-54.54808997242944
583,-97.95680520032508
584,-112.0898218604214
585,-66.50289833794864
586,-56.58411807167868
587,-123.46653927910856
588,-77.92755903802976
589,-86.39844922408577
590,-145.6340884504664
591,46.22811912945147
592,-48.8079821343772
593,-141.44158778563167
594,-138.80518770980603
595,10.473302699909425
596,-96.21815192603191
597,-93.37514643908496
598,-0.4234181694664585
599,-101.15304882933421
600,-102.48307358229859
601,-229.67985435493716
602,-51.241460934735215
603,-81.1852443388072
604,-117.15179014025914
605,-76.5745294187087
606,-58.82280743883671
607,-73.34469101385602
608,-91.30328849585483
609,-125.453285099843
610,-234.6523954947202
611,-39.07394142966474
612,-106.09444384026072
613,-96.16661240492536
614,-68.88130212126279
615,-47.476185734890585
616,-87.43459817500599
617,-125.56801183625517
618,-97.41939841347289
619,-100.38290047185298
620,-3.346273567777473
621,-11.805885749215989
622,-46.56386713366346
623,-26.301806579791176
624,-132.83330884574298
625,-44.26526057614565
626,-20.26791147508942
627,-56.43668652501472
628,-6.264311848999256
629,-52.978597464063554
630,-28.304964221193913
631,-5.087744800874901
632,-62.024358648935575
633,-65.50695909088093
634,-81.21766152645039
635,-71.58413596845912
636,-72.64815100154064
637,-89.30367975447582
638,-23.171786750364106
639,-72.76940010181512
640,-26.52410433298799
641,-44.4579994316653
642,-32.56789292775785
643,-192.63081583270656
644,-37.7866402931396
645,-50.664293293524665
646,-44.57388526261778
647,-88.25525313203862
648,-221.89474876187558
649,-73.3090181823568
650,-79.22034952395582
651,-30.39061655478892
652,-101.83865425193058
653,-109.97731478841062
654,-109.19087231711089
655,-22.70647073027625
656,-119.78941539725938
657,-80.40409508947799
658,-114.05626908342651
659,-34.76703397007411
660,-1.559052226008106
661,-76.10489787945299
662,-96.98419193364485
663,-68.38766921299212
664,-141.84385354442213
665,-50.34075763254985
666,-68.87003564094401
667,-60.97270405685971
668,-91.32964356381487
669,-4.489758970878242
670,-112.4612026366107
671,-42.77830325182366
672,-112.36395169078035
673,-59.59025555992878
674,-78.90170600257412
675,-100.21108417978982
676,-57.69819945493283
677,-36.478836981215224
678,23.30289945436772
679,-62.66324360566951
680,-75.62649831583263
681,-96.0569491580024
682,-186.00654598473267
683,-119.77640614316618
684,-108.91864656769371
685,-89.11238657106404
686,-56.8985609805258
687,-53.287544975767396
688,-67.45678020726355
689,-131.31384489724527
690,-130.08660873815992
691,-57.27348977013916
692,-28.285963055583835
693,-58.69201199855254
694,-50.06223404105866
695,-113.82045796556369
696,-59.927999392630504
697,-82.01592820176367
698,-101.0262572501493
699,-76.51870335202142
700,-126.44735499921595
701,-147.1523913586545
702,-200.8532822957473
703,-50.822538334996004
704,-84.46098721821974
705,-15.26671187315415
706,-68.59667912446523
707,-61.101076249858835
708,-57.557137396799405
709,-37.38144553893167
710,8.549591797142483
711,-229.70014080554643
712,-49.383065365838505
713,-20.546212996528453
714,-67.75919107787479
715,-125.02236077706944
716,-81.76030159605715
717,-119.83984231318513
718,-111.12337435070063
719,-112.65268310600445
720,-82.6127616427062
721,-50.16343570127073
722,-73.46619153523233
723,-152.96102027698322
724,-45.48696150506544
725,-55.461942258503605
726,-28.203852821640567
727,-86.61098021301122
728,-73.84611466851857
729,-55.89142370185686
730,-64.4977358339313
731,-69.04868849349114
732,-73.450190433025
733,-158.95645157662526
734,-49.37296810854563
735,-126.87292611257146
736,-54.87121503622169
737,-31.634750330871498
738,-68.88635117821221
739,-35.19300197796511
740,-82.27652678962123
741,-108.51894654575479
742,-23.783104974806932
743,-4.919180641408545
744,-65.38878952672195
745,-9.577604228204933
746,-68.12668831018486
747,-84.69090042944578
748,-80.77960571786659
749,-100.56732964420885
750,-73.4370779318505
751,-25.801661524763233
752,-41.94185927231425
753,-69.81034170572718
754,-52.67464422065369
755,-67.12622023317844
756,-29.19678785917091
757,5.3498913894240445
758,-35.69099039816639
759,-58.704993754566
760,-123.26232063792452
761,-77.72506434286578
762,-97.46030028511866
763,-98.9903317264594
764,-100.93593280156742
765,-51.37864938824374
766,-85.36335955538121
767,-72.25760986156206
768,0.9841191367683422
769,-40.19883723328044
770,-64.03870823676718
771,-2.494817140191884
772,-77.41525724384906
773,-11.674713280449225
774,-79.72663183871617
775,-54.267392629391246
776,-125.45505944131158
777,-94.07041406380013
778,-54.3885236372675
779,-21.077890177935814
780,-63.3272766829114
781,-8.266585317681972
782,-78.78962695447214
783,-51.49039612854998
784,-46.95407376957648
785,-47.22635613783649
786,-34.87937366374152
787,29.97304482891292
788,-84.5123133520451
789,-49.14861297402396
790,-50.7844578364854
791,-88.09312293867158
792,-21.943281760791663
793,-81.2102371831245
794,-82.99704185238224
795,-171.41371033863393
796,-97.8266205256106
797,-91.93365827787622
798,-46.256996220197124
799,-63.20130827557157
800,-88.52430367999622
801,-20.46511556571076
802,-46.751797245072865
803,-54.82608641949956
804,-57.86188057823125
805,-75.76963744113323
806,-47.70205472018294
807,-118.94218590935824
808,-63.858658119629965
809,-52.224457437304494
810,-17.212535279663484
811,-36.29128984630441
812,-15.052021982594198
813,-67.34374401617464
814,-65.31402221203138
815,-26.29060901977924
816,-99.52212813530215
817,-41.8586975306716
818,-63.457532029708034
819,-75.18403640522307
820,-54.7609651330047
821,-73.54335487302215
822,-51.95749477814881
823,-61.85746821854622
824,-37.92063938903775
825,21.79664296504913
826,-57.05734030321045
827,-9.97976848666518
828,-97.26223339507436
829,-37.463573988519265
830,-42.34613830191975
831,-55.16187331230297
832,-76.83073866308249
833,-10.824098359428277
834,-106.14695718054361
835,-66.08915085140487
836,-32.06927615820061
837,-14.894412823943185
838,-124.36395661236838
839,-32.97555685098395
840,-59.68194662711092
841,-131.0219521656865
842,6.900060279707489
843,-47.88276665971301
844,-64.76679378700108
845,-70.36405741781408
846,-76.6531137012703
847,-34.819749633822696
848,-36.74090430206044
849,-61.98725055566157
850,18.183781667819673
851,-114.61371742298645
852,-133.19630343160404
853,-70.66186052615575
854,-50.34888368559399
855,-50.399439901391005
856,-102.67833976216109
857,-23.40649073753309
858,5.15130606899254
859,-33.03897440214543
860,-48.78826927854256
861,-79.21853772949481
862,-32.71417287018191
863,-81.00000734678821
864,-110.0285300548966
865,-30.235098830980192
866,-43.13292612464739
867,-57.54547454999201
868,-32.713721772972434
869,-119.12909068334372
870,-52.420714705600005
871,-141.01023201327254
872,-62.50689064720014
873,-163.41612248863498
874,-62.63720589017642
875,-62.56179267330552
876,-55.21949131797975
877,-22.161163238728435
878,-47.98062613548487
879,-17.923820674806493
880,-2.8376649831614458
881,-43.24785486922272
882,-62.11536191813227
883,-66.01030712339586
884,-64.07052707613539
885,-52.48934172475554
886,-57.39862417957855
887,-49.0796167688858
888,-84.37869216046784
889,-24.815262717771404
890,-42.72185182167392
891,-66.17926720808677
892,-45.741200980089985
893,-129.96433094574178
894,-27.581579918237736
895,-47.909348285350106
896,-64.64061277677168
897,-60.295475606516625
898,17.03361533215822
899,-75.81234336616953
900,44.82865975514076
901,-73.7294113212697
902,-121.9164052260944
903,-42.671156429647795
904,-109.17919357451947
905,-58.19778096436003
906,-35.611493927054724
907,-7.757034425915336
908,-80.77983316910625
909,-37.074416462878084
910,-78.60694744195914
911,-44.81743208642142
912,-68.84266057281394
913,-53.70369455665154
914,-15.484114289195858
915,-56.087713060971694
916,-103.88065794452264
917,15.766164250766352
918,-58.63491089096525
919,-27.63059171409911
920,-27.959125363980107
921,-78.72801172771099
922,-56.96576560671956
923,-11.448821082396847
924,-22.769927370867748
925,-60.85426723554249
926,-61.5635246991025
927,-51.27369250944919
928,-39.32045669755556
929,-88.23838449598685
930,-12.10905081337259
931,-67.10697145531856
932,-40.26392358681831
933,-256.69734524635123
934,-74.23440922921243
935,-89.80325030726064
936,-57.010828829968595
937,-39.925210171090804
938,-52.7481987871421
939,-61.05263071921807
940,-24.446980210314592
941,-101.33928652561873
942,-72.80356734071702
943,-73.2636817883593
944,-17.04283225159263
945,-53.019911178769014
946,-58.258920646969145
947,-102.3934088018807
948,-3.872310791481553
949,-158.30786227772853
950,-47.10113312380864
951,-76.17654806622573
952,3.0586514950318104
953,6.2220310589315915
954,-75.29232040657612
955,-102.61024521858327
956,-88.47855722923705
957,-12.968317383862214
958,-213.52543508807895
959,-88.84111654638403
960,-26.51164292141459
961,-123.85216202788631
962,-23.09588015206606
963,-29.034741972190076
964,-39.181251735871484
965,-34.34595555994325
966,14.524734220074407
967,-130.46501171657238
968,15.430534100761705
969,-93.66228438216335
970,-23.406108691275577
971,-35.04057744251327
972,-110.98978124407056
973,9.733321990753282
974,-99.83508689937027
975,-43.88558163313779
976,-41.49234663905963
977,-17.326402104092978
978,-16.198946124192858
979,3.809717117842041
980,-31.246236720098622
981,-178.48474617179022
982,-56.415270084783174
983,-47.41104244861354
984,-45.1771833059684
985,-184.54734786527715
986,-64.7217406953939
987,-90.8266832669686
988,5.222024991518424
989,-240.96433295900684
990,-91.66132338494128
991,-59.86230849824263
992,-11.142666187970036
993,-74.05802189813541
994,-197.29989390887354
995,-35.29985133784298
996,-28.503520546696606
997,-186.81172838457925
998,-14.75955124013825
999,-46.634059908244254
1000,-146.77916367707604
1001,-43.85820497882938
1002,-67.62824605078961
1003,-39.90222300038912
1004,17.767702195680585
1005,-86.57734358719641
1006,-98.29484664027129
1007,-65.20523546965816
1008,-2.5367624899839427
1009,-94.13843492728986
1010,-52.39571255944743
1011,-29.00848803460819
1012,-47.50668928922464
1013,-128.47391532382312
1014,-78.63922956472774
1015,35.20351088027891
1016,-100.96679664506554
1017,-78.27089427999833
1018,-9.323207702720595
1019,-41.82089639753637
1020,5.263107871371105
1021,2.4708260107791915
1022,-91.13487719139265
1023,-75.85234389912091
1024,-57.53698698957716
1025,-61.147924447492166
1026,-91.17557940180346
1027,-31.411936765175412
1028,12.646268946967325
1029,-41.42616144733486
1030,-26.254119534141054
1031,-106.9993318774596
1032,-71.37835295639373
1033,-31.426499427147633
1034,-157.30998549055766
1035,17.316181322442432
1036,-36.61999304284528
1037,-243.0623689863785
1038,-44.586291294627
1039,16.160413745421906
1040,-189.1782945651423
1041,-97.54943499377949
1042,-8.353939085110738
1043,-14.371491698378335
1044,-83.44376382485416
1045,-169.8860759340863
1046,-205.198027867962
1047,-72.25112556025559
1048,-71.15494970995034
1049,26.931554264177876
1050,-189.81929306101452
1051,-46.541578653206074
1052,-33.46780837554006
1053,-47.81904975917686
1054,-60.85530521845565
1055,-28.00935383042571
1056,-39.193480887992905
1057,-143.47449599592488
1058,-37.72883395903962
1059,-64.55779114176545
1060,-74.27222474549174
1061,-17.00573527861033
1062,-95.95826674475887
1063,-72.70012737198623
1064,-202.39898936370608
1065,-29.507055265248823
1066,-65.59250402335141
1067,-54.802174460217515
1068,-101.46617276966423
1069,-49.2519022987053
1070,-43.33304592427391
1071,-65.26491619401831
1072,-39.82121981489731
1073,-29.732807661678606
1074,-11.560642357181791
1075,-1.4831476529856502
1076,-179.47403712910494
1077,-109.9110148576263
1078,-42.321657436462075
1079,-73.93803199085775
1080,-86.77244109642675
1081,-44.18796231527915
1082,-53.3614971103802
1083,-43.15482884765275
1084,-213.16859719034858
1085,-56.70652626282748
1086,-16.128059546791633
1087,-9.647197213012007
1088,-98.379604533634
1089,-75.18335605479007
1090,-121.43649444289703
1091,15.855228951942294
1092,-39.031237813075066
1093,-41.25552821976688
1094,-153.61545748242344
1095,-37.23662436498812
1096,-34.40598438459317
1097,-176.49105816590628
1098,-83.47636264083071
1099,-45.9162556678977
1100,-169.12459473689293
1101,-156.0685209070766
1102,-27.0256631796652
1103,-49.19363093728698
1104,-48.421665513546145
1105,-208.31034303170983
1106,-40.27405822041578
1107,-50.35139453177403
1108,-188.60356749541344
1109,46.87386746170887
1110,-32.75332235590932
1111,-32.05057577213782
1112,20.94805635875757
1113,-89.64693363836074
1114,-75.63263482306634
1115,-67.76977359232941
1116,-19.17225940631171
1117,11.734836196969255
1118,-77.98565716894396
1119,-35.810764294373755
1120,-14.61455231355282
1121,-54.93253204085423
1122,-195.00052771553894
1123,-50.0675274332354
1124,-15.207229139542164
1125,-32.52604967961044
1126,-67.09922291479533
1127,-65.62359754746934
1128,-68.29925042595578
1129,-160.2745300626533
1130,-211.15765444351413
1131,-51.089241693578344
1132,-19.00271338443126
1133,14.199808595570758
1134,-111.3887287843011
1135,-31.945544340570592
1136,-182.36660087432867
1137,-55.523520851406786
1138,-161.08188196667007
1139,-43.31610644801492
1140,5.242052648849054
1141,-65.74252381676021
1142,-63.41784898259246
1143,-30.814116581071417
1144,-94.15554787994027
1145,38.10422186409144
1146,-30.008929307715718
1147,-364.7912516013775
1148,-68.91345270923836
1149,-3.0591639857709083
1150,-16.914030632198504
1151,0.542232586194757
1152,-37.294652975986736
1153,-325.8648632922991
1154,-44.65729172568494
1155,-98.81716876596279
1156,-52.966737848191826
1157,-38.9243743336608
1158,-21.221589026447205
1159,-42.436177257517755
1160,-268.0364668201927
1161,-37.63798350245234
1162,-34.183874135722775
1163,-73.82438077054937
1164,-88.00715267693097
1165,-183.51798876716768
1166,-56.247013603936956
1167,-91.27006001724163
1168,-104.99752539960872
1169,-12.239110360015133
1170,-44.83744767975397
1171,-31.485897054233632
1172,-87.48489448818557
1173,37.930207891856554
1174,-8.705713735955683
1175,-239.00579428157445
1176,-30.30137515037265
1177,-39.79560392301012
1178,-2.3990398519142246
1179,-13.90370697427305
1180,-14.856917290601743
1181,-63.83268417603271
1182,-59.29912003192905
1183,-58.517111681538104
1184,-22.775289139950758
1185,-60.95579424772036
1186,-47.164043777148656
1187,-65.47078607022736
1188,-72.44655512000233
1189,-242.71097855645544
1190,-6.798524236336235
1191,18.9572371814741
1192,-16.38664984907365
1193,-76.28639987329939
1194,-84.60519669677517
1195,-0.009719596920220397
1196,-175.98589981194726
1197,-60.636397926035556
1198,-91.58843968042265
1199,-29.599879549662987
1200,-300.9886400037588
1201,-43.08056890761058
1202,-29.239636786479807
1203,-69.28620459591062
1204,-0.582653131432977
1205,-75.11455017477924
1206,-49.554673592030866
1207,-121.64990928139244
1208,-46.74724861869977
1209,-30.408477311844905
1210,-71.73077108448234
1211,-72.2663469313168
1212,-60.246114529403556
1213,-51.42768741188698
1214,-325.51244120992794
1215,-263.8719090996418
1216,-87.74557320288946
1217,3.1351525004041463
1218,-306.4667151374699
1219,-79.55511665177109
1220,-43.252259900788985
1221,-35.81862687498353
1222,-11.051249565069867
1223,10.266060381997747
1224,-125.26767476338122
1225,-3.7757054904853504
1226,-22.101918365398532
1227,-51.40039484999242
1228,-161.86900992593434
1229,-29.278797081914874
1230,-36.19886085538267
1231,-80.57089156849501
1232,-37.43924857648882
1233,-58.43102258341413
1234,-53.11623173790764
1235,-92.7690815990832
1236,-69.34441058672176
1237,14.107955380559275
1238,-43.30617886243037
1239,-3.236817156792519
1240,-40.09302718630249
1241,-126.12362392618996
1242,-6.02157854784889
1243,-49.27434056860065
1244,-34.08560018069282
1245,-43.490190569506126
1246,-19.20838430598823
1247,-345.0583251954358
1248,-122.13710833638237
1249,-4.778160858649047
1250,-2.7590327969938357
1251,-74.893305686842
1252,18.425879909429398
1253,-57.81631791178778
1254,-5.545256574683091
1255,-10.984363310771291
1256,1.607388660721325
1257,-30.576243266396006
1258,-55.7522515892169
1259,-13.916233972379793
1260,-8.388880773408061
1261,-26.42876038662301
1262,-1.117354348893869
1263,-68.48591327206573
1264,-28.715391414999488
1265,-18.54030592240329
1266,-47.72617233498423
1267,-31.85913994077913
1268,-85.92670512877842
1269,-52.52346007764873
1270,-137.63428393168442
1271,42.653613607442736
1272,32.449855980354954
1273,-26.964135909058456
1274,7.549794770312644
1275,-13.67433773955401
1276,-73.05801192246429
1277,-4.286894149895076
1278,-39.42531622079989
1279,-65.37659345543723
1280,-56.89661533186468
1281,-45.50761297663452
1282,-79.84283950270758
1283,-13.975168048932247
1284,-90.15193395400894
1285,-52.8492199533623
1286,-30.60581706356011
1287,-95.88497850267743
1288,-22.264891643327953
1289,10.744373505654456
1290,-0.3369177508419483
1291,-131.745592690706
1292,-7.83110963303337
1293,-65.26333869183159
1294,-48.482162637964734
1295,-10.1044202114157
1296,65.202546261067
1297,-31.716599135255482
1298,-12.77335630081237
1299,25.97657382449023
1300,-65.35629324875812
1301,-62.162002122743324
1302,-56.02444709027043
1303,-29.30154812776142
1304,-2.905620484540904
1305,-1.4224953297802854
1306,-61.369809056447856
1307,1.891869389129396
1308,-42.00493401727363
1309,-322.21029776937235
1310,35.9656533018433
1311,-1.8426203896447078
1312,6.677491708906473
1313,-3.8684188720692685
1314,39.49713398861101
1315,-71.61926493525557
1316,-39.48347293855937
1317,-107.35835571129022
1318,-24.8646272108911
1319,-31.19400903669852
1320,-37.514685162202916
1321,-0.09438852884276461
1322,-19.247503687504143
1323,9.134895046157366
1324,-44.04779108891172
1325,-32.64331783406936
1326,-19.825073135968257
1327,21.788103515419706
1328,-22.682364613563877
1329,-26.02289336116786
1330,-83.50151281434313
1331,-31.84372204213839
1332,-72.19245171399396
1333,15.597982606644862
1334,-11.368838242328103
1335,-40.684030552866886
1336,-36.517482821584004
1337,30.25435328284817
1338,41.972345416829626
1339,-4.148154863429838
1340,-41.86715819859114
1341,-7.30599471499766
1342,8.793322831113347
1343,-48.73472680181068
1344,-37.175115255068555
1345,-3.4492026797809245
1346,-18.050750357154257
1347,13.261620457045547
1348,-24.901716514909726
1349,24.000856294449658
1350,25.874395302437847
1351,0.07450597664903391
1352,-43.62092722736088
1353,-36.427009048350484
1354,30.725749264677972
1355,-2.6095311941335373
1356,-1.5379731368514773
1357,37.73454977046973
1358,17.321190751259657
1359,12.538734278795122
1360,-8.11255601230933
1361,-1.5182099888560798
1362,10.981101431595327
1363,-32.05522818351622
1364,59.84587593899343
1365,9.515911730914498
1366,7.178046640731093
1367,-29.387444392994198
1368,14.978510482986591
1369,22.931171512915896
1370,-57.817621627786615
1371,-228.57388492285065
1372,4.9945215911383105
1373,26.56904565551211
1374,-21.192414633291957
1375,-36.149544646288135
1376,-5.965498124621635
1377,-173.9112676949099
1378,-61.267769018470716
1379,3.880862595398055
1380,-4.471476328351636
1381,-46.873243622084814
1382,-54.759478011170586
1383,-34.11450027053169
1384,-23.11860911660348
1385,39.59472767873505
1386,-9.133933020911593
1387,12.76245897229281
1388,16.607150286461028
1389,-49.28506081453089
1390,18.270342349139526
1391,2.993744930747549
1392,91.8597586727847
1393,35.975746430491
1394,1.805528807012763
1395,53.281073202173715
1396,-62.33680708743384
1397,-13.741774362966705
1398,83.83087162012416
1399,83.02394144853858
1400,-23.56130623287767
1401,-35.79799605859267
1402,14.881319282741059
1403,80.7147968908294
1404,81.09239936583373
1405,204.46724286754096
1406,231.54842470019312
1407,131.6221666226943
1408,119.13330998851143
1409,265.5991658805518
1410,111.37869781725406
1411,59.73026991349034
1412,23.24136220607074
1413,240.02034110814347
1414,7.328673750127761
1415,145.42617460422773
1416,45.93093578203242
1417,-40.703330210483415
1418,89.01421350657263
1419,-117.66465062604341
1420,127.67250245399
1421,211.09676054310708
1422,63.7367058931668
1423,-158.88059756013945
1424,-107.42159165934301
1425,183.94807751274206
1426,216.31895686099148
1427,239.1050522591378
1428,57.91231573847364
1429,-29.744149603981967
1430,-19.07830647879311
1431,161.53987964327624
1432,100.26676305483626
1433,-177.834094260102
1434,80.93428179965858
1435,27.040525429793732
1436,149.1619187173955
1437,282.6822518144814
1438,59.12588545338257
1439,218.5320096353405
1440,115.99953569002219
1441,15.668891873814331
1442,113.6189049602623
1443,251.51847339938485
1444,85.12373059348312
1445,227.25414295490532
1446,239.2861345831076
1447,164.19442917472617
1448,162.00820304904894
1449,78.77652614742937
1450,117.18767324726588
1451,-20.743174397944443
1452,111.29940294072418
1453,137.99157597595106
1454,56.73617484276675
1455,204.82672674772022
1456,230.4344494132606
1457,90.75314781822644
1458,208.54036171224442
1459,219.9108532657885
1460,109.2463469584312
1461,-11.740127677052822
1462,97.42807585146831
1463,117.07149522962585
1464,139.36921642957236
1465,183.03586981334587
1466,-36.47650345121157
1467,47.83895486089199
1468,22.75126455677316
1469,222.2587507211383
1470,234.62741435686792
1471,231.3224108199096
1472,231.99461660495425
1473,289.91525089207687
1474,57.305756927859946
1475,219.35491334910617
1476,-2.660767235798531
1477,119.72798494405055
1478,217.13539130640584
1479,71.11159985938582
1480,147.56507488933283
1481,278.4585613935057
1482,234.25978701840785
1483,117.39854282867077
1484,212.387713766829
1485,92.9266947675421
1486,270.40675136092113
1487,57.73755695787804
1488,241.88898416956027
1489,268.95808350946834
1490,45.80836278155808
1491,76.77758966530604
1492,58.22909232735127
1493,5.396799377700731
1494,68.2092348993288
1495,264.8240217537876
1496,220.42577191243868
1497,65.6660030563751
1498,206.61226193944108
1499,245.4192160225974
1500,-4.77100260791245
1501,186.88444283879164
1502,290.00202285514416
1503,-48.246960275089904
1504,207.62353353342868
1505,221.26839726775566
1506,105.25264800916808
1507,-0.029643248825777846
1508,-0.655316055941725
1509,257.51434856419286
1510,118.28317337816502
1511,213.48387739593025
1512,124.4465653340248
1513,252.40926022510126
1514,308.80111102336133
1515,218.45613188390257
1516,207.68923461517693
1517,208.60360249402606
1518,256.50205200806704
1519,154.56514620654377
1520,234.615525267883
1521,55.80713003371501
1522,222.7334817227701
1523,36.38776405583195
1524,25.879574691244144
1525,260.49895288498055
1526,239.67267281934724
1527,-145.15430881223273
1528,227.40279525778234
1529,-106.30543419720655
1530,243.416754927607
1531,266.71127729389474
1532,265.9826885513505
1533,248.24230952376465
1534,270.27336272836453
1535,274.2833932124227
1536,243.70112671487107
1537,93.33363042237568
1538,257.3198114111606
1539,84.79997004957058
1540,-17.735096556869227
1541,228.0162171010214
1542,245.9393125301662
1543,226.4038449667066
1544,-4.003996120944078
1545,275.8860991243837
1546,262.91227736593805
1547,270.64913088692845
1548,-57.966000162144596
1549,248.54707223135478
1550,297.47031768662373
1551,214.5330479874049
1552,272.53332130467584
1553,174.16508483462286
1554,184.62378775020457
1555,212.30120674574442
1556,121.9459906236375
1557,-242.09117160277913
1558,278.2500710252218
1559,226.4941027230325
1560,253.31764842600285
1561,206.6630091294031
1562,18.474657011168404
1563,-34.00369455057803
1564,198.9233486291285
1565,238.05949955792613
1566,224.10981260307796
1567,143.9732401404336
1568,128.46631266452084
1569,290.62849848180105
1570,281.8160445648273
1571,252.9268921384489
1572,-9.942970255984775
1573,-17.82016019445713
1574,256.8876334030489
1575,247.97680279899544
1576,246.8933437403385
1577,216.59950195968946
1578,247.31597921595275
1579,205.41715062392228
1580,249.7930537201079
1581,266.07514197648254
1582,227.91644939643743
1583,226.28559585454087
1584,254.7656308438847
1585,263.23161167514377
1586,264.96780400247553
1587,214.328825625724
1588,264.6647157257212
1589,268.4781988243976
1590,269.44134334153694
1591,219.49701202249625
1592,237.89821330248753
1593,270.8519646849688
1594,240.57583701324438
1595,299.0358504251658
1596,268.6644879507187
1597,227.65947827144262
1598,264.9764367041355
1599,81.48589843665124
1600,205.73808171209592
1601,239.2116395132232
1602,253.53129444089302
1603,261.63217336217144
1604,213.26088892981932
1605,228.65536093930248
1606,259.33652090001897
1607,243.46960668529866
1608,241.05499287127003
1609,271.0653905029857
1610,238.39930127932152
1611,269.1550142262385
1612,258.79730328011755
1613,105.05730097429594
1614,222.25404460505058
1615,111.86265867447133
1616,242.65492059678647
1617,83.43675037710477
1618,236.18656726819424
1619,236.9063534855066
1620,249.55015454775574
1621,260.5778293520051
1622,248.65092170406552
1623,238.45098454915342
1624,154.31151460865462
1625,224.49992336343564
1626,-242.59972645545528
1627,229.91991145229733
1628,258.7435447993803
1629,294.3583199638731
1630,36.29498881521505
1631,250.62933074299144
1632,246.41333085923108
1633,283.47120175083455
1634,228.7262393686002
1635,298.92848703517416
1636,238.58097923689806
1637,212.38949396243407
1638,250.65287146584245
1639,268.369054073797
1640,253.26382080773746
1641,224.598130147137
1642,229.41555371508278
1643,272.0244333761683
1644,262.06475092664334
1645,91.57813712770083
1646,224.62051784875095
1647,124.09918613297654
1648,188.86081439048417
1649,219.1848110825884
1650,31.995923911740363
1651,249.71764291036794
1652,264.0787044609774
1653,219.8236432010553
1654,229.69361973011237
1655,219.72215500931122
1656,19.207036782053294
1657,266.09063887233845
1658,226.1051806178229
1659,241.9023203663877
1660,235.54165559034112
1661,251.22808780072307
1662,261.72294332473473
1663,269.12887719139394
1664,241.016080092447
1665,255.36095075256708
1666,254.87506153565025
1667,244.88247392583446
1668,265.0405163578858
