0,31.976573056621845
1,-98.51572720198743
2,-318.44386863908494
3,-93.1085207431421
4,-117.00791130328972
5,-142.67304513263053
6,-228.01001136027432
7,-138.63018346840548
8,-142.40240923965334
9,-496.7152648036775
10,-74.2001978413549
11,-94.77797986128888
12,-464.98960335089953
13,-62.55448956773457
14,-180.07480170111768
15,-125.3290714886839
16,-77.54770658012154
17,15.117527535774542
18,-87.70924705292171
19,-358.3074364784643
20,-0.15806749288826438
21,-102.55979525591447
22,-398.1469971213761
23,-167.97641204751443
24,-41.79706933600633
25,-88.20911442749856
26,-196.54291252461542
27,-183.36967613678107
28,-127.47867598814096
29,-305.6182030256665
30,-310.40225768631825
31,-87.68200672969164
32,-161.88836289464223
33,-217.56424302739316
34,-347.03250493483245
35,-15.964258407558432
36,-241.37651718792335
37,-274.95415278014286
38,-139.90989529972836
39,-97.08589524590634
40,-76.20077182146439
41,-108.63156872353338
42,-368.3051310613699
43,-186.79284482952332
44,-265.9961993458767
45,-351.61260369243666
46,-67.7862708635878
47,-58.54672944527161
48,-115.55537767443171
49,59.90273704528033
50,1.1229141663633726
51,-279.8736765348856
52,-250.9807207657256
53,-124.08458303288498
54,-151.12764732329128
55,-186.1874452818568
56,-101.74320065738702
57,-126.60217421082447
58,-62.07400174597212
59,-149.74736028362747
60,-48.12730853013571
61,7.0451762233177675
62,-128.21120775645215
63,-60.76826282781314
64,-226.74159864948487
65,-204.5861915599894
66,-178.36267676671253
67,-349.10210255421816
68,-244.72332970559643
69,13.718260042474185
70,-338.8610965315081
71,-69.40931061457789
72,-220.38708089606422
73,-231.76329300367996
74,-247.5460286973474
75,-59.50011169798637
76,-81.87314499590339
77,-106.58543665851933
78,-109.34502440202559
79,-215.61003030493464
80,-173.57819085142341
81,-180.41693683101437
82,-36.58398471834175
83,-263.27942410352716
84,154.3592833467411
85,-44.356951052167915
86,-263.1426705862965
87,-302.47674757545167
88,-199.30709059607705
89,-282.690785873775
90,62.684629106251634
91,-139.08870794713317
92,-68.19016317057465
93,-103.22149474573732
94,-37.33889998826095
95,193.83722049295096
96,-91.26313110473707
97,-88.05975957425679
98,62.3509402917091
99,-17.256133537787747
100,-99.92002573062445
101,-130.948673245496
102,-75.93037661456205
103,-260.90655281213185
104,-12.800768299237689
105,-189.7480437930012
106,-110.69121785440008
107,-244.91105951824568
108,107.11954126865537
109,-68.6552100824676
110,-657.8326299916057
111,-44.5116466807895
112,-245.91681367748572
113,-93.66678421898001
114,-187.25960007276882
115,43.16637017681339
116,-78.69413585010548
117,-427.8560041893325
118,-23.64174882854217
119,-46.36354663093002
120,-24.320777896629757
121,76.95842513088823
122,-2.0823511132804335
123,-52.191884013859635
124,-93.11262156722499
125,-66.83758428087903
126,-323.48455937723617
127,-186.25914938896193
128,-110.99374936667374
129,-52.621020337252446
130,-18.002831186992427
131,-86.71343867279595
132,-335.0755798608433
133,-29.64668994028399
134,-363.0508568944276
135,-15.397582218110575
136,-322.0664205361463
137,-46.02029420100487
138,12.795011268122273
139,-36.54769244740414
140,-102.40269634712485
141,11.17870986787204
142,0.8617136268938135
143,5.060313398663291
144,6.123039763638063
145,-29.684984233950722
146,-29.23384731939663
147,-237.3062656775359
148,-5.225408516053922
149,-29.542338198016555
150,-173.77795220133189
151,-6.965178557736572
152,-3.9092442643280982
153,-16.539768352894814
154,23.556783440240142
155,8.683053431325773
156,-8.303167824323815
157,-5.9660897281714576
158,-11.662060985781284
159,28.044642788762257
160,41.16666700965589
161,113.8392092557878
162,-7.304680238711559
163,133.52094720257065
164,23.612120163278547
165,-11.448077738819542
166,-19.673446511642044
167,239.9876684632607
168,192.09653648075147
169,53.67432287078251
170,29.130960067103103
171,-110.17664483060524
172,-46.314889926764224
173,6.6275745669657615
174,-18.419492577752028
175,150.19022406171734
176,-37.71223809538625
177,-15.882563189191774
178,3.272729857353526
179,-29.620583285476208
180,0.13726381060255238
181,147.26193390383355
182,64.8118325537986
183,14.30973579680981
184,174.29445463911287
185,120.80665178066243
186,153.92880637183058
187,9.10293614694083
188,25.54067067754662
189,0.7382162338890137
190,25.936932534513446
191,-23.712521933412845
192,-31.03119914573282
193,-20.023776100020577
194,-20.885894665706584
195,-11.122542237051974
196,-15.163889256377818
197,-35.47789152154529
198,-7.552997955986514
199,-24.655375630798204
200,28.452275701989546
201,-53.38998108434293
202,-10.480514931314762
203,-10.156363314945606
204,-13.464344755356802
205,-6.383538838704423
206,-7.670181746351811
207,-2.392125618563674
208,-46.74020445501694
209,-1.673874104884945
210,-46.12171348348657
211,2.8031273477523273
212,-13.141598386419748
213,-16.86955648057546
214,23.378172303716262
215,-32.56193933881376
216,-10.340618381462825
217,-15.135207685473212
218,-34.64676277026011
219,-1.2226516387932571
220,3.280634576454851
221,-14.295219374848891
222,-59.44235969029682
223,-86.24416957944253
224,-18.99498033973907
225,3.1268375071152548
226,-13.43704943932905
227,-42.41802320420419
228,-2.5149302118869423
229,-35.58112983437304
230,-38.924639967471656
231,10.129128039020173
232,-20.24673252506939
233,-48.209898064547275
234,-63.187385715041096
235,-82.02367592201244
236,3.233852980743656
237,-16.429788564199313
238,-48.1415765421437
239,-8.293228457666585
240,-51.446913670717855
241,7.58800788369165
242,-31.218062946910305
243,-30.960483836752935
244,-39.281138909070165
245,-65.59415380884536
246,-51.221290604916994
247,14.438705363304017
248,-16.253677058797937
249,-8.9329542882172
250,-64.05904693044836
251,-33.99861266676781
252,-3.341352191722007
253,26.26719224642626
254,11.973862199115533
255,18.96309803838942
256,-0.5874036836523207
257,155.2148548311505
258,-65.07958877893961
259,-51.38610309721065
260,2.18337095677459
261,-14.219758151497402
262,-26.428416849618724
263,-42.23988001262545
264,3.779182094540662
265,-47.1715268728595
266,19.25636285000814
267,31.95969524155118
268,-57.200528009741774
269,-57.60451451035153
270,12.783359045405149
271,-63.99504771615196
272,-65.29506602799904
273,-40.13329869154427
274,-6.447704685229327
275,-19.98818452518183
276,-42.16433932614613
277,148.3399881875112
278,-39.480257257824945
279,13.104832473699474
280,5.1970987561754
281,0.9704736103221452
282,-42.3786598790308
283,82.70439472132175
284,-35.10561802416127
285,-37.61647009664733
286,-6.973262139455604
287,124.65349214000082
288,-30.823068447689774
289,-72.91967639194087
290,0.0014835191375117684
291,-17.48583833200501
292,-101.5832247233152
293,-10.15010483539
294,34.23881995390339
295,-16.41685164160942
296,-70.34279615962413
297,-31.944366315343462
298,-15.468886268980615
299,-29.11723367162869
300,139.17911809540368
301,-35.720250298850026
302,-117.11286802098735
303,-17.00659156205785
304,-62.370873055174755
305,-94.49535232585745
306,14.150560196879255
307,-52.79905001662317
308,-59.859031384614184
309,-49.60225223012764
310,-81.87303813246135
311,-27.266914655627474
312,-66.13089197782251
313,-69.1290229422302
314,-63.031711362372235
315,13.769657010968944
316,-60.77825054818477
317,-93.58495952215989
318,-11.028747630072425
319,-18.277067699800288
320,56.10711923510103
321,-24.233102584850894
322,-41.10275164630794
323,202.8720966024202
324,-58.47184504894611
325,-50.45037596176987
326,-16.67784667400015
327,-27.25859183682698
328,-85.00139597294242
329,-34.39496175527846
330,225.49786402555355
331,35.01060299812936
332,22.078339295379457
333,-65.98823898943674
334,229.08263926303337
335,-36.74395916373145
336,0.9943431329274972
337,-33.69728022556453
338,-117.35858418297633
339,-5.559917432014771
340,210.81022463254777
341,-21.103226078142388
342,7.770675297087327
343,-49.073698285814
344,-125.50820831777376
345,19.73650709851541
346,-96.52752190821774
347,213.86556488624854
348,-56.81196737785905
349,-11.189955692062233
350,208.0721835870113
351,-5.618205710769107
352,-40.16872493545444
353,-31.416525088055703
354,-78.56718875317807
355,-90.92366116306164
356,-19.344360802746785
357,31.286926000698145
358,-23.822014546992545
359,-67.76838337962045
360,-65.90805326444996
361,-42.7052867348519
362,-38.13232674036547
363,239.40540453574724
364,168.52378366746404
365,-27.9313954461692
366,-38.8065629827937
367,-15.25304452209189
368,247.10442868774516
369,-24.371357177278234
370,-27.702344253558913
371,-43.28515031988124
372,277.5580091149732
373,-73.93177181938516
374,168.62550694760768
375,-29.66663180278651
376,198.44164372805642
377,-83.56930802742659
378,-99.24984860959651
379,-74.60032404105809
380,178.86036871716317
381,-48.5712925161672
382,-94.30050925930153
383,3.7549832934841163
384,-29.665473885430927
385,9.630233639293579
386,302.61808054696235
387,225.35766371200464
388,209.81996755845375
389,159.52230717885885
390,-3.8497160850611323
391,-118.0817062033381
392,-165.93476009535897
393,180.9093673099625
394,243.60865609339143
395,-16.893219405845873
396,264.93739756598177
397,-127.89504003700645
398,117.69401124144255
399,22.10227095397495
400,-46.12463424428298
401,-68.42303435405424
402,-30.2770400465825
403,253.29336682747785
404,-20.30721730454178
405,-187.15725997208284
406,270.6216215468727
407,-87.89855782179065
408,254.2437716865118
409,-61.88468442605023
410,-17.722314565910224
411,-82.11107561320736
412,176.46388730402734
413,-110.84903540651472
414,-55.70540179346589
415,-72.040269075658
416,-29.830031725762176
417,-54.38953024465421
418,108.95138942592558
419,-94.78474936835387
420,-90.51077863265355
421,-50.69035513723833
422,-40.20975567638434
423,-48.07151047032232
424,186.98008143597565
425,-35.19426619175061
426,-21.807534074285684
427,-89.0145764463048
428,-81.96713715307854
429,-16.140254821553874
430,-28.922570550588382
431,-13.30769209001917
432,182.87106584173796
433,-52.21384545449168
434,-28.396606266796592
435,201.20506149025067
436,160.88016786544173
437,-24.45684334923514
438,260.4984163573432
439,136.30108116921753
440,-54.89187507805645
441,-3.9855543857976548
442,-59.19415572362012
443,250.3255317817661
444,-50.50240899285937
445,165.5231463194666
446,189.58230332458746
447,-14.032038721086366
448,-28.211755607709467
449,159.8250787131975
450,155.32973894126718
451,-92.85524883415785
452,192.10315345442785
453,182.7409559359973
454,-61.984776300194106
455,135.4369522352953
456,147.85619246594226
457,199.10162129150206
458,173.08846315302324
459,129.71805663605326
460,150.07600301140508
461,-49.18085709204655
462,-48.583424065035366
463,181.75984857965796
464,-112.51964372282168
465,225.87843497201243
466,233.79936735337182
467,-12.858165025006677
468,-50.25238234007212
469,10.418788894206102
470,188.57909977746144
471,229.61678533658608
472,145.8147571716617
473,154.61823521449134
474,208.75117318052415
475,215.94263822604475
476,-2.205631998801266
477,167.27543759288335
478,206.54536522398593
479,-45.06655630655993
480,222.9225219517242
481,155.99755237524198
482,-49.35536560791502
483,219.10754932075952
484,-24.95568322632866
485,188.96243691510693
486,197.5825027623551
487,-104.72511127856632
488,-29.89712604611735
489,266.2621752807547
490,177.7227522002945
491,206.98083395419894
492,53.29057572048629
493,161.1637573810981
494,-61.075549663777196
495,217.42866546554444
496,262.0605673550549
497,14.493289097415854
498,206.94349613539066
499,149.31668725640455
500,230.22847324206467
501,264.0115401912745
502,-5.677954012938173
503,-31.662172545853494
504,-14.621935655491143
505,159.00847374150266
506,148.10674927642825
507,145.73319575115457
508,-39.515077273975024
509,278.040772348034
510,-190.41801278542584
511,281.326304283132
512,168.47886827137302
513,254.85572770315957
514,7.142709752880151
515,239.5561445373279
516,135.75071186079018
517,297.495456414895
518,25.632868204941573
519,27.215893529628033
520,-356.15009181158985
521,224.41667690442807
522,176.04865655607824
523,7.629410536434932
524,276.2585319783083
525,221.32901766366456
526,110.8134795573792
527,-53.451786977543364
528,-70.02194879311972
529,35.64766340913917
530,46.322800929220875
531,177.2685754323353
532,270.30452683380275
533,284.5052978341471
534,192.26443901194534
535,108.53461075325356
536,270.24114748093245
537,-111.8914334873423
538,144.09787729412002
539,-80.6337106460151
540,74.83380631327162
541,257.9912959934776
542,161.41775517212807
543,290.35024386446923
544,112.2106000777294
545,106.64806120399788
546,46.47337407722307
547,250.9664682509818
548,188.4687674854339
549,184.11807193343682
550,135.83552120646314
551,284.60894468570905
552,1.1609882467762986
553,13.078669832131666
554,160.79905090421383
555,137.81734515915514
556,-16.16353308561044
557,35.62186129835271
558,225.75488110733892
559,174.21813689577056
560,-15.516612782439225
561,223.33840020476183
562,235.27556626079263
563,258.26406684598356
564,177.91606578208092
565,-53.74386098997097
566,2.7790199422129973
567,125.72489072500261
568,194.55697445773453
569,244.1024047263576
570,175.52066858514604
571,191.7854425700727
572,282.0796258697775
573,32.982049613061974
574,294.62086216766477
575,152.12826712429296
576,-76.59661608225032
577,26.159277936977517
578,161.10443582388203
579,168.72958631720604
580,273.84127133410266
581,183.28036399583334
582,169.67145861202445
583,141.35452676661816
584,230.85206179685025
585,153.12480124453546
586,161.16966183635037
587,191.67178023359315
588,141.4735225377047
589,125.74969487815684
590,108.85174825052728
591,246.8549259775233
592,154.91339319590563
593,190.89180502119493
594,264.03351220124927
595,-56.08383761701834
596,170.03232960455824
597,170.78760831196303
598,28.727911484471477
599,186.98242963759208
600,59.59478084423007
601,180.5110619054712
602,127.15523787415444
603,241.11302931264888
604,178.01334508278325
605,41.56239227167919
606,82.72504215035615
607,240.2933701197675
608,164.6318856991301
609,137.86393877517003
610,241.66746909156512
611,16.409736857200855
612,165.71387671531826
613,224.958990936999
614,214.58399298476078
615,165.47830232291116
616,135.04765613628268
617,190.96400272235465
618,169.53789397665878
619,250.57655569456432
620,211.11807708569182
621,131.36250678130904
622,195.22673222816363
623,92.03161888415066
624,151.49234930252524
625,30.724952706202814
626,231.3376307413309
627,117.7513176363417
628,92.69619471208038
629,133.4316376057104
630,179.84401520307932
631,219.6835984036279
632,196.02453676599293
633,200.09414398071166
634,243.93433414581364
635,191.03263279775413
636,148.58812892749907
637,182.05053332373149
638,160.54169743675408
639,230.78781704494207
640,177.02945493503978
641,168.90283109155195
642,257.6726288799646
643,76.39946078590302
644,117.54069783045938
645,133.203559792291
646,202.34476169757247
647,163.56533487110696
648,141.48115770987303
649,256.3947901142144
650,205.2605784750818
651,231.2390211895437
652,127.23762942260277
653,198.73836432796614
654,160.03523001955134
655,250.32761563545535
656,195.73208571195693
657,197.7310522541344
658,225.35861509382124
659,183.5501197966163
660,156.54880363254404
661,127.35870416308404
662,91.77625312566327
663,141.54691989573985
664,232.04800782673124
665,263.85370770261295
666,-49.8097721410986
667,161.19624735988037
668,165.4523209337942
669,198.39690179092156
670,162.1659689549547
671,180.34040596638346
672,225.0580155690311
673,171.47053673763128
674,118.2557064800467
675,164.9969956012241
676,139.0631712447921
677,193.89131652638687
678,148.17505025132408
679,108.52981860193238
680,200.37726150653876
681,115.63350329457393
682,178.99356618145407
683,143.724416486742
684,202.9367304009032
685,56.752720733428944
686,148.3436747697007
687,84.8396728179368
688,160.38672035494844
689,222.4293877382774
690,180.72229629146642
691,197.21606281905179
692,138.74411143747443
693,256.42543596403056
694,193.66077200691308
695,252.062538906232
696,124.62072703074145
697,184.40476504829246
698,209.75030571397087
699,280.5228518510418
700,168.906021515036
701,230.1996611629204
702,252.41033350789908
703,172.67798076104805
704,159.98766142291123
705,247.29987044410225
706,202.70206666751133
707,187.44224709595747
708,191.75112257409614
709,230.0736125990973
710,230.09691527594478
711,219.82688963515662
712,182.77178633312604
713,183.7673165450066
714,143.06762353296637
715,248.87596615362514
716,246.75126799582486
717,179.77999569033994
718,229.0710373841012
719,-11.101221114799344
720,215.54436663949372
721,225.45421035796207
722,164.8335788324208
723,155.66115159250592
724,152.08634350841777
725,207.47551180518707
726,130.01780058022507
727,210.26217411179965
728,90.25547456033061
729,217.995223246459
730,125.47500972193325
731,157.92160903742484
732,221.2998974898474
733,245.78611092485036
734,164.64725892293845
735,203.18638015899836
736,183.03624370808996
737,151.2078739574714
738,255.30179335080368
739,163.7799347689544
740,209.69048418289714
741,178.11952408453294
742,199.73112706625838
743,154.34768287072575
744,229.7524827964975
745,125.26365044775291
746,200.72428904330872
747,217.56972722226092
748,203.99412896268626
749,167.9802822772982
750,162.48211070684596
751,162.40842005759512
752,169.5231985151163
753,229.23298370261043
754,142.2940957853852
755,-62.47722812866602
756,167.3851075207337
757,248.30218784047327
758,191.37370416482645
759,105.66768498300232
760,181.15995521052025
761,231.5707850848502
762,175.02359357117598
763,210.52279224355055
764,252.3159813950714
765,173.92545847641503
766,137.26492823830017
767,160.55825156667615
768,269.2815474016603
769,210.63663885107036
770,153.1256522317497
771,192.68752472494884
772,190.9204056018612
773,145.86106309350868
774,264.59246556336404
775,115.61401526464998
776,178.9651643040599
777,206.74668521592352
778,206.02646064758204
779,142.7658101388653
780,132.60134894242628
781,229.34358151336562
782,195.54639959672193
783,205.68052302028684
784,241.20517769968947
785,236.60346420269946
786,154.93699713750692
787,146.73489761902547
788,298.97044668338924
789,269.59501231312277
790,134.06899536491244
791,226.03787145575535
792,121.82329769337338
793,141.1853570996798
794,129.6257369694038
795,209.84883190915704
796,252.25772515056633
797,265.0978755448538
798,228.13019568915112
799,126.72649503906575
800,231.2199057018576
801,192.230875518284
802,227.4486493592155
803,144.53770597154872
804,260.09053035212906
805,276.39421665676036
806,187.82391110553522
807,192.04823954821558
808,138.66849997042004
809,241.6168849833856
810,220.59775645396525
811,272.5904265393691
812,170.11708488603102
813,282.96699072122317
814,187.92631570807896
815,203.3673504734985
816,258.97255291839815
817,226.50346599370087
818,209.1893216204577
819,140.23842312183012
820,226.05725997882547
821,167.47563251385805
822,183.4077694472409
823,267.6249607745185
824,178.43954971177504
825,227.37204322193844
826,262.4297863307531
827,32.35105933206225
828,137.02561660229063
829,262.38919805551916
830,128.99161214350818
831,279.33975885232235
832,230.20909515441403
833,281.91550670180516
834,168.445777518436
835,229.01193687507765
836,161.0944138210403
837,164.6708908638755
838,190.33874010586922
839,179.59934077601577
840,224.8463701591451
841,297.92980714003033
842,219.45557222826073
843,172.42820347442066
844,195.82604506579207
845,165.7902606447953
846,208.26553510359008
847,204.91425489732305
848,-193.1143771971918
849,150.56706328538255
850,260.2780381284075
851,283.38605123245077
852,252.31179905447894
853,3.8589203939042136
854,219.00486097511413
855,243.83384381195262
856,231.58967348153735
857,208.10352004078885
858,217.8258750559578
859,187.02437545682525
860,149.65121445724807
861,253.55346094034596
862,187.5139433837153
863,191.00102070717526
864,195.58792981709772
865,192.82506450189214
866,292.53893941870547
867,232.10228802922163
868,240.5471941537166
869,165.34567813959518
870,135.87815497471837
871,237.23547240651433
872,225.96720965190207
873,295.4348702909398
874,-22.060546914735085
875,41.81257974740225
876,215.2478481076373
877,221.21582064726272
878,292.77494355298427
879,236.94645707345597
880,304.1677508638809
881,281.61674027137906
882,183.98473900820937
883,215.0307636506983
884,211.0460652754373
885,246.32885390466345
886,-243.1435812827738
887,261.08006474022665
888,-292.0974402774265
889,258.41841872275074
890,247.76914703046728
891,297.9152875776195
892,225.47370083679192
893,262.5125612192441
894,-11.105274994165157
895,-15.70428523660587
896,273.5551913075682
897,190.9614401620945
898,277.07868901922274
899,259.5797747598929
900,208.98002664807456
901,278.5882778802163
902,278.09462725923186
903,169.448419340859
904,200.02678112348596
905,225.59068236843055
906,276.0696632106974
907,241.0447777585057
908,282.578843740596
909,247.51642811834287
910,282.90029723894816
911,283.014746127737
912,215.69679298156728
913,7.047018146450682
914,242.32480829006585
915,290.7391313244922
916,204.1945697265895
917,233.70738864377196
918,281.3232835634915
919,273.8656823480479
920,-199.92081656478925
921,249.9116187326087
922,268.6910042530707
923,282.2980661855519
924,255.04852714986933
925,276.475738642929
926,259.369560927405
927,212.68811556483212
928,255.05625486479707
929,252.58220149287456
930,302.1664058715771
931,241.86237359300185
932,280.7701938403832
933,219.13594201964958
934,272.34018641317095
935,289.4150634748213
936,245.18621284736977
937,271.3337055675013
938,274.184193188425
939,214.8646560744917
940,258.9551920745845
941,179.8258163573302
942,286.2152590368495
943,303.355640143354
944,216.79611111802046
945,222.15261702144136
946,280.4761963746748
947,-217.62022687903266
948,271.20416987726804
949,286.2182631573552
950,285.21713588469856
951,-164.98042924350779
952,208.07113826529445
953,206.16563697032575
954,274.2053974163979
955,35.80014337815802
956,237.5805407915916
957,237.79991536109637
958,263.73240661390133
959,244.37777649702005
960,212.10089071883775
961,298.49618791852083
962,288.38713048945976
963,202.2061814955958
964,224.7128330491396
965,292.6891516237663
966,238.31942422964278
967,208.4138661797175
968,230.45094768817253
969,282.585149765411
970,257.86541792651167
971,279.420408521355
972,289.02114208581554
973,244.56363133989444
974,-21.98341195123723
975,223.6150387795038
976,241.73417852145718
977,172.6181307945821
978,-49.29523369157192
979,232.76029223641234
980,237.8635285953677
981,53.46850490965274
982,294.2469907866419
983,267.92948073369735
984,250.3291318160405
985,274.8760170638606
986,167.0854110110405
987,253.65274716844553
988,237.65520336209957
