,0
0,-91.1476736471091
1,-126.3097124311699
2,-122.90382354371795
3,-98.6734617694164
4,-438.9542548727081
5,-155.5855118663718
6,-52.716414477031265
7,-263.07660471094334
8,-94.8192635951765
9,-318.1110863531803
10,-157.1977083828922
11,-273.1433678431681
12,-156.64771696154912
13,-266.0856295334586
14,-83.79774319411014
15,-70.68348907442709
16,-133.76337194578025
17,-385.81097556432763
18,-491.5193491913976
19,-134.66165016635358
20,-163.20787032175284
21,-45.916101861877394
22,-32.47021440599329
23,-163.00462548648443
24,-88.22240748467148
25,-218.17914904990184
26,-247.76230088913152
27,-231.33406188211174
28,-192.61107773011497
29,-52.734423429279715
30,-237.84546391976778
31,-204.83425848048887
32,-119.30185073273032
33,-68.40612500790081
34,-197.68082407898174
35,-203.85953368992557
36,-248.20625468771127
37,-173.78827369098178
38,-123.1404898090464
39,-82.22329033501919
40,-174.19571001981805
41,-135.3209565161128
42,-451.8157618100933
43,-160.21580483669067
44,-129.67484732834666
45,-36.84386671116261
46,-201.45347142552404
47,-89.25255567037263
48,-182.7507975161913
49,-60.64963013833379
50,-15.077657023560477
51,-231.56812628906542
52,-193.52253575179776
53,-226.36973920232543
54,-43.86605017556897
55,-270.10684086120307
56,-51.51048685012189
57,-82.66496233682
58,-332.74492559025236
59,-43.37877601348241
60,-247.11240171203724
61,-11.088609265978278
62,-251.05132405929743
63,-100.99330354577756
64,-309.4371708257755
65,-182.9247845027511
66,-134.2128395314121
67,-145.0448003194798
68,-90.56739979733783
69,-113.58760506259718
70,-195.8290385362901
71,-252.83722513385663
72,-125.17228745507761
73,-71.18153279990695
74,-32.26492954206561
75,-115.63133690369266
76,-33.0651827298407
77,-59.84855294251863
78,-54.43107865926162
79,-215.50177775222744
80,-145.34155569242284
81,-151.62004029952635
82,-262.00345197504555
83,-131.19286290510772
84,-109.7714934232997
85,-182.01143675740204
86,-38.962560113028445
87,-71.2010477856956
88,-53.42772516899764
89,-88.95152030425658
90,-106.22466905039066
91,-107.08390846041402
92,-103.35057171655916
93,-175.89630661754924
94,-76.01418243683966
95,-127.80863483199255
96,-99.37038876560034
97,-81.66164470189672
98,-98.85480067464101
99,-75.69146176895863
100,-94.44887778393083
101,-78.74997493478251
102,-63.7381896246457
103,-77.52007240998351
104,-124.88102517524503
105,-108.03435940328123
106,-59.45277124325393
107,-118.03099619646821
108,-92.78024714902446
109,-91.08869022537786
110,-40.0299824305295
111,-82.09390397942322
112,-24.343814785879268
113,-65.40895941144441
114,-74.14955245886168
115,-71.75569479367326
116,-69.02699441415307
117,-99.6987072508291
118,-43.53266874945682
119,-21.094206731784972
120,-66.68817386692544
121,7.662098842745878
122,-61.645440822665215
123,-28.79958020067865
124,-105.58670677105178
125,175.71863560236832
126,-85.89888480331074
127,-51.90370154125921
128,-182.5815333364706
129,-23.665990658347766
130,-63.59404857334116
131,-82.88880733459749
132,-70.30320808671256
133,-14.300196122753515
134,-46.72839329417498
135,-55.42026689573856
136,-25.942230597312612
137,9.918501459184915
138,-74.56766738556566
139,-60.295529796477965
140,-29.671827082761233
141,-7.178184228493625
142,142.5015178618993
143,-52.85730464484117
144,-48.45860491199352
145,14.079189326502503
146,-53.54454272511658
147,-51.71070170058501
148,-1.5373817571021213
149,16.34860062161799
150,-84.78859772866429
151,-86.70537825402303
152,-26.071042233890086
153,-138.86247116156702
154,-39.54716943300638
155,-50.15834265698741
156,-53.21120873721306
157,-29.12282779124254
158,-71.10820169404637
159,-80.25832827193861
160,-19.66408591584831
161,5.271637019411562
162,-23.95251037458952
163,-39.29733714403393
164,-59.642568961391135
165,-111.13341067848503
166,-54.610424814457474
167,-11.904945967167254
168,-51.90245004328301
169,-36.8865283248003
170,-42.07562587005527
171,-97.33530503806475
172,-34.74530008658004
173,-45.99860929002018
174,0.5837695433312091
175,-64.74532187497297
176,-62.03973301880924
177,-60.61842286924838
178,-27.160522993368495
179,-45.438938714045825
180,-18.562674857896745
181,-24.028486200855394
182,-101.3414595342911
183,-68.1474762024994
184,-46.884347873222
185,-67.44069458496486
186,-22.490746699112467
187,-68.34692546779495
188,-65.00811895436922
189,-48.16011409520771
190,-38.12083924744893
191,-92.82020858920419
192,-10.349920002525785
193,-63.01436875488882
194,-16.256299268013667
195,-112.39102982342204
196,-108.21963650429653
197,-30.57064776321186
198,-93.05084846781091
199,-54.378206520455656
200,-5.53232006995654
201,-45.479233141077955
202,-49.841522733807096
203,-67.16612003052526
204,-29.37243227481879
205,-52.640876228204625
206,-61.561798228415256
207,-28.393154216474613
208,-46.007133049291305
209,-64.78682305771328
210,-21.79885415534015
211,6.961643940770626
212,-2.569289349560721
213,-66.26292733023921
214,-201.8837240327512
215,-53.43706636081663
216,0.836319084730851
217,-9.860028215867258
218,-34.6169250413166
219,-380.6330379579455
220,-12.853477994277164
221,-7.369146514372777
222,-22.33927714676917
223,-9.84478305559053
224,-71.31223158190133
225,-50.806977456548495
226,-12.508541409886783
227,-29.913067265853336
228,-47.32929583667139
229,-9.933943364624703
230,-56.08436043756745
231,15.145311671444503
232,-43.37979955178511
233,-56.87734314821422
234,-44.86517252540051
235,154.6854676875941
236,-36.20997298676536
237,-13.097955247683757
238,130.8171768697464
239,-20.263918721273225
240,-287.97221624578117
241,-67.20818852934106
242,-19.00828319585373
243,-55.364689664891536
244,212.3980581881582
245,-37.98073133776047
246,-59.05656814990473
247,-45.32869223935195
248,-2.8504486136293847
249,-37.89067489057704
250,-40.825273506314666
251,-46.35686588913785
252,-293.47244627517557
253,-29.50665507507342
254,-48.07043818950175
255,-27.866130536447887
256,-71.55268168387056
257,-34.28531660351757
258,-16.867303091534826
259,-46.30083589538732
260,-60.179902165473074
261,-74.51881364708
262,-42.15760167391771
263,-63.510522861869376
264,-40.732400507659435
265,-24.08605260169237
266,-316.95217981440817
267,-47.29808742608649
268,-84.33689021455717
269,-25.82923150641945
270,-26.374059915741128
271,35.609089750714226
272,14.484523346957284
273,-25.25627360511993
274,-391.8191668578745
275,-62.6296382811371
276,182.5514361036257
277,80.66452314307452
278,98.53776778544966
279,187.34623425775482
280,191.5214861616542
281,62.271640745952425
282,53.91350501958779
283,-34.48224638658462
284,-47.95132103004796
285,-29.245186853694122
286,164.8238893177029
287,-80.01099245067059
288,-75.78903615260616
289,0.8632708838588401
290,160.3411476794589
291,-28.514361485636737
292,46.66480245944273
293,-48.63651516018432
294,-50.78509451933901
295,101.33439669702616
296,151.22858714233467
297,5.170019696723892
298,-32.756774684605446
299,-43.40063717471047
300,-50.40779570696179
301,-26.425913495727865
302,-95.52357133325022
303,73.1839431386425
304,-35.79644240383749
305,145.0967156180875
306,64.88193247293492
307,-5.641931013865059
308,41.24771538354665
309,199.3318025828614
310,-48.23129661536177
311,14.219789311147196
312,-136.06323248759992
313,-28.211465673430766
314,-110.5899324313901
315,-36.12334070659521
316,-16.792976880512274
317,-67.77257021118533
318,234.39977544283116
319,206.52442396846925
320,19.673087649183877
321,171.30634854191283
322,19.852286721784168
323,-43.71280480858037
324,118.72975290312269
325,170.63909853043373
326,-89.16755963700837
327,135.20359579792563
328,-32.95579466843604
329,88.80840779995266
330,227.65599812570238
331,147.65073410908167
332,-36.62378155300294
333,-19.01147491414652
334,15.909245460365227
335,-8.592851713366258
336,175.0733111338855
337,14.054705437756141
338,106.13343880842685
339,-10.660360325333809
340,43.420862597065764
341,-44.91820797555008
342,198.89763341203638
343,165.36046194772103
344,-27.14064146894206
345,-107.23381737381597
346,0.9237836177168719
347,27.864641506379918
348,172.22015109563438
349,156.8107620313
350,101.11724314219298
351,134.8533212138513
352,147.22813279929468
353,38.73305152694618
354,-71.96518917979655
355,77.03516609318122
356,40.86424025718287
357,202.2736530489517
358,-56.3329181980842
359,156.6897028665665
360,163.1312282204644
361,57.17586124245908
362,-39.81982687142137
363,-15.851120360928123
364,-5.74411144147124
365,150.50759941704038
366,-15.033304048985721
367,194.35943870920693
368,-3.6862350248788767
369,-28.743353817804472
370,-20.844860355550715
371,174.54810927219356
372,-54.62874115343918
373,-13.93240851361478
374,-13.398955299828412
375,12.209625668683646
376,180.4551789685396
377,-0.4690481533813122
378,-21.449656070753083
379,-10.399670760541666
380,-11.855561160094789
381,-164.69763639496813
382,197.72466985528
383,-8.454624726157064
384,7.970621315434455
385,170.20601240647954
386,-42.46906205320103
387,-18.20278824524379
388,-43.75642136362022
389,145.02382802334864
390,-106.04621007285562
391,152.2207019256477
392,-1.5418903276398939
393,-51.63428175932787
394,223.44056101705002
395,-25.530996642560023
396,-27.04651031359864
397,-37.92803491488682
398,-25.761669304328485
399,167.09126057014413
400,-34.89971262197353
401,144.71633665328125
402,11.137853543848792
403,-5.005507124079439
404,-24.590769373092275
405,-9.691215425383215
406,-39.49455214121745
407,28.223884702905103
408,42.00869147255332
409,-9.625105775519357
410,-1.9406750049840662
411,141.39857329974558
412,-18.736447938852926
413,-33.83716507309709
414,-25.17316363206966
415,-47.82701354112555
416,-39.04174825161558
417,-6.850925105737121
418,-30.073569486278792
419,-51.174134038209736
420,53.17507654886544
421,-53.77418226834249
422,-27.378250872822964
423,-274.69992752159897
424,-14.320960313221237
425,-46.03762045927993
426,20.025094057616666
427,-318.2857031178336
428,142.44758871784197
429,157.0483414528701
430,4.9993588634181165
431,57.027292306515854
432,-5.226392467895401
433,8.594513071904142
434,221.6075789046576
435,180.03834868881773
436,-39.803218317171996
437,-58.69303287524551
438,41.90500023286019
439,29.915821831710375
440,153.1254446893073
441,190.8773560833541
442,-249.4585234875964
443,162.15202602222752
444,137.35992053650716
445,83.84959476771637
446,50.679946128596015
447,-49.788777785233464
448,121.03854231145382
449,-46.07506095973013
450,121.63197451594682
451,204.9321920417657
452,233.4565442701046
453,71.52471212676224
454,216.41913007443017
455,47.93180780460353
456,206.47124335610062
457,234.76815323763748
458,163.944478614377
459,229.23981395031151
460,92.78242808734915
461,167.3028266928249
462,215.86115944858253
463,212.58007552680868
464,123.37300363444116
465,153.40715817485358
466,152.8505811663785
467,206.53696480445646
468,216.83681656203584
469,59.030251784888016
470,143.74010107517128
471,252.61429293355587
472,123.302224850789
473,159.555039381323
474,-187.3031068037472
475,169.89852488847663
476,165.1682374462603
477,147.19591689745113
478,186.14097533992472
479,69.65743549028818
480,196.24858433431694
481,104.58505390293953
482,98.01811689423712
483,84.68049143698323
484,182.79680390712238
485,90.01874629625738
486,141.16591674139266
487,156.66111854609585
488,140.00618072869653
489,191.37281858770473
490,175.03590928839395
491,77.3452415790929
492,207.5410005504978
493,108.24491757767248
494,209.9466264647371
495,-7.42420857251095
496,176.86565827084922
497,175.37503049174364
498,26.059034795299972
499,184.58019001643657
500,138.11808455750895
501,223.63785564720249
502,233.74399179505943
503,137.0015858771814
504,200.0524496413538
505,-29.356644560802472
506,159.6698722771427
507,231.8106213293616
508,202.04088802760145
509,-7.413569455745389
510,157.3382571768794
511,19.39629062028945
512,210.002536240742
513,198.00799020039122
514,135.05212544663044
515,232.92179659517433
516,161.0607424991178
517,41.140266831293175
518,233.6284343181763
519,-58.34750003521483
520,0.8725677769583051
521,-19.98784781925399
522,137.65899362134348
523,-11.731546455726647
524,160.2854937793706
525,-21.64475753151037
526,-44.65710641568567
527,-23.066773316013276
528,155.80494309746553
529,-15.384528453002783
530,-39.366528943554286
531,-29.080332334542373
532,171.37287101587157
533,-37.47888953123721
534,-18.017326965675643
535,21.639146229726066
536,13.037373072846602
537,-19.35230751590109
538,185.40568803613604
539,-27.749972323119426
540,-1.806160887030691
541,-7.9910468714700045
542,219.28764198066338
543,19.01384361199829
544,190.03302143595045
545,125.0108752592084
546,-32.189159695246445
547,-3.3919769531677635
548,-15.870707181904633
549,7.7150281997782795
550,-15.609472889360248
551,-26.21245791279769
552,-20.00516032073277
553,24.89116605217545
554,-11.668592599085054
555,-38.65808208778312
556,-38.03769319255695
557,-23.32922244516121
558,210.7887541584448
559,-0.13605328806279626
560,96.05443730915965
561,-15.758601822853384
562,-70.3478368614521
563,0.30671224232414934
564,-22.887752918063676
565,-59.939397565822766
566,-5.508701223451911
567,-30.105010032455606
568,131.4488102993953
569,133.14175536040878
570,-23.65991851977848
571,35.57964571243711
572,-40.72494732927773
573,233.80330401633987
574,-48.53176380210285
575,156.101860505061
576,201.68123824418893
577,116.50454710567487
578,186.97754199278353
579,-3.257268817266743
580,115.34467113828666
581,-33.120857162967454
582,-0.6279434645909516
583,127.88619030527038
584,132.6915398961417
585,161.57431706306713
586,212.6257261086347
587,155.69728559430018
588,163.9364899428455
589,112.80447431091105
590,230.37450374908116
591,218.1548829344381
592,227.91084409532812
593,21.765709117626045
594,190.9810652366562
595,257.67861594390735
596,183.41163237733028
597,96.22971922277632
598,202.81778449039996
599,244.00613289527132
600,202.49703440669293
601,166.032664673018
602,202.07485155725044
603,189.39366196201433
604,213.2092229831361
605,176.27179181406046
606,144.2165959994771
607,258.26294857097855
608,271.37739148774233
609,199.7594789581014
610,206.66830886898043
611,85.47960539721788
612,265.33508916519474
613,282.9061865754586
614,158.82942750534636
615,175.50454723958003
616,238.12860669299147
617,38.16665737513046
618,195.3851131940308
619,219.19620519965508
620,209.12739155171408
621,257.91322547987704
622,213.37720038342385
623,219.68438781743185
624,287.9914570834421
625,192.73211456671427
626,288.45555962013225
627,291.6278991771675
628,267.8093064392135
629,216.4475007257154
630,180.3978775524608
631,214.38286390840653
632,266.1590883831514
633,237.58407088564
634,232.1732818437721
635,274.3459896777671
636,169.60764056802822
637,241.17726869096538
638,2.0375631520991675
639,250.2327145347242
640,173.43971028199417
641,276.0432738091089
642,171.9849934671679
643,207.80055428459798
644,153.86095621496327
645,208.54533910485014
646,202.83445067305405
647,196.09252068045538
648,189.28256750382053
649,289.05355062447455
650,268.1824902057159
651,247.6947785594938
652,226.64411386786148
653,148.20540381691606
654,180.65743287241335
655,185.86856534566618
656,272.57653538110617
657,171.44940679322707
658,190.5991623352984
659,235.51434257863303
660,209.5083296645913
661,184.41219178075124
662,181.86851792021886
663,229.4715879572314
664,-30.238228463163466
665,194.03021065539036
666,-58.25157822029439
667,168.79894920835807
668,257.4573982547831
669,202.32318427192928
670,205.37102322533474
671,230.22727915489259
672,197.90472798620428
673,207.28791605844327
674,183.06257345522224
675,256.3129436192095
676,182.85976192738377
677,266.94716852592074
678,261.36963437326165
679,167.60640689158907
680,218.5108917287788
681,162.69962493642814
682,240.68357411755883
683,36.61234518897399
684,192.02741069654866
685,-67.39067662686148
686,179.33954254476902
687,299.8848418828575
688,218.52336747131469
689,224.9591499097658
690,-39.227960838530294
691,232.28107049349182
692,198.26241756817376
693,195.6115192276172
694,219.2238227205628
695,279.0715206827215
696,-37.09246732558756
697,274.93495698445463
698,281.7213927124934
699,227.04602458142637
700,-65.76397346996755
701,190.74892903553118
702,207.39929451975803
703,233.93720763738514
704,216.35197067893688
705,222.60809431455417
706,200.7468750237334
707,282.83294096613366
708,186.62103580251173
709,9.934012750123188
710,250.20996899809592
711,-15.523364285368018
712,-19.015981678113164
713,-15.148505973065255
714,-36.30334809808385
715,192.97519030037012
716,239.5742190827004
717,-41.83461240746972
718,246.63295059156215
719,169.89124784655326
720,170.66592896729134
721,269.00289059807733
722,200.03977573240348
723,293.90664518741903
724,272.4122900536828
725,305.64686459487626
726,240.52840059359573
727,51.06345164791668
728,188.79163968897956
729,193.3264826765219
730,204.53558691652256
731,235.9737448738539
732,308.06148148898205
733,283.0380564206283
734,-22.347200574292224
735,228.37146805362673
736,198.43218889093157
737,242.817648084974
738,219.19693566986825
739,27.88765508686339
740,210.053359264841
741,283.0235131721688
742,8.292452260445259
743,204.4202646268154
744,80.94022912695749
745,-1.308804425474733
746,227.35642007883627
747,245.26700397807613
748,6.789894180265705
749,24.630682647313776
750,76.3389389234936
751,206.14939635073165
752,248.67548853010356
753,-73.48541699884258
754,30.163077434874538
755,242.1875710867085
756,8.582233844419122
757,-3.463566257890207
758,280.6846972065055
759,40.81118876700114
760,257.71837324169894
761,204.94538907021877
762,38.201269903649546
763,252.47538316026237
764,278.13191384463096
765,239.75404829989156
766,261.8029144180663
767,46.55975204287435
768,8.667371297719143
769,240.16035468101168
770,236.08180793107215
771,263.98652606812425
772,264.6861296571403
773,250.93664426956602
774,267.1564435429991
775,249.6804517587712
776,53.83791702328725
777,-22.62973207971632
778,270.010123168306
779,243.1599211820656
780,-16.284656941518875
781,-9.523131325323689
782,202.45812956689636
783,39.42518892934086
784,-31.488607271228304
785,211.24261373735033
786,-84.62673786111131
787,206.74619272257524
788,267.7533489897213
789,42.838996945905706
790,-148.74174267758335
791,269.859084213502
792,-64.43804156585762
793,288.78670413900454
794,283.4442990245676
795,209.87174026818292
796,197.26428959334797
797,237.02603032174522
798,263.4107420498442
799,253.38559087710743
800,265.06049256313804
801,224.27142093036525
802,239.34443707370008
803,249.94435776447415
804,-7.534682373481331
805,210.57678794370966
806,266.1480328888364
807,-28.179293222421407
808,243.4376993017508
809,286.23911906793785
810,255.36436281466968
811,222.5312948463658
812,218.28063149610026
813,244.0334124175351
814,247.48133013813668
815,239.1291880843453
816,214.74054840973167
817,256.1084880566917
818,255.02482119925725
819,228.92039165093684
820,233.84498212048888
821,239.5770233058503
822,-21.100328181679757
823,24.076106481133664
824,210.99962638330217
825,36.89551822892287
826,274.1243368481141
827,245.32657515421
828,-138.50907627062946
829,47.03489251223263
830,296.3027193558996
831,256.1669278717113
832,234.27729549437564
833,258.45024456260506
834,-13.408810176823195
835,220.00782748972802
836,235.1007024062774
837,198.4482356022235
838,298.18381618216495
839,-22.387865819321277
840,274.3590075374756
841,214.73539944171603
842,189.9128991422617
843,273.2777467385708
844,207.9135691268625
845,220.8157048992989
846,226.5494467262115
847,201.19656623518472
848,231.9398777140469
849,199.08608453378565
850,236.8962176665081
851,216.11029814568312
852,199.1392471062579
853,184.80510146869537
854,287.73739851166187
855,295.75559273538204
856,226.54211998711406
857,211.77843280294644
858,288.93387523635135
859,255.63495121520162
860,251.13850183420985
861,268.35120954939083
862,-6.301834518202412
863,230.15636921967882
864,254.41757081593633
865,241.77104196279566
866,228.99040113489315
867,-69.90828209508157
868,291.3290446807711
869,205.83921431082626
870,205.03218731821988
871,210.67025821134317
872,258.91848549953875
873,241.73742931772378
874,203.19216228735655
875,268.6678940565081
876,283.2501472203573
877,232.01901540442017
878,216.28328033854638
879,214.62390667224116
880,224.7357853265679
881,265.66118660344523
882,-158.04781070495585
883,227.91620334208733
884,195.73690721493796
885,211.7379517888673
886,262.7876043973274
887,234.57819316329292
888,234.93512897604177
889,225.2994185239263
890,221.09777619155716
891,282.5737618991227
892,239.0851404219954
893,263.17032172704285
894,298.8436805692997
895,250.53697605295778
896,249.3375312898454
897,223.29192895552615
898,196.25734071808648
899,226.99124735895677
900,218.12593514586564
901,270.3900209353361
902,207.87317836300247
903,259.52501529811445
904,310.07281604381717
905,244.697297473327
906,277.69110294218046
907,246.87139339134444
908,176.332197387507
909,277.6565532273063
910,227.87451029988722
911,258.26720174961594
912,171.50884691664203
913,258.7180140585343
914,244.68809085266503
915,-106.7461217580843
916,250.87295652722622
917,269.88356035255066
918,183.98482492098398
919,-49.187930074582184
920,-83.83219497427216
921,-38.47261666347589
922,177.65067717918635
923,215.10032632367736
924,255.66676300371577
925,149.56071205130866
926,166.0007844226377
927,201.5986001106518
928,293.715304703837
929,-25.264737964525267
930,245.24373971533572
931,247.49523830728265
932,197.0387766129808
933,209.11378729787748
934,186.4418476478159
935,180.96406021109732
936,149.0420096249665
937,196.26412160582476
938,191.38863943406204
939,202.61043867600708
940,230.83241058697297
941,-34.61117800594029
942,234.34459889962918
943,231.03060637534023
944,244.06604089691965
945,208.87611647880368
946,221.0596860770925
947,226.92074383835669
948,243.05909269957652
949,216.03306580967592
950,201.71061810546058
951,-31.335065936850825
952,209.00139063810283
953,224.04506445466393
954,265.3776737093151
955,212.04047883840775
956,229.0995335569441
957,277.3773531508042
958,220.688161401471
959,210.00749931607123
960,223.28572467197296
961,265.37154801658846
962,186.51568378730914
963,175.8123465949742
964,233.86534679118094
965,294.4870105036006
966,269.0626234867094
967,215.32419572916695
968,273.72853349374606
969,231.99278894191917
970,236.62808467920874
971,275.0159286938276
972,240.4305953154507
973,216.83927250087146
974,246.6053969453604
975,245.02696634990707
976,224.36193598722792
977,237.87721541155673
978,203.26349761466554
979,242.86802105460342
980,258.0908585460745
981,240.03915881595498
982,208.9052044189775
983,286.12832574701326
984,212.97374775663286
985,253.1470222178958
986,233.1723310069918
987,272.40160316377853
988,260.93557820385735
989,269.68823067253606
990,212.04724589613528
991,181.24003814384048
992,245.6339996742564
993,259.7880616882206
994,253.2632513323704
995,236.5157410627074
996,229.4419029793648
997,265.30115991606203
998,249.30134793897528
999,240.6873196088002
1000,266.14859619102685
1001,263.5084208557546
1002,241.51239589779496
1003,261.71576910515853
1004,241.3947586662146
1005,279.5568487886195
1006,284.83630556829223
1007,255.2881290670318
1008,279.93228597839015
1009,215.08660879080736
1010,233.5340245655444
1011,235.72765066482341
1012,253.18351870376208
1013,245.62073486576807
1014,200.99057412023413
1015,203.3268215381509
1016,219.15350451392192
1017,233.81291186131784
1018,283.54527465865016
1019,204.74531195811662
1020,234.6564091058772
