,0
0,-13.346058787815537
1,-449.6633123484257
2,-63.44216918269027
3,-297.7944821062548
4,-83.7050493052024
5,-342.5043300772586
6,24.063903975822384
7,-114.1524889904706
8,-110.33742901440718
9,-85.05040424764469
10,-78.93722558510281
11,-301.37680110336794
12,-107.80699159570219
13,-355.65544495657025
14,-195.3304530449438
15,-145.65391272551832
16,-184.21631901375846
17,-239.97362614449025
18,-34.901050624749445
19,-301.4873299599567
20,-52.72489079012479
21,-72.36209191932578
22,-300.94520760253454
23,-21.20538270951586
24,-58.16750296903479
25,-67.575615276273
26,-282.0314483210206
27,-162.43583820558314
28,-120.87625213873999
29,-216.45595006813602
30,-97.6020736680461
31,-18.2392538912529
32,-250.08048887613302
33,-125.07931575221338
34,-21.75393687793374
35,-75.18760732418336
36,-298.92416255600585
37,-186.61220203629742
38,-81.72609662337999
39,16.962259536939484
40,-53.350547123099986
41,-41.57476124122111
42,-6.432588947650061
43,-198.5786932760143
44,-108.31549222118765
45,-149.94368759998832
46,-138.56358334696478
47,-53.94910316384498
48,-99.7862899861963
49,-128.24017069380434
50,-46.9083168876997
51,-92.97478862292691
52,-55.63284781099083
53,-62.50310700281322
54,-95.23310254292001
55,-207.37335939760337
56,-152.8892494844562
57,-135.81629696085923
58,-73.85188961719093
59,-216.7546262619621
60,-194.0646568978611
61,-83.08588319129996
62,-258.1747068205442
63,-44.119765479227205
64,-105.0494788696342
65,-172.88941715401222
66,-44.16407919402579
67,-68.49696642169384
68,-225.17899511889618
69,-76.27174148944125
70,-141.82896980073707
71,-253.89032958053016
72,-48.41874133515404
73,-339.0790733455601
74,-216.56279697405296
75,-226.50356386997709
76,-42.92914277269614
77,-217.614958515792
78,-293.3907424048581
79,-51.65249632678284
80,-72.32748811736036
81,10.431621794868335
82,-106.01047004872969
83,-302.9875608913352
84,-31.557684116383115
85,-90.01217797315032
86,-75.38505690498798
87,-156.1866066120768
88,-43.140410671715635
89,-108.08794241910216
90,-131.3393113427855
91,2.148085299414049
92,-74.52448737374361
93,-57.772637599695784
94,-37.708822003155845
95,-71.01450136842621
96,-56.71850566452284
97,-77.27451835188
98,-73.94735861107745
99,-41.33833490681095
100,-58.750498309045156
101,-90.34400236266976
102,-20.1308597263966
103,-42.60507389146451
104,-52.427194643108514
105,-57.724160252195546
106,-14.971594167567241
107,-43.077380962849524
108,-58.75233087283786
109,-49.167406729502844
110,-109.58638933137475
111,-53.20654499625608
112,-69.40385961014991
113,-38.858693225054935
114,-90.02096159762061
115,-26.325764925083163
116,-29.844782032298582
117,-31.17985569509422
118,-41.477639300709754
119,-34.50963511108289
120,-30.33771685621568
121,-44.09764853635871
122,-49.995228376298215
123,-46.806657604606144
124,-18.85200496335388
125,-27.015633482172202
126,-38.48872984283761
127,-26.156815303661798
128,-25.70310092097523
129,-84.45336003621985
130,-118.97203431799574
131,-21.314002527727922
132,-53.833182935382354
133,-66.9937471742134
134,-14.45465142487993
135,10.921866639409624
136,-45.528567811869124
137,-31.28499406335443
138,28.003962302710406
139,16.104045139589303
140,-55.27697404928162
141,-70.97116616824377
142,-21.317628914706006
143,-74.6352437251065
144,-33.82840407890143
145,-7.348036932189682
146,-14.705594863139623
147,-1.1101518252415434
148,-44.76410324730415
149,-87.49252881658114
150,-33.52607715712329
151,-53.958302026516
152,-11.144177152820975
153,-36.2419603724487
154,-7.548383647358659
155,-75.06147564625972
156,11.343763972373063
157,24.044148295435534
158,-103.46727426360671
159,-30.19222234851646
160,-30.197258771186167
161,-67.1474976555033
162,-28.169366393879866
163,-14.615320814931364
164,-22.93105097225318
165,11.2617126631351
166,-7.652952159721991
167,-10.712456895018954
168,-139.60625377257315
169,-19.776718489622056
170,-70.91365141497073
171,-46.47708152537313
172,-29.291461982753223
173,-17.863927276783784
174,-18.812671087839146
175,-95.55026000336798
176,-53.770122238858036
177,-73.6733337286386
178,-0.010601702140839997
179,3.848115207406426
180,22.629756992396324
181,45.6737181098164
182,-45.4417277642197
183,-30.063851263355147
184,-55.74786072475099
185,-9.258296106811077
186,-10.120089910186719
187,-41.67758332269533
188,-16.08952341139585
189,-31.48373198897479
190,-9.220271217427657
191,-44.55717018305607
192,-36.93465556841276
193,-23.743827582897044
194,-47.86869269251048
195,-33.32784017516214
196,-100.14611835832359
197,-79.4718242990419
198,-41.118721833618444
199,-31.778237600078953
200,-76.31236119712993
201,-61.70101000381706
202,-39.58242520423663
203,-88.31645687612031
204,-99.41884955285589
205,-91.14796230382058
206,-78.22802963596817
207,-73.19727183597416
208,-191.782853264045
209,-278.3041958282007
210,-48.31743767271921
211,-14.294237075507054
212,-53.18669393089366
213,-56.46171625670596
214,-101.2556277608515
215,-7.437483413619604
216,-31.818204882807738
217,-66.34221406841878
218,-57.78496799077602
219,-83.9581892318583
220,-49.789170937861236
221,-79.65252012941414
222,-70.04952836213513
223,-70.78873436456519
224,-76.54045608404893
225,-76.11081329680475
226,-25.373986200291583
227,-42.62697093358155
228,-44.027500300961094
229,-7.534355959282921
230,-25.259266137198146
231,-34.03626402256396
232,-23.211674720515862
233,-74.69470677680727
234,-28.500131215833342
235,-52.11622510033699
236,-48.20048605278305
237,-18.57257693901069
238,-68.90350168711825
239,-80.37363430511739
240,-53.10333680691819
241,-25.421386018761908
242,-23.376891072382165
243,-41.05623886054089
244,-35.742703508163494
245,3.0162614329767186
246,-27.55347537730367
247,-34.2422795233007
248,-24.746104004253173
249,-2.5915305878875685
250,-26.868100113795332
251,-61.053244977495766
252,-26.793327588873492
253,-17.88663742168425
254,-45.43501045614017
255,-71.53935835537165
256,-80.91591452384357
257,-50.445756175985004
258,-53.696070283137686
259,-75.47001368469277
260,-70.89461853922148
261,-55.97789207251492
262,-41.08204673678879
263,-47.546671174598
264,-15.787149971738085
265,-54.69291501300843
266,-61.54199459702932
267,-75.88303231829383
268,-28.6892846761232
269,-56.96007642454173
270,-74.82339455196234
271,-40.36061699128875
272,-77.73851241451926
273,-91.26224839521633
274,-70.22709477617917
275,-71.73817208516581
276,-85.69816307533911
277,-71.26077350458166
278,-62.6410003786569
279,-111.88625794768451
280,-88.69100268921896
281,-46.76587162514743
282,-72.06736302468666
283,-40.86451546056912
284,-48.05648006809036
285,-135.90206463332586
286,-74.91257077346188
287,-12.316097515836631
288,-68.38524475973266
289,-60.300086868381555
290,-47.2126817188404
291,-65.11990096394989
292,-15.51607885822051
293,-57.41159549467371
294,-30.570430549206527
295,-70.53104880072428
296,-42.88086778821913
297,-59.67521813434572
298,-21.9214179121598
299,-38.37360824735267
300,21.584604684164628
301,-48.63268607665455
302,-53.64073327261038
303,-110.64613337816937
304,-118.3323329696672
305,-141.22962349366668
306,-19.47209623516222
307,-26.30561151517118
308,-4.982027186480595
309,-38.13255184054596
310,49.43446861297776
311,-9.579549069528946
312,-30.384767480543093
313,-50.623913496073015
314,-62.08214534325674
315,44.24083856519339
316,10.042034229905937
317,-45.66230262265114
318,-98.61047682678205
319,-3.081324702802851
320,-59.38444429625687
321,-2.138900760185038
322,-42.30009023839501
323,-15.95830168752071
324,-51.96907076403722
325,-50.42639905845896
326,-34.3576365939011
327,-68.90030748062102
328,-46.94553728122582
329,-77.89081227370431
330,-29.290811687155482
331,-18.36613120159078
332,-13.122651323147192
333,-17.329639486264686
334,29.396805143832733
335,-2.809320127037006
336,19.039000517338717
337,74.02673808795113
338,16.060382868874576
339,-28.380979165684675
340,75.79891604434513
341,-101.96589157384207
342,-56.004010525699385
343,129.1586374916887
344,230.4440342204107
345,-95.95993474801773
346,-7.935107057792437
347,-34.30419659190667
348,-85.33977074566641
349,153.10587454160958
350,66.89513247194924
351,134.33274685352058
352,188.84624696114778
353,-42.80878145099719
354,-57.326060918850125
355,-37.11826625273472
356,202.12633984250448
357,24.753482435012177
358,179.64861638456267
359,226.42259179403794
360,-28.542689274873
361,-434.72258155000594
362,-285.82503750374013
363,-48.775361275311894
364,280.1130515430442
365,204.9455223587225
366,-16.448439250357453
367,228.5710760090658
368,170.8534290478268
369,181.41414488408776
370,212.7862640709073
371,107.54273244144014
372,150.81549685855802
373,160.33414987715796
374,-50.09651060684141
375,204.2459148697942
376,-39.74728581276494
377,150.0529966420799
378,170.56532620350825
379,200.0283315782065
380,179.89801583004677
381,238.34825285901752
382,247.37271134450185
383,136.75330669018092
384,87.79380176144696
385,136.19739492587775
386,186.14018029589212
387,31.70211075577612
388,218.69909318464954
389,140.88798028241933
390,190.65241862239503
391,199.72506899152086
392,96.86495773215258
393,157.63175757287343
394,124.55851351671714
395,-50.26966894659744
396,216.7152188820462
397,-14.73368048263619
398,73.24798966354024
399,-34.486763740457405
400,63.23295479635132
401,219.86010931332427
402,229.53921375950756
403,155.16111679303216
404,105.98760873250997
405,179.62028633070503
406,60.46459164387724
407,83.73237407964075
408,-14.813969515528782
409,205.3271885090416
410,129.338878044551
411,14.534082019769437
412,62.980542845228925
413,-8.396936143832619
414,195.53463289056305
415,-28.42646907883939
416,-24.821525895544973
417,178.25964793428454
418,221.49331881824946
419,-120.49325062307872
420,180.9750440405503
421,-46.19191834745739
422,-11.996182598385587
423,159.2875821021943
424,143.70257833253777
425,215.09571892628787
426,131.55712757085047
427,235.8583720011627
428,140.77895951866083
429,-117.94703705019946
430,207.3095413296914
431,97.21987951638742
432,184.4734837833651
433,99.61818130873054
434,231.0345832825378
435,200.62137506153002
436,-12.813753889103594
437,191.1645444920998
438,219.29709769516504
439,-14.390637624184123
440,241.4006803876918
441,169.93006348405163
442,264.1218228063586
443,-19.0076103863843
444,235.60079333475431
445,161.78636930461784
446,183.62523064880534
447,175.84415860740148
448,260.5085042290583
449,-9.601297300981898
450,25.107745509821072
451,177.0263403705377
452,284.2743713650489
453,238.93607913725853
454,212.42474696405316
455,252.76821165725724
456,175.80292140711555
457,230.4926531274547
458,130.90021664484487
459,208.92237045467522
460,242.8018726412368
461,210.7339097863741
462,-72.05998518753805
463,231.63229044269985
464,194.44285489834078
465,131.18362027039115
466,238.74325179841304
467,191.33987634070903
468,165.39614148149786
469,152.5976434854843
470,207.41637233395562
471,230.36011160847298
472,265.4153053410646
473,192.56881072612114
474,135.96807181388954
475,21.742869060320558
476,231.28315195712946
477,184.07277532743313
478,218.91089176177388
479,142.16511383194978
480,205.35416584171497
481,12.825722032524439
482,205.43870092628143
483,242.75778365868422
484,219.64777238383726
485,210.50694588418833
486,201.03358239692722
487,70.7913129590107
488,267.77072530784403
489,263.0287126027832
490,256.98221327080944
491,220.58273066090715
492,177.3557068759117
493,-20.281514735151006
494,246.3386611651892
495,212.9127073432178
496,269.1161942825861
497,216.03460403270338
498,240.26337434901436
499,194.11390702629075
500,240.49687461960443
501,223.34764905650798
502,225.737219254441
503,-23.86347785902936
504,260.42538398708916
505,-12.243791222521011
506,232.84739813331953
507,232.42037574904563
508,38.7029186795296
509,241.29029230959085
510,196.18477619426585
511,188.9148975774891
512,33.932114705160245
513,210.66560737443217
514,263.5320628920603
515,240.84157133456685
516,201.7864441155826
517,271.44697346108296
518,213.57191537115006
519,227.703260468455
520,251.98156009438543
521,242.41975513660557
522,202.65633380862545
523,224.1977031778273
524,250.24539671211895
525,235.30244722675536
526,242.76938432129316
527,254.03396278658516
528,250.37379232751871
529,240.3240722832492
530,221.4187383574244
531,202.31718871574455
532,238.49590546866955
533,257.75244437789326
534,252.905702004817
535,155.280415722442
536,250.38919425026683
537,263.3294122340079
538,-142.37186861069097
539,227.23210973940127
540,195.539675357266
541,266.3339389901565
542,212.19139773851063
543,255.40412163431444
544,201.72033794653487
545,260.6096178796742
546,210.93607392462752
547,37.45479667974479
548,155.14161882470438
549,185.98064566907223
550,175.23341839633986
551,267.4417081162955
552,244.85544741241233
553,214.56976863842578
554,259.9490881124655
555,249.76644422924093
556,239.60677614962052
557,-127.08367441736272
558,204.42635102600445
559,236.55861991785653
560,-243.93863169875866
561,-51.039997289826786
562,-270.77259061370245
563,134.89335501373984
564,183.72693142835715
565,208.82620328389024
566,280.13575556471625
567,-27.187160621696307
568,205.5444226021137
569,275.29695058262564
570,263.67563700276344
571,195.90040117618742
572,286.1467755975051
573,221.8995681104741
574,209.4206744712725
575,177.99312298923581
576,173.64633784137214
577,168.7834781778483
578,213.6797612479449
579,267.86217330734587
580,110.2559357856139
581,228.4157843799705
582,203.63945632836072
583,256.79786132581194
584,235.9490287777991
585,248.87733268996487
586,176.67311910928368
587,260.17688346282034
588,233.43324791457778
589,132.3723657838854
590,244.9944437439711
591,254.14870236580444
592,156.43827174706428
593,263.27512820159325
594,237.76917286118615
595,-8.453269808031607
596,204.18836111856177
597,213.66579342467682
598,243.21089197964181
599,206.42782763499594
600,150.98253845074723
601,15.585854824329402
602,264.81963318785256
603,197.40404782731102
604,253.5244799299665
605,255.247005723367
606,230.78609748412836
607,270.4145433734792
608,257.8014903078997
609,244.25615165737293
610,294.75159949572463
611,231.8754244571228
612,203.69035549257626
613,142.33526751010655
614,221.2312615130646
615,226.3437535455377
616,162.77014054511147
617,235.42125849262803
618,242.38048530213834
619,295.24126222085295
620,224.723627792627
621,293.1557243470537
622,254.73656879826675
623,271.2886647375691
624,250.23038797992413
625,234.03412306793712
626,265.4727959467234
627,-29.897202393373163
628,253.41202887553868
629,235.32015197448618
630,272.0584259635043
631,230.85013926728044
632,245.49408669780024
633,232.5885646165833
634,244.2164804754426
635,248.9369246242492
636,235.0762832947928
637,231.85535665540982
638,259.8900543031732
639,236.00351707278568
640,218.1974003393896
641,253.609878279281
642,194.27142643011683
643,228.67689525051156
644,170.96126132523904
645,207.46846101362127
646,227.1410435448866
647,274.38991569074267
648,267.8550699923626
649,248.81860695915333
650,281.58085555190695
651,235.69441606989554
652,227.6711551956496
653,208.64087623096077
654,168.00811645259716
655,239.92664385654226
656,-30.23527273676079
657,254.23072435600977
658,226.8610566752103
659,270.372610687705
660,151.75716835002927
661,260.89661135615887
662,260.34362955359774
663,229.12563913595352
664,246.21222816450606
665,197.01036651397132
666,171.98011765505515
667,233.8075785646383
668,232.6784736490613
