0,-130.47960933127263
1,-156.21324921540173
2,-185.30014081621522
3,-422.67440267009755
4,-259.6210065697398
5,-289.8415673578168
6,-95.54095874319624
7,-395.18749136862965
8,-122.56808215803787
9,-45.838159013954964
10,-103.65021057186483
11,-80.62171802310453
12,-103.43778367511489
13,-96.22047678010802
14,-253.6872394532563
15,-73.60734420535397
16,-183.09811828045878
17,-144.66382244632246
18,-103.28472322820782
19,-463.0651995789741
20,-163.1734218034411
21,-131.68643484205055
22,-143.69759729569472
23,-53.95021892740898
24,-130.94919208047926
25,-250.69733356223256
26,-134.69172371159254
27,-182.15703302336084
28,-28.373488734308992
29,-193.79510953306942
30,-269.60062441562036
31,-66.02516840096604
32,-95.2968667023356
33,-339.5678293681309
34,-160.26866226844544
35,-503.6262708347362
36,-180.9597133616138
37,-5.046122823082229
38,-291.17245187453426
39,-65.32331206203216
40,-207.70824688976435
41,-317.8188610359411
42,-106.23647936976421
43,-61.50569107697259
44,-107.5665701497581
45,-144.02021385463559
46,-112.57205016095617
47,-25.23109910590364
48,-276.22332345986933
49,-115.71217518060487
50,-338.6346359811822
51,-250.9165347191169
52,-63.38961617968648
53,-142.19817990805018
54,-75.62177882102065
55,-51.4618805076884
56,-121.54545867571179
57,-80.08611864993418
58,-29.25139394887593
59,-93.97017615989185
60,-81.35316729974465
61,-266.5218441419289
62,-272.53427338214755
63,-240.80552536440615
64,-115.00992884230402
65,-74.797977811372
66,-245.1480345661391
67,-188.66982652782963
68,-241.88153505876713
69,-107.29458991871242
70,-119.86753639624968
71,-80.62833745554931
72,-30.77017351732556
73,-154.5918379106957
74,-127.87649537546535
75,-110.87437273719117
76,-49.300990244349855
77,7.749066022080925
78,-233.07450325394436
79,-88.972923621682
80,-138.09068749770867
81,-245.47225760319571
82,-342.1466468872427
83,-368.02046485423136
84,-190.0246639978402
85,-298.5803612186429
86,-82.86134533051354
87,-134.36993930655987
88,-61.10370881296183
89,-143.89903032535835
90,13.360485076202153
91,-532.1655445122312
92,-14.88050989545141
93,-159.27889831699633
94,-83.65828565959049
95,-169.915253522576
96,-121.89892759125814
97,-42.02791876884312
98,-197.9543394730218
99,-54.90333298783715
100,-82.40094730723634
101,-13.73289910206212
102,-46.653549058336225
103,-323.2458680514405
104,-377.8259154091746
105,-335.8268158767021
106,127.61844270100238
107,-92.60229424638469
108,-123.39928538951305
109,-44.21115415962909
110,-265.0078634157029
111,-56.55908124728454
112,-76.7251833527997
113,-75.07161070146168
114,-2.2847617071124837
115,-93.19002855901317
116,-56.383009964520724
117,-24.568629776596563
118,-47.06721139493268
119,-54.48168214894707
120,-77.04664401214718
121,-4.7805159265107475
122,-34.21998148779898
123,-65.68816994445633
124,-1.835246291602478
125,-19.433617719331323
126,-22.27923852787843
127,-73.97011873647106
128,-33.47979196074105
129,-3.3545038756465484
130,-43.92026174454527
131,-32.44121147534211
132,-11.954188073551572
133,-20.20790960666701
134,-27.437883286992786
135,-27.94857593674484
136,-22.50487678873897
137,-139.62461144981546
138,-44.7054454989852
139,-9.615062454556828
140,-13.650454040454793
141,-64.56662882471032
142,-33.48128604350079
143,-16.027435766788283
144,-10.94058185841739
145,-27.213196934870908
146,-66.58573836407825
147,-33.53296058531362
148,-42.50257386802344
149,-69.74743785340097
150,4.287787007710032
151,-17.62411302845186
152,-2.814866645796962
153,-10.290248648631353
154,-28.322730349093117
155,-17.368940880362757
156,-44.35177662697867
157,-60.72089704776713
158,-19.081784344375635
159,-31.790410635708337
160,-24.197752130339005
161,-52.62177218476978
162,-24.548468537577598
163,3.3514073712043215
164,-18.254229235304027
165,-34.99454124349044
166,-34.64244540159064
167,147.5593287126979
168,-31.036372191434356
169,3.715034566094885
170,-81.8384548626662
171,161.74597638803266
172,3.594829450517909
173,-12.347881153526238
174,44.64990633369424
175,6.901362588726553
176,-371.8417183255709
177,-163.94834604169006
178,-21.586286767967295
179,-30.75496193248188
180,-12.217419881340383
181,-38.987734968893335
182,159.63595933776176
183,-57.44589763380974
184,-196.02694903162168
185,-29.124744125512738
186,-36.54910836974567
187,-26.270649741145167
188,-7.385669546663219
189,20.300870871777004
190,-65.9995904084566
191,4.425596435380933
192,8.607249930237098
193,25.015708803349256
194,-24.676298200635454
195,8.675956314177364
196,-5.699238331107119
197,-35.75043453644332
198,-59.941567055607266
199,17.531537945277883
200,-24.665033794084398
201,-14.922121320064038
202,7.791457436883293
203,-20.37073978539393
204,1.6250429845760128
205,1.548656752718401
206,9.608527661304258
207,-28.37980384860892
208,-66.82790882345178
209,27.513497051959483
210,-28.860086360775902
211,-52.596672479416405
212,-46.217309067531325
213,-45.444073367430505
214,-21.899719790530128
215,-10.478392977144832
216,-55.997419264884655
217,10.09221218394853
218,-61.67214791785904
219,9.775797227671383
220,-61.697687757266735
221,-25.2421273354259
222,-29.60400849731292
223,-4.722318504925388
224,-30.97413415173283
225,-5.928146267068361
226,-5.630273884264006
227,-36.6415130919233
228,-45.713364536720206
229,-37.69929670558503
230,5.711710535794387
231,-28.736674989774993
232,-47.37224335000942
233,-29.92054891319655
234,10.626616541588957
235,8.89777654079138
236,-25.231908951111457
237,11.293559145078728
238,-35.91493232815287
239,-31.5932616866552
240,-15.351131237004331
241,14.841960998147982
242,6.7491699250764245
243,-37.569733425238226
244,-21.00720311632929
245,10.80682691687919
246,-3.417668477131812
247,-34.11382284608126
248,-60.96764805460138
249,-4.7519001421091005
250,-75.65609313085272
251,-68.56088426030013
252,7.066318925317611
253,-31.487239412568936
254,1.8376749602071172
255,-157.5243558799379
256,-25.73580300160468
257,-15.116489553409489
258,-13.1100432744634
259,-10.150247556011001
260,-59.55247562940347
261,-35.07497491468337
262,-16.34810761732571
263,6.400194931688319
264,-7.351758916390868
265,-50.38279161614624
266,-4.537155788783545
267,-17.411680481439888
268,-23.908730837067797
269,-11.306002204084608
270,-218.0070047875004
271,13.295497789904617
272,-24.909001318065698
273,-49.06639398211024
274,-48.05584419086779
275,-33.77529265515566
276,-28.279968786430636
277,-47.83991847779107
278,-60.76118984695445
279,-35.085533583463636
280,-44.70723914795157
281,-62.35815872637525
282,14.062128070477028
283,-38.45681339724177
284,19.49762972874809
285,-3.856387426929798
286,0.2289562495976405
287,-10.786649706314591
288,-7.292810261778995
289,-1.5491667682047734
290,7.492709199475896
291,20.04508533589472
292,-18.533450245031744
293,-39.844778766262536
294,-7.189399140928772
295,-370.8529109539953
296,-14.850052206560349
297,18.18742634263862
298,-11.774479894745769
299,-25.36652722978179
300,-5.7658382567893725
301,11.429354563859778
302,-59.09263399751659
303,-54.83302099524851
304,-44.20721865132255
305,-19.479408708161817
306,1.7851899160832372
307,20.11181002889142
308,-29.04519826465692
309,-62.75961358908373
310,22.08722141254154
311,-25.854397856821603
312,-21.124319255676543
313,10.164343723530761
314,-23.163272509713295
315,-8.329851578317573
316,-45.99086988014296
317,-45.37665910854409
318,-61.34146936972784
319,-35.769479557249205
320,-89.12854571164524
321,-25.728349565842993
322,-43.97422019930887
323,1.0496087779680792
324,-22.37709126419922
325,-17.162919431873505
326,-32.86057001557507
327,-25.70319153050506
328,5.313562525912271
329,-40.369206804115045
330,-52.42954801581472
331,-32.21186086983072
332,-62.839333123574434
333,-36.592325489101874
334,-13.15054808878217
335,-57.420941933332486
336,-60.73688982149624
337,3.181771295688853
338,-41.895142390352824
339,232.06774367221965
340,105.87311617738686
341,49.358949033231056
342,37.02944194449699
343,-37.492561027195926
344,-70.90948993814148
345,-51.56033724719951
346,-47.60690551574214
347,-41.94492960236343
348,-16.471198868346082
349,-46.96170856611334
350,-46.626753878814576
351,-38.69712546244176
352,27.08750318696174
353,-37.89177758599774
354,9.075150746947372
355,-60.542318036876374
356,-58.80471049925376
357,106.93529054479407
358,-34.99811691688306
359,11.3842332511833
360,-6.522355631617873
361,-47.47292498552521
362,-41.060321018644295
363,-11.725517771187768
364,139.19545931718238
365,145.70146207109246
366,5.5349347371149635
367,-79.87028713986125
368,-34.2269336853414
369,-50.00690226802094
370,-50.69142705898586
371,-59.086567636344704
372,-51.4896919214801
373,-46.25318407527636
374,-28.922575435403488
375,-56.76362080285308
376,-72.60442688233942
377,-53.53414954002941
378,-22.090142634536196
379,-39.16555705451725
380,-31.181930099551366
381,95.23342890786934
382,-28.298862435491362
383,4.614659572967214
384,3.317423791116921
385,-27.10955814602701
386,-64.69511361854399
387,-44.90038655876627
388,-59.99570023251458
389,-52.90802600328734
390,-29.424992379491368
391,7.907573753022889
392,-113.68525357826202
393,11.448999602707426
394,-5.24611122718845
395,9.877822166820613
396,-55.813106624079175
397,-57.72267504053191
398,146.00191467454064
399,-72.75284656203368
400,-11.144352453769091
401,-41.95412666693291
402,44.14949621966347
403,-58.06335436927
404,-44.984252723035894
405,-28.00253733516599
406,152.29744315368126
407,-89.12785772975097
408,-289.4585385379462
409,-41.158390091282754
410,-151.6959006678664
411,-54.88270643262804
412,99.13757355941472
413,-26.25149930534282
414,-52.835228255409966
415,-38.97029636945336
416,-24.175517647108204
417,-30.846779263275952
418,-22.74886591535633
419,-30.908348122331475
420,-20.47114639341883
421,-17.545468198743865
422,-10.555272853507576
423,-32.06315271072825
424,-7.660244207813642
425,-6.677517273729169
426,-32.70427078146821
427,6.710794762574335
428,20.390060050322646
429,-20.69442881564873
430,-29.665481145495935
431,-27.455030193206
432,-42.717080053991424
433,-32.69677045905759
434,21.39697411006563
435,-23.796015151946868
436,9.070945552503582
437,-42.95565316186908
438,-26.153395139104475
439,-30.305619251425536
440,3.6625024718272465
441,-26.811933757082173
442,-46.04558596846877
443,5.897422367831964
444,15.356756216602399
445,166.61348469864853
446,-16.309384410556408
447,-25.048092672466392
448,0.5876969250351629
449,-121.43211384195796
450,219.39304196451866
451,127.35552586240459
452,25.631065808429856
453,216.29444515250037
454,-51.09172962713826
455,-27.8467904468216
456,3.7199902097461868
457,-43.17822382114808
458,-46.92351005658672
459,9.758855035976259
460,19.679879255032606
461,-28.803277218641142
462,52.672825267337174
463,-286.71862899688995
464,111.93129737081063
465,101.20010014294039
466,-379.2484774217656
467,-183.55008480844674
468,-98.44506965351772
469,150.47701319468922
470,6.730568977119364
471,-67.17359955899744
472,-203.37840133794907
473,143.6705601684049
474,-249.9746928670705
475,-481.5595637533567
476,129.8370901839885
477,11.53010333577221
478,101.97706936888478
479,-40.238199551176024
480,-208.63274931860582
481,134.68984230164514
482,196.23886596264526
483,-64.00687560078032
484,145.39032793802903
485,114.49700352413734
486,165.86573730510224
487,195.79555342339637
488,118.89042904064705
489,168.39394776171815
490,-24.429030296224816
491,-14.887528341606728
492,155.08109648311387
493,9.335569535475132
494,169.21490289818337
495,61.29182289052471
496,4.343095717730426
497,44.15015150709455
498,29.269507108717384
499,151.98503680982697
500,-41.25104337136521
501,97.359828737073
502,227.40684085706008
503,4.804139162783871
504,81.60720838984076
505,-91.12027203825234
506,219.33319989575688
507,74.27051758652952
508,-1.4142463722083154
509,190.9309402947506
510,138.154297082954
511,-169.10497897598665
512,149.01437401221528
513,-14.867097340204856
514,203.0321790537982
515,-125.49973522061052
516,186.40169514972052
517,-11.074265066792863
518,61.449503047607394
519,-16.15622106488076
520,114.30771846426968
521,-36.568782326020376
522,57.99371505976585
523,29.088599989540974
524,18.923940369389094
525,-31.97575582203183
526,173.81216967815027
527,-16.522033932170697
528,-60.308699517922655
529,172.1111911142945
530,-6.435536656208607
531,226.24517461940314
532,119.466327830701
533,167.76672118090949
534,181.65858929642235
535,183.6936655724079
536,-81.64671655355855
537,-418.55433469303694
538,198.39760327697098
539,-11.513917607234603
540,89.67600314542884
541,132.34017617296502
542,6.211025765444633
543,152.18756707563753
544,173.10075635485293
545,20.813001100605042
546,-194.35183258444187
547,-18.19738402535441
548,-117.14288788002432
549,70.4393118753046
550,69.8250226757865
551,35.69149193349548
552,-61.101994906364595
553,30.567964140479376
554,29.172630794487795
555,121.15702356344657
556,223.43498499053152
557,113.02236272461712
558,-3.198323421452298
559,-48.577074693198114
560,-49.76375866374069
561,76.26695946459844
562,-10.524952150517935
563,197.42417785014106
564,-138.92438855544592
565,75.58897469332184
566,-199.1008581942648
567,214.4332042617341
568,182.52814155057237
569,-193.69085686085015
570,71.15124300439268
571,195.4289154320768
572,-60.16851072427953
573,111.46168866341496
574,83.88228028471444
575,58.67767545680855
576,-186.58735088300847
577,-48.23318485870295
578,-303.3032149170516
579,145.135615618414
580,-41.53702478228299
581,111.35146474000993
582,86.1078495029406
583,31.723605879002022
584,134.26779363372412
585,-25.415782427781664
586,62.44608131037424
587,83.25169430202534
588,196.34789746775147
589,201.57158835326035
590,168.01561330234568
591,123.07325998959976
592,215.3065462409943
593,184.61254656648362
594,108.62985841764166
595,173.1623418790349
596,197.7582438587021
597,230.82327129895128
598,83.42738636142089
599,119.54490109135907
600,169.73765980618728
601,187.97492029122935
602,108.70458565332979
603,186.0194162498551
604,107.85253222882187
605,132.49378641635482
606,228.66860776537277
607,-7.7516289646236105
608,176.1645068080166
609,136.05403747648222
610,184.6062246095537
611,180.18398106397996
612,221.95828970832514
613,182.34979634845166
614,199.59718907527952
615,-21.869706308067123
616,245.90261863216585
617,163.9504851800413
618,155.44457257728772
619,206.15526584383605
620,236.1074208691191
621,-51.245268004249155
622,236.71211905237678
623,121.20343566494947
624,87.7762712065693
625,219.3647024315968
626,223.48420895109462
627,187.77836956017615
628,157.8004188780152
629,14.930274158423174
630,247.16539738098604
631,166.94396209486197
632,228.34687142762454
633,96.03670656462987
634,9.15037075239714
635,236.17059238229365
636,199.48948254929115
637,229.67047454365036
638,178.91776354338265
639,184.17322909125755
640,213.67371903860013
641,169.51363852811457
642,199.70512360043142
643,123.03388394921228
644,226.45158733337237
645,215.9449569329143
646,214.4739019525354
647,218.95730521758068
648,173.81054933902567
649,190.326877629392
650,223.3316550360668
651,204.46743503622065
652,211.45457144426663
653,162.0569934253484
654,192.4983173691593
655,227.49830159039203
656,108.59624135152292
657,160.12100196979162
658,86.99488849695948
659,146.92638106180175
660,187.4482444226433
661,215.9837355784308
662,204.10397518395405
663,225.62266428448862
664,179.46358650273282
665,111.0357629839949
666,202.57410953688384
667,232.914931721164
668,116.58981617943527
669,203.34481459442154
670,219.86204659107668
671,206.29191292138168
672,-22.421701491441567
673,3.4357153622561922
674,160.4199566069253
675,211.6811380463225
676,164.616966415213
677,161.78655046284067
678,173.71402507910557
679,-14.810108001529017
680,311.9811140207324
681,209.18637871332618
682,156.28609902801583
683,61.70570293503916
684,206.8063761860369
685,156.83842234445902
686,260.65832442146876
687,188.67793063292083
688,160.03942350427707
689,216.69397492196708
690,220.4213390687338
691,185.2612433754635
692,172.2653214309821
693,-5.0315424895013
694,237.57064885112672
695,-4.017593418654284
696,188.35165801106
697,201.6644575655704
698,223.3345230663365
699,177.02681387318466
700,211.84487002267332
701,185.23323285595154
702,210.10172563232874
703,179.46795678129283
704,206.75504865540046
705,157.33616537976587
706,202.62422897252134
707,156.1908693671533
708,184.93251775955326
709,-29.10796913341072
710,-56.38391277589637
711,223.56942796965572
712,152.96662699152063
713,212.4704216965321
714,-15.76872763097866
715,163.5468337663986
716,160.1930398248955
717,-37.61680728355395
718,156.8123097702311
719,226.09105407774126
720,189.97992881468616
721,169.43114256925003
722,198.24994922628227
723,146.75014987675144
724,17.72919626400363
725,161.20507807284562
726,119.25520185255554
727,173.27376680238575
728,173.73863788706845
729,-23.0368886198639
730,145.66454999412917
731,145.60366660260289
732,186.7293234005661
733,201.6072191815716
734,226.5635291547197
735,121.90144838154903
736,-5.801730554123736
737,201.99653207209084
738,216.74845370465428
739,217.6488822510355
740,10.265946570976437
741,147.2611418999916
742,210.90465012690106
743,143.03474778007006
744,204.51483157236825
745,217.92729583364633
746,205.9397568443792
747,-162.563069289857
748,145.53911585645022
749,178.33602581364516
750,196.3409780051523
751,192.54820933006133
752,173.46248674090006
753,189.54402723891246
754,166.28827063689207
755,150.78668592355757
756,203.1247488561333
757,9.600283766788085
758,238.29560215250578
759,-55.57742922298635
760,169.29682509105493
761,210.31366906385975
762,200.10628190649354
763,140.05140686050368
764,258.7030301920387
765,173.85534262508398
766,188.74353742041583
767,76.88782877945691
768,150.02473485214995
769,217.03921718273173
770,133.0187886753512
771,174.7971224989556
772,262.6072795207971
773,204.40591431820036
774,193.03762951608783
775,81.66040381192613
776,175.40228302694354
777,172.64979541008867
778,173.26090428147631
779,186.44896856735744
780,173.91710176843532
781,189.31764974151736
782,198.82748905376678
783,234.76652090914382
784,205.58547703899072
785,178.21822045208913
786,221.7288197753699
787,154.6098394571831
788,184.9668237408057
789,-26.708108622893377
790,211.06249061565836
791,157.23001795893117
792,-58.84579128612671
793,247.66525886816194
794,212.66578081156297
795,237.50904323278854
796,251.58864608176557
797,210.4393475776704
798,199.4692967727358
799,156.15388032415623
800,218.49778627241633
801,52.626297901589695
802,182.0878626239185
803,224.31428995660764
804,212.10258988692212
805,75.26066379449813
806,172.3498715290071
807,195.1514115796195
808,-34.769709607330824
809,199.57134461529694
810,189.15381097012457
811,248.2376991139949
812,208.00904862875723
813,230.74811327716765
814,182.93790604567715
815,-53.433198321540274
816,230.4653066145342
817,62.308941084963976
818,21.4817657044402
819,264.185333649081
820,205.47845303751217
821,156.37656970203275
822,208.52990603158042
823,198.14302770049167
824,227.41341186922597
825,-52.076571151417355
826,200.05364968414665
827,233.44576294119554
828,200.1230724426236
829,194.33550737260535
830,252.8796809338713
831,161.86853472140268
832,225.48090728655768
833,169.44012815652698
834,152.93067892128528
835,264.0101502671043
836,193.735848464076
837,262.99586867912376
838,225.98335387467776
839,214.89555811155856
840,205.1166264298059
841,70.04633447684927
842,221.1591064978175
843,184.2352007707159
844,-368.8988197313218
845,192.97835712650522
846,18.346939626239863
847,188.266255845829
848,205.82374919249258
849,181.91141296628194
850,174.53306075981783
851,207.6495741732462
852,189.35756828419693
853,251.63042575865683
854,239.1745741438168
855,-29.63239582635518
856,9.868448904644737
857,-49.0129354145562
858,211.1657116482659
859,176.0982880333711
860,184.00137547369437
861,232.03310794340427
862,248.13482653603498
863,225.4066009630156
864,171.59139762200618
865,221.73985634509103
866,-22.771651803261804
867,205.11209949181108
868,240.20839696824035
869,242.26627812511725
870,196.68580849142188
871,252.8845083460702
872,278.3156246807737
873,213.83392256053725
874,255.75776294455898
875,259.9980177773081
876,259.8303435999721
877,187.79346809464522
878,210.44317583799005
879,188.74239747123
880,220.01681854687644
881,196.19226166994287
882,199.65292920376527
883,171.57251357226076
884,204.38243096349126
885,241.96954613221402
886,59.46084309336519
887,194.9902863720636
888,196.13674057204372
889,-10.63089484625867
890,180.44720802365484
891,175.95617535981128
892,190.9608295910204
893,194.93043964855428
894,169.55874387930163
895,229.35641998191957
896,258.6675442129425
897,224.06397913360857
898,194.2941675064141
899,221.2462310998743
900,215.66098038115905
901,177.84819739960616
902,199.6028706704554
903,-22.32533770972212
904,178.86620712130744
905,173.01027792036754
906,239.14461402987686
907,-52.040305448519035
908,206.6470007362379
909,-25.545493248446107
910,169.30164938403993
911,276.60843857349346
912,300.6563141049416
913,231.78131994880653
914,-41.41360498133075
915,205.83457394859022
916,121.40421376056892
917,-34.470676322401374
918,228.51193960173944
919,184.6937568703814
920,187.90492905898762
921,241.75145323038095
922,258.7344684843631
923,223.24859290479478
924,-64.15780228854604
925,183.40110637101805
926,244.70480547087996
927,210.11472622402874
928,193.69426385799176
929,124.21350719684872
930,-51.42795685275903
931,235.53817229944738
932,236.0398990490314
933,194.20231637179893
934,-13.071282217513343
935,-34.434746171298514
936,-54.70250540222844
937,210.92768833199258
938,252.78573498519808
939,162.33574363929063
940,257.54804342805687
941,175.01236844669737
942,176.52457497897427
943,-83.48658956418521
944,201.5878740837005
945,207.45819871059965
946,231.25483252373047
947,-20.065165550199154
948,182.69913387954034
949,199.75091320302596
950,200.41976486142306
951,208.096376309407
952,-6.884790435012789
953,234.50509482473782
954,262.01316615124244
955,-3.0478765206909912
956,204.81168585847513
957,173.18148727678147
958,181.46507219860848
959,166.87335951190448
960,239.53371298515728
961,217.40152587925036
962,-26.11872384208398
963,-20.01853311461558
964,166.25874476114416
965,-118.96490449663033
966,-58.31289981426991
967,253.48644192548505
968,190.57403108885373
969,-19.278928454448973
970,202.08125853936045
971,256.0299897563417
972,-27.118858519737486
973,183.32019920283886
974,205.85333072419144
975,208.13349528574034
976,-39.991990527491595
977,122.81094385299937
978,154.5416152851667
979,91.5565630773676
980,50.466561079771935
981,196.71316307194562
982,173.81889136345495
983,245.27970711893497
984,204.27923155441394
985,186.10989751021475
986,-32.22084674619991
987,-23.63172543234512
988,-32.38128465011319
989,4.574723054074653
990,241.63845741415582
991,-32.97643377012187
992,7.266797165217753
993,-73.84913637084358
994,-16.563121236626245
995,46.11568295698305
996,-76.36481986379589
997,-42.216981931906574
998,223.31503504726032
999,193.14242728690957
1000,-57.10783876948079
1001,-15.67686082902219
1002,193.525136036324
1003,195.7035360152094
1004,193.7884909731663
1005,219.41760090962
1006,169.6661360307821
1007,198.36329087391363
1008,-75.89268558213112
1009,177.4150157323315
1010,-24.060304558469326
1011,168.42248321153417
1012,-54.15935771147619
1013,216.64190447165527
1014,97.1232915313656
1015,2.836999020132154
1016,189.9967211817979
1017,223.5911648461074
1018,185.83760200190147
1019,178.65705815452068
1020,212.12888265380548
1021,184.200948047161
1022,213.32063142308334
1023,-75.69542017751195
1024,260.48461174788986
1025,252.18212207925856
1026,-32.275773497616825
1027,205.2418611304199
1028,-65.58357728860102
1029,166.44580517253775
1030,25.911945312214442
1031,144.22140671957058
1032,177.9160733039359
1033,241.7001679853233
1034,171.35821119222769
1035,-70.7559145982228
1036,203.85302218554745
1037,99.42990257381315
1038,199.29274471045306
1039,225.11959943807338
1040,249.5497201370031
1041,154.10649584514044
1042,233.89765885920184
1043,154.01304323864102
1044,254.4532289948224
1045,27.748024330872813
1046,-46.4716158284076
1047,193.2934500386479
1048,254.0518973860542
1049,192.69605002109193
1050,188.55089464495632
1051,166.08896906787336
1052,-48.89147808762563
1053,191.80649157466289
1054,169.8725758984424
1055,-54.09743873727166
1056,149.348100023201
1057,-70.37605816348028
1058,204.55500315273196
1059,-70.39550768714584
1060,-30.288896163720654
1061,205.51176035305437
1062,-35.574322164269546
1063,-44.11434305293386
1064,3.072002936469943
1065,190.4226640298813
1066,-18.68756769097385
1067,180.9336101025362
1068,-66.93055388472702
1069,228.6303569436584
1070,-49.617498576176324
1071,-6.800435109909854
1072,-10.448246320165806
1073,200.86015251699314
1074,4.093249399961595
1075,163.9888677041694
1076,-389.5950057508954
1077,-37.91487760055879
1078,-4.597480275956054
1079,193.13357978574817
1080,-47.10479021605862
1081,-19.555946886039095
1082,-23.946752288154332
1083,-53.29834978713228
1084,-60.72848459565287
1085,-49.11662556014863
1086,-18.89173727588029
1087,230.57380437934438
1088,3.826365682921292
1089,101.4913274773769
1090,178.08475547709716
1091,-17.179465305302447
1092,153.85204606284935
1093,-6.853709752767192
1094,209.26869466490055
1095,262.5194579795409
1096,154.6098829844555
1097,191.16421263938378
1098,188.00034068428437
1099,-39.392003414763224
1100,190.59715915259775
1101,243.463430579258
1102,230.1217131495814
1103,-33.191919143451614
1104,168.45452322385722
1105,107.29772565986588
1106,217.13982870642212
1107,-209.83638057749187
1108,243.4421320412879
1109,148.56320189714916
1110,195.40204784214802
1111,-28.819075637642808
1112,242.39246782916234
1113,5.1193754663466
1114,174.882094986805
1115,181.93219363746135
1116,219.7717324240837
1117,122.79478082042155
1118,167.18044565410855
1119,171.88561407398896
1120,194.00811775447056
1121,259.1031658580276
1122,229.67970982562176
1123,-50.80948033998024
1124,-23.365662574887356
1125,177.69651137879646
1126,-25.33075504009092
1127,215.53029782821733
1128,-32.423341521698234
1129,184.55550263699695
1130,-98.1326426628624
1131,210.3149440817753
1132,183.61033626712168
1133,-32.064863756323156
1134,259.794375859303
1135,208.89764329383007
1136,204.39570263289076
1137,194.9121139631016
1138,278.3361846912377
1139,189.83260221851367
1140,-64.03922033585215
1141,236.89076287593176
1142,-48.806620929261655
1143,203.38738983219085
1144,181.28797917920343
1145,103.12343039225024
1146,-51.41041169001129
1147,160.61518380805668
1148,294.3591968358977
1149,212.37160887235402
1150,97.99765937266456
1151,-157.6232785624502
1152,242.7569282040682
1153,-43.802666805257786
1154,-88.21253255086677
1155,179.43825070309998
1156,164.51084793692746
1157,43.216549057009885
1158,172.26942627093956
1159,148.50983478735205
1160,188.22297479190092
1161,225.96307964087254
1162,141.46690291842572
1163,133.33474249208464
1164,162.18186011104012
1165,164.6446188258414
1166,-35.06940266922698
1167,-95.4752294527775
1168,171.25604219051064
1169,184.25249509242138
1170,152.20174073938261
1171,260.894554026909
1172,201.63927312283232
1173,-40.2158306263838
1174,250.4005546261389
1175,224.01480415550975
1176,183.8350227778954
1177,-42.99526513766198
1178,141.9735305346132
1179,-41.10695445199558
1180,154.70753457721986
1181,230.2948488042385
1182,210.2958245662649
1183,-103.72153814381525
1184,-36.44146839713293
1185,19.041491809956327
1186,172.5390394186236
1187,-50.53573797688521
1188,-71.08551047209158
1189,44.81660787102044
1190,206.68434477499505
1191,103.467261889486
1192,133.17261465255675
1193,176.03608183629893
1194,184.0393121107938
1195,6.194933874899721
1196,-52.76554175559593
1197,179.46836760187338
1198,97.96010350756735
1199,-71.81639461655486
1200,66.90567958416962
1201,-66.01902919381145
1202,183.56159327558572
1203,236.39210179241658
1204,157.4795222129551
1205,201.77655651982735
1206,228.61869366933016
1207,-14.549908644065866
1208,131.45281795192048
1209,65.50924615982535
1210,228.22529036654458
1211,217.14346033358117
1212,-45.75633548657508
1213,159.307611287349
1214,81.20611494826598
1215,63.61309734471244
1216,-11.426073333451033
1217,155.5679153699521
1218,267.50622621463583
1219,180.8829501076138
1220,123.4188892150025
1221,131.309322363999
1222,-36.38537692311733
1223,168.98857386132158
1224,270.44325104899013
1225,195.93631971860862
1226,198.39658776314428
1227,145.14554900920294
1228,207.79923577392657
1229,170.95978582496494
1230,230.14151862574613
1231,177.17742196511057
1232,225.25142236324035
1233,178.79041726033972
1234,182.1076146449542
1235,164.14160709286682
1236,232.00480734948422
1237,157.00156648273978
1238,131.1141993434749
1239,192.1897917903355
1240,197.37817852393727
1241,163.77698450866902
1242,174.48029766524667
1243,165.44084652068688
1244,209.5251101677791
1245,70.97701538454382
1246,-57.17055456815225
1247,153.28172547392822
1248,283.76432385643113
1249,266.38645164597403
1250,157.895248389143
1251,225.95457648274515
1252,246.68904619076216
1253,162.7754878573686
1254,183.64734675415326
1255,219.6822977365684
1256,184.78640506979485
1257,162.4702788465139
1258,188.27373565746927
1259,170.24810183093592
1260,172.86657483834964
1261,186.74148723431534
1262,-14.71567701757212
1263,193.18268374018538
1264,179.90266977832448
1265,193.55665809519883
1266,153.51849701578112
1267,190.77416382358024
1268,212.88086633942467
1269,188.8121378937031
1270,116.63321361834925
1271,58.51550771034914
1272,200.8866217179541
1273,236.5695612963935
1274,245.1200483746712
1275,202.52194838283572
1276,198.426208645569
1277,204.72853018039768
1278,166.5464324740227
1279,230.77272576462596
1280,225.8789909323212
1281,243.79591838538164
1282,239.26502547606654
1283,189.38008659531636
1284,265.79692980629136
1285,195.62973965471647
1286,154.3203723727144
1287,37.822397644094465
1288,204.76162738833457
1289,200.67622883219803
1290,195.1075485892481
1291,172.48094417564755
1292,116.54460172344216
1293,225.75361355758713
1294,196.3870249349971
1295,254.96607823739697
1296,182.09952854388933
1297,214.88889652752215
1298,243.2199140657284
1299,191.2754710989051
1300,253.31754040425346
1301,180.03312228468684
1302,206.83708667924725
1303,228.8626412233398
1304,271.2525882387508
1305,244.9959563888009
1306,172.99360383765054
1307,140.0709128399256
1308,239.29158891641094
1309,196.49040617435188
1310,279.155808868532
1311,203.02010580683555
1312,261.00906577480487
1313,279.2614991120597
1314,254.54535253683196
1315,183.06823231243465
1316,187.67749343198227
1317,62.47941649795307
1318,146.71774796198466
1319,259.36303054946274
1320,163.27117754995902
1321,180.71026717910027
1322,225.0867532875698
1323,228.20995248319318
1324,209.1149493559306
1325,246.9431359934458
1326,167.03714569113538
1327,230.85280553048156
1328,195.06579757283146
1329,210.12499874327733
1330,196.35559510731358
1331,231.5252235430455
1332,217.9944324983316
1333,214.08371068213646
1334,183.0773559981614
1335,-52.621373163155184
1336,231.0018790876824
1337,207.39520342690165
1338,174.9685094660873
1339,188.99915882025903
1340,215.61718315847162
1341,189.31284229447652
1342,203.84369219324083
1343,1.1575092739057213
1344,153.56208406508512
1345,202.48931675839555
1346,104.43397417788225
1347,197.69808925763022
1348,196.0853762020145
1349,154.4177854951152
1350,185.85442218982854
1351,213.85278191417706
1352,23.348580926013806
1353,222.73417714504745
1354,203.42049575751372
1355,199.45068026584727
1356,200.8086708319048
1357,198.84187206247577
1358,188.34429586587663
1359,245.39123287650497
1360,185.95252678763677
1361,198.72935211257928
1362,-72.82736453136258
1363,167.42307501148284
1364,192.6044416816326
1365,203.05740444909583
1366,209.63651695180894
1367,245.88179959862674
1368,84.70382090721186
1369,-242.45430925801588
1370,179.21956440153366
1371,4.597313992485326
1372,178.43927524697853
1373,71.6720273315242
1374,264.78647970309515
1375,153.28494050099886
1376,208.97971658858586
1377,197.77217234063568
1378,200.46570764769956
1379,289.5074762673609
1380,198.17021488346478
1381,180.49406893161574
1382,241.54832365528705
1383,195.34710706933816
1384,192.8868129530486
1385,171.24867553238266
1386,272.28092206680594
1387,266.9810841667274
1388,201.28282657554325
1389,229.5469310169215
1390,-61.63840714315255
1391,-306.4242777727659
1392,183.59870084956913
1393,-344.8738931767831
1394,172.29439033286653
1395,212.0505652200507
1396,201.85774849283405
1397,187.8217438324874
1398,163.8498543051552
1399,233.23402668659674
1400,-47.79064367118513
1401,225.33306037281767
1402,174.3180616085071
1403,198.32319124708465
1404,-195.53611263569672
1405,245.51217481171076
1406,-63.31475142593095
1407,194.4954133541762
1408,203.8130158214499
1409,176.2975985682158
1410,184.11964433565205
1411,165.8154144112179
1412,207.54770889200552
1413,177.8375675027559
1414,167.7560273804267
1415,206.29820681130894
1416,60.20459966676204
1417,172.45539907752243
1418,175.27758852657385
1419,184.11060799125275
1420,253.342936122832
1421,217.30247641434158
1422,159.3256538462869
1423,167.25757580819987
1424,207.09338738587468
1425,187.69636867530988
1426,211.32918122023096
1427,180.84746271507373
1428,164.59770113451646
1429,193.33851810300558
1430,277.7172013878388
1431,143.8308382829075
1432,153.87628290232254
1433,154.79729725373826
1434,117.79056366223173
1435,-29.70144852141539
1436,222.11120221706983
1437,152.30694286397568
1438,135.41221294914465
1439,148.61670902270382
1440,121.62732572331495
1441,-27.185952464152365
1442,166.79002445543892
1443,-80.72660554336395
1444,72.66700478106749
1445,90.37251635769543
1446,226.1195132309438
1447,-54.67727718665539
1448,194.2751593117321
1449,181.35511333191988
1450,152.123893044478
1451,136.8607647610793
1452,180.9477119859032
1453,272.88467394750614
1454,113.92523904832518
1455,184.2182261489911
1456,205.3839008515218
1457,-42.59702101709744
1458,289.12322771074594
1459,246.31533525432448
1460,140.33314362933055
1461,201.0537153667417
1462,163.49835583529656
1463,126.4035083360388
1464,-46.4668514501566
1465,265.9406974840594
1466,-18.09254130982996
1467,-19.38305221829846
1468,15.621307404211079
1469,206.07429531311467
1470,141.76908450553464
1471,189.09799884269103
1472,131.90675202161046
1473,39.23287852528491
1474,275.680079888632
1475,33.67246163822122
1476,-7.1618029171046
1477,193.64428810440052
1478,-28.707070320689997
1479,171.88998700775727
1480,219.1013138200152
1481,261.0324484419759
1482,250.6657532300842
1483,30.11625621826946
1484,214.83094386649256
1485,169.10653755923812
1486,187.48369689912641
1487,32.55006868794677
1488,160.1323755139781
1489,238.94621870671762
1490,194.15782833710608
1491,189.6858853929761
1492,181.5703156866399
1493,174.55621255653796
1494,261.2202265677051
1495,257.7015943399043
1496,262.4715853704571
1497,167.81978148893592
1498,154.07069031791465
1499,139.31506909286108
1500,176.10395194427812
1501,226.40625254857528
1502,160.9530909319633
1503,199.16518896267823
1504,168.15187614508463
1505,178.09329566922958
1506,181.02175105071274
1507,173.2595245308048
1508,250.26406956461724
1509,248.42410162350458
1510,211.14769450523804
1511,235.86599138779604
1512,250.2759638317649
1513,239.66329211655008
1514,248.55934057174494
1515,203.99287179755152
1516,189.95597067262963
1517,204.37040742585475
1518,214.9721790063067
1519,252.48514827559626
1520,189.05298159627205
1521,208.29168785423997
1522,208.72971886546688
1523,215.93967105626024
1524,211.7841708083714
1525,208.13222483465046
1526,212.369028215679
1527,214.09981908553067
1528,192.6841763576245
1529,84.53202447981134
1530,211.14204080511865
1531,194.45830572813327
1532,214.03844430567585
1533,192.29026808295396
1534,207.43914186774992
1535,202.8309633711365
1536,244.30627080605134
1537,230.15653416277053
1538,181.4372868836105
1539,214.41162556585135
1540,200.2573116316999
1541,185.98521807868087
1542,244.92382724184804
1543,227.68544544675524
1544,167.71076315180034
1545,230.24649999120214
1546,238.1529553775828
1547,223.80194199950716
1548,190.16679299181823
1549,202.3849065873415
1550,188.84764898477596
1551,210.25238253619344
1552,258.57642851282117
1553,211.1419176920891
1554,214.51897835885944
1555,232.26700996923466
1556,256.28155820028985
1557,198.97478729311484
1558,204.24269161884965
1559,261.98167666407306
1560,167.25336773752082
1561,218.08874134242043
1562,215.10004492004288
1563,222.44869013259105
1564,206.32482908412484
1565,236.55522999085454
1566,243.3777882311889
1567,251.31424875076576
1568,211.32704293807234
1569,205.2106535215271
1570,223.44661076571984
1571,225.6429214844606
1572,207.53455751714307
1573,202.3094826271372
1574,215.61091932490268
1575,255.14822291009924
1576,224.73836061577342
1577,266.0173656014074
1578,238.02049629897874
1579,225.2057412833155
1580,268.1229812685325
1581,257.5522318353421
1582,224.44844080014695
1583,231.33440430927055
1584,237.66894051303348
1585,238.3043384114093
1586,271.00619007307483
1587,203.60408781285088
1588,261.6915657778617
1589,203.58649587643083
1590,218.78620753600956
1591,209.43207349856755
1592,216.76005140661184
1593,257.13093807420887
1594,220.37703755520786
1595,214.92405783393116
1596,214.58315232408
1597,291.71598481989315
1598,260.6332687665261
1599,252.13613821472072
1600,237.79248157526416
1601,204.74761890199142
1602,202.07145998891167
1603,250.27285690863872
1604,213.25966716832593
1605,238.637291427798
