,0
0,-106.81224649440456
1,-225.38246767016813
2,-137.58657528156402
3,-90.48693552574073
4,-130.76757253806565
5,-279.9384269846485
6,-259.11070337819126
7,-291.20692794378215
8,-167.46360885857885
9,-137.72072958399463
10,-71.4365261427999
11,-179.3516290421307
12,-296.8154509125244
13,-105.15365548765048
14,-266.7625048538547
15,-357.03803066730444
16,-6.110941080821419
17,-189.26412588942003
18,-97.8417777510374
19,-177.02021762793544
20,-122.66286117296798
21,-116.97291229753714
22,-498.0786315260624
23,-105.58457050875693
24,-59.39436228547043
25,-66.73279395917234
26,-303.29416301015436
27,-254.62063398506115
28,-38.77909989470072
29,-259.59341888743126
30,-274.3810302149232
31,-83.23416125466056
32,-309.9723648175088
33,-93.78363607262847
34,-220.57251850762879
35,-293.22039032906673
36,-56.058837827035106
37,-185.1353062966071
38,-93.84601032050674
39,-211.41099485866417
40,-234.466749582601
41,-211.52539693476842
42,-252.24529213848467
43,-50.540388618992225
44,-150.90402159235248
45,-278.73988472735454
46,-414.43955747576894
47,-199.22285129512204
48,-234.44715409210514
49,-314.66654143530917
50,-387.7918260587655
51,-294.9056665319643
52,-85.0099237863765
53,-87.89387373053393
54,-97.11646335933084
55,-110.31775632800255
56,-166.56372566421066
57,-105.26105989949595
58,-255.9439895641066
59,-81.79105143623352
60,-242.87197097196275
61,-96.8285864357582
62,-224.4965203626025
63,-79.84464947721742
64,-100.69957584229964
65,-203.76265150095554
66,-51.63038840537717
67,-78.41546639551099
68,-24.140032961083335
69,-145.9183131236839
70,-205.833684824091
71,-190.1685633022191
72,-68.68322839413965
73,-42.55404376781621
74,-223.8059348577295
75,-399.90038091118373
76,-131.58478352771112
77,-85.5012033804722
78,-248.28004609338421
79,-337.1272699994796
80,-41.05455598229757
81,-223.14651305195684
82,-188.00882013381752
83,-82.40404242288051
84,-99.97811640874123
85,-69.34409125667464
86,-165.28644282606254
87,-37.70959219241172
88,-259.7941372901337
89,-40.07115174879855
90,-78.64988870899461
91,-46.905557107037055
92,-132.37357327335548
93,-190.48494222828214
94,-110.13161218946871
95,-70.74552912470206
96,-75.78908146360436
97,-109.25663154250103
98,-71.73491914936591
99,-429.05101167018194
100,-282.2278795076465
101,-173.07460030860676
102,-34.61076967226353
103,-3.7478759827316708
104,-329.76561218595833
105,-226.67927670709634
106,21.414543202386568
107,46.86963489661753
108,-112.82263707790129
109,-217.40172709215256
110,-190.07389914300958
111,-131.8270260602136
112,17.267838186044543
113,-255.84857281967078
114,-311.02563219655406
115,-34.363070495748914
116,-77.95229835026585
117,-193.19207004206152
118,-80.66767739777663
119,-137.23274291977512
120,-79.12098933592588
121,-88.72853899499555
122,-117.1504205694497
123,16.98537654458778
124,-47.43462054527908
125,-66.20865218578494
126,-65.72178808551215
127,-81.64475544960342
128,-77.46627590464693
129,7.212439069556321
130,24.75319761205805
131,-16.341695287801727
132,-13.351926610475065
133,-53.80931137195833
134,-20.85713139975042
135,-47.40953881002905
136,-86.91946373701823
137,-17.50646164156741
138,-47.675042444358034
139,-30.858455262685847
140,-32.5021325540489
141,-120.90738510862508
142,-87.2062380882214
143,-52.58989155733923
144,-17.69228300299591
145,-7.6173271600520405
146,-13.212264327936342
147,-75.15864854450119
148,1.7865935808914737
149,210.83377367160543
150,-55.42055074550458
151,-1.9916379161466031
152,-35.51331673821427
153,7.065546671849718
154,-48.198404679501095
155,-50.315293825449125
156,-16.737339966177718
157,-38.24870813707738
158,223.5497168850625
159,-32.027184878948155
160,-59.00774915196922
161,-75.09655578729358
162,-47.69386120054787
163,-46.81933453580256
164,12.526320527825156
165,-32.79721151749952
166,-78.76068044112343
167,-39.42931749342563
168,-6.862077242069172
169,-25.49957519309514
170,-33.2707376488759
171,-41.47321675746474
172,-35.72923916120771
173,-64.16726925304508
174,-24.150995294567377
175,-59.41348040331844
176,-111.52395242621695
177,-45.38100663534702
178,-80.96968210590457
179,-67.2130902989451
180,-27.454394446234367
181,-73.62364284674821
182,-170.2240409294218
183,-128.10189952016168
184,-75.21066292590682
185,-54.85296878417827
186,-58.99331685989561
187,-7.639354982424831
188,-41.44386215379528
189,-49.34353986845779
190,-48.80152669232119
191,-67.65417695507124
192,-16.65706877141348
193,-113.03269423549426
194,-265.02905324280965
195,-41.83129751412985
196,-57.44906110282015
197,-72.01046792679041
198,-84.27771866005368
199,-52.59221937643978
200,-38.81472013361937
201,-22.10369195813317
202,-51.920121844679734
203,-115.05431006303415
204,-56.107878725248156
205,-24.83231786681429
206,-72.19289927107224
207,-74.84718723388448
208,-64.48573231883178
209,-34.07113854749856
210,-87.68942196002753
211,-83.41924747412352
212,-76.54072921805177
213,-79.09859183246793
214,-19.189810794008437
215,-93.2417533178873
216,-56.79954890481875
217,-60.54418930741368
218,-59.13337927540421
219,-44.202927656842505
220,-37.962366254409076
221,-59.488880595698525
222,-77.23209641407357
223,-52.54484827149894
224,-51.62023956516504
225,-40.02335660541426
226,-52.16950904566085
227,-43.216019061140216
228,-22.57734225551134
229,-69.37222263336463
230,-37.69578190090475
231,-56.872341880228504
232,-23.152523271775244
233,-10.39078052579432
234,-21.569746269418573
235,-45.75232076267501
236,-76.30252515576403
237,-3.050675300380476
238,-36.11588426696686
239,-51.10655328797505
240,-23.88091750341725
241,-7.760455527337238
242,-69.52316400720063
243,-42.29139907475968
244,-52.11696775190876
245,-18.892628559267383
246,-17.67043900412124
247,-4.805908740545667
248,-36.13202744445061
249,-32.3030482847551
250,-23.964180131701767
251,-37.395613135273294
252,-55.278787889304255
253,23.623420092574108
254,-43.75341485948165
255,-57.913972478481156
256,-25.531495551942694
257,26.82383799688666
258,-47.21613008055788
259,-5.036972390866747
260,-175.8225648704103
261,-13.168430644086882
262,-11.431746059267612
263,-38.9411712031506
264,-34.66484374357789
265,-31.117040485563518
266,-12.647716525370601
267,-15.979606006276665
268,-48.15645876187661
269,-16.189739835921564
270,-9.273010192750549
271,-53.38029441898464
272,-35.24659352653149
273,-10.398543424679179
274,-2.753848531575624
275,-51.51096966632019
276,-22.177648923425284
277,-78.81612980367538
278,-89.42572186882506
279,-71.88599430686128
280,-18.557164064828736
281,-42.65471520070342
282,-45.233054760678975
283,-44.76680444811606
284,-65.5972368497256
285,-62.41135643352627
286,-37.39783965452597
287,-71.61083714055432
288,-43.943605389788765
289,-39.245940072368015
290,-42.92988151791476
291,-47.991550196530916
292,-43.26412370113535
293,-68.5380389622474
294,-59.78875649052057
295,-40.15453869512393
296,-134.82033483999754
297,-41.7846453455952
298,-2.674970818180121
299,-128.385054331535
300,-23.099875193422683
301,-6.6523010496551755
302,-43.640169734006854
303,-76.51069245494078
304,-87.54925623758528
305,-12.577931447318162
306,-43.309205458529554
307,8.775507277291243
308,-22.927345622918708
309,-32.44703684592134
310,-42.30429115638894
311,-38.65021564521784
312,-62.86572587604474
313,-70.73502749452567
314,-80.78402059211466
315,-116.83396547597548
316,-36.73111660219596
317,-14.29178084709853
318,-45.663674340466706
319,-42.495296080367424
320,-47.641096725787634
321,-67.02214122607833
322,-27.88482946061925
323,-30.49535433009334
324,-37.89724947277386
325,-14.12349978063238
326,-92.8856654906807
327,4.844893296869438
328,-15.029499212739026
329,-59.33698209361171
330,-57.614125365633285
331,-23.685823822004465
332,-32.58905853490238
333,-67.66887276041643
334,-4.4555610350261
335,194.77720478232493
336,-38.339406782555905
337,-12.73710573482544
338,-14.585991146753399
339,-17.557587047650934
340,10.084016140435468
341,-29.20479816625505
342,-16.35833291155018
343,-17.738017688362905
344,25.90161851125908
345,-31.74327770033169
346,-31.456957068702923
347,-25.964728010869308
348,-14.247059079614921
349,-33.748856896266375
350,-4.2706151068026506
351,18.6088654896167
352,16.624724521628718
353,-43.05864257318291
354,2.4148512530133415
355,-22.344100800187245
356,-26.34454212049487
357,-28.89254302978566
358,-9.36538888240756
359,7.875666409634033
360,14.925170741341763
361,-32.721216076805604
362,21.81223678463375
363,19.132272007276
364,-74.43834580218451
365,-11.756133314667075
366,24.245645709938508
367,21.013330428885546
368,15.670640938964656
369,-24.759625665370272
370,-44.19576824005839
371,-5.270940029317515
372,-47.51170068801511
373,-18.760617739161738
374,6.673403544853113
375,-10.982147224330648
376,-2.1157054713888854
377,-4.013177687090555
378,8.985881357235042
379,-27.702926045941915
380,-49.333065187570625
381,-35.81710139091692
382,-9.194902971903785
383,-25.458434153626328
384,-9.553249053796737
385,-14.466601750605959
386,34.73952474288455
387,-56.346493539963575
388,-5.183798168749817
389,2.2852632398565835
390,12.789255550395675
391,-23.24463822479706
392,-38.22420438287805
393,-14.574376507296442
394,-22.156742402534622
395,-14.257600039517143
396,-5.818810609349503
397,-28.37251697894858
398,15.475045975131442
399,18.690855667208382
400,-27.560986679505103
401,-20.658069356357597
402,6.806477910404107
403,11.157109334576354
404,18.157478699461198
405,21.489987378582587
406,-43.84592152475758
407,-49.531399027184044
408,5.081053665267489
409,-36.61126858449564
410,-19.860255484578605
411,24.65506346570058
412,3.8515528032426305
413,-43.849093746721444
414,-21.919709678490538
415,-48.23818035750407
416,-13.896129829079637
417,5.4918453194186325
418,195.87658751447353
419,142.89328754983384
420,18.21447918889113
421,-34.04920512064024
422,-16.2233297657959
423,-31.14762353065497
424,229.95400122850572
425,-20.90321096146262
426,168.21324559468638
427,-4.481292589526175
428,-48.33500978314803
429,214.41744456229713
430,194.60366947459278
431,227.8927688137791
432,-22.4743016955711
433,-37.9466932403101
434,57.68077799662258
435,-51.648108270920986
436,-10.483648297670962
437,-39.34833099532427
438,31.202025492373405
439,8.216456764962963
440,-48.368795708647546
441,-34.71311682308621
442,37.878488365057585
443,192.44138527788286
444,-59.88427825656949
445,145.23776408676443
446,194.9634280677632
447,207.8080940658137
448,173.16829249968987
449,187.6199688004722
450,191.1555234038561
451,201.60732740181214
452,-52.727915101300326
453,192.4863744776925
454,-17.455926629241254
455,-11.451771517560768
456,210.57386537587672
457,-51.16639979057849
458,166.69649774447055
459,161.94195630575146
460,-9.545500498111661
461,204.97381379592207
462,136.5930853900547
463,132.05716588859585
464,188.02101486068426
465,164.49879219799303
466,-18.60668082453779
467,148.37556597180927
468,142.7892483174692
469,143.6357995485909
470,215.20582595483688
471,178.1049278964216
472,168.05783450948826
473,263.20951488313244
474,-7.734070372304127
475,151.958373711983
476,216.30357199205795
477,93.33424383051943
478,-140.12968562488965
479,-60.45106852006614
480,189.5431469249629
481,-7.3796767968456916
482,256.1438999756592
483,187.93882607192924
484,192.31685855657742
485,161.09409904516878
486,-4.0813786998892425
487,-33.75890446333956
488,197.87765110053954
489,147.656807751499
490,178.3518450362009
491,254.93081131896255
492,111.94389549629052
493,261.26768469654724
494,225.4820504703564
495,245.33979152987752
496,112.6543808666906
497,238.09207680253093
498,150.5889303218189
499,195.38485327499376
500,200.03856847752024
501,99.55054438477259
502,223.70235132130674
503,232.11066911474657
504,150.09289980371497
505,159.89469756802043
506,158.89069897232025
507,202.2963566139847
508,-55.50379800858978
509,299.07162984504714
510,205.8064227962208
511,-74.31832678733917
512,-71.59799396641738
513,-62.69166726447545
514,239.48570017158892
515,212.1207793955
516,194.40889122626376
517,76.64894406344777
518,226.5993896527623
519,161.51411108565037
520,232.94308174625078
521,192.60642551246139
522,248.83429310401266
523,17.744002487936996
524,218.353298561155
525,-75.73688717992681
526,28.95188923356983
527,221.98725206002126
528,-91.97594891936176
529,235.40162214295833
530,210.30762071081088
531,198.15278859214723
532,-50.617044299795566
533,-52.6724673787929
534,186.2848182921402
535,240.48019309680677
536,78.8386175303681
537,-35.54551435296189
538,189.9449258198992
539,-45.93133500552176
540,-85.39338911159102
541,-66.79996620672699
542,275.7060334417914
543,70.27371740759355
544,129.73055560957656
545,109.01911863680405
546,25.494823542569335
547,-32.07415863446015
548,-73.56077419524034
549,216.54782743120344
550,222.05911613831398
551,173.2039784735041
552,-89.74159937791427
553,239.7271458103709
554,160.71677180897336
555,-56.31662949459771
556,-141.72423130310972
557,229.00145603882498
558,168.0245973216739
559,-33.9361042680886
560,-46.429975472423884
561,217.52416496206547
562,-5.461000183071874
563,197.77233738683623
564,156.33408165455964
565,-220.2744184885201
566,-40.29334096284802
567,178.6733010455894
568,146.30474826712725
569,-59.054772006775906
570,-20.495993648287907
571,213.63688453194325
572,220.4288951273491
573,163.39378312934883
574,236.13732067966367
575,168.78436246881986
576,-59.55450990243642
577,-17.519898791838642
578,-75.94370220586069
579,-73.4143815571641
580,-41.28659065240336
581,-11.736492247532311
582,-49.96034122186707
583,21.318666481102056
584,13.66623124353508
585,170.7003690709573
586,-6.310868875809206
587,224.80294624645003
588,-63.04944892315819
589,271.82384085562416
590,0.8335634058785502
591,-126.42723617222777
592,215.09023956127612
593,-59.68233173119914
594,-12.171878847859176
595,254.85965037821396
596,-45.120181555183336
597,-18.733788971317793
598,-110.80858074626511
599,-68.64459278027766
600,-55.30429627358779
601,156.17157692139824
602,-56.94957406066662
603,-74.76875614570912
604,278.1480997042946
605,-71.27070895566291
606,-59.8810808430224
607,-35.54162098813788
608,37.23276228998171
609,258.38076177337683
610,-69.54276849168897
611,156.2761962320737
612,-38.244720127004555
613,-34.34901137153743
614,-62.92781757398092
615,-36.08500753419118
616,8.897925167659366
617,-110.5177254031426
618,210.7880408606814
619,186.02876487543625
620,-47.74535726003219
621,228.83339720009434
622,-44.007121816663826
623,-14.290390336777179
624,198.87885977701163
625,-84.88990089239024
626,134.19039775122272
627,206.76184741198725
628,-60.013063807802496
629,231.80438957283266
630,-28.195907404427942
631,235.10665737180884
632,-45.421100779675456
633,-57.29958492355188
634,-65.72062014126935
635,170.8253471706275
636,-38.07337514016508
637,187.24588810549545
638,266.2548066907323
639,179.40767894286134
640,197.5265471632968
641,-35.71231248764764
642,-16.54494439691878
643,-36.94269115199597
644,194.72509704650867
645,198.3145509089813
646,193.68627769713666
647,226.16546068852546
648,105.43025578863278
649,252.26308055008863
650,152.14704853535326
651,20.790123850632256
652,195.05688671106014
653,-14.036904828691519
654,141.47039759520837
655,153.66336886199514
656,213.19133905009775
657,51.25963449621865
658,225.19559013934898
659,168.70532981242914
660,215.81997296571024
661,-33.59430492211422
662,192.5939664389125
663,166.66040262103866
664,186.21419381384015
665,211.75010741826293
666,194.36691945857527
667,155.64746963350785
668,246.07554510171434
669,176.94410482795848
670,263.0774118228489
671,164.2633427338646
672,207.2654559272658
673,228.6108270554032
674,261.0991040367526
675,-64.21540658203858
676,258.74777751362933
677,229.81013849174934
678,186.50540759632614
679,238.13182983196248
680,216.80801457617508
681,209.32471596653008
682,214.69781480032012
683,209.8754343650425
684,257.15939265785704
685,188.99793131066332
686,181.9679216516418
687,180.11038477339554
688,226.72145419900033
689,241.7256301993075
690,183.7299125318413
691,212.22096806146214
692,255.8441750343077
693,195.40040960312837
694,217.42628744545044
695,141.6318809375321
696,231.80079124518028
697,204.3023778445008
698,203.71993464645232
699,245.83962650308357
700,202.9312349053827
701,150.65054168586317
702,147.633207439978
703,181.4175120141328
704,241.12079385647144
705,177.91375787643565
706,252.63657858073216
707,188.11321905791743
708,193.62042970923676
709,229.1268240012897
710,104.29198499048678
711,-67.46172930445093
712,35.0075663749396
713,176.52570136878703
714,253.195509741146
715,217.70876452577073
716,170.140863992844
717,208.99537475906658
718,188.36426342771475
719,228.8913772257917
720,199.88542739421717
721,220.6319292931612
722,215.625432620803
723,17.875167216706988
724,200.60728952676777
725,212.67174950013157
726,220.91833573827313
727,117.34339014138277
728,242.50752424887077
729,36.0637425870155
730,122.58476459091256
731,225.884677274411
732,201.42975971854878
733,223.14371904988715
734,240.40861842837356
735,178.5637378801832
736,221.11744936336603
737,204.02482925945333
738,204.48166984785257
739,243.64139672063553
740,208.47845549455425
741,146.7480483759398
742,20.433737029929
743,151.7600592980565
744,224.3403670738779
745,151.9645740001211
746,207.06924979602525
747,230.39172583904286
748,242.34869293786267
749,139.33431554417353
750,261.66938771194214
751,174.66797017585077
752,178.22262524726085
753,184.10660895227417
754,234.88350808917886
755,269.6927774110882
756,163.0719579749193
757,260.87403850672223
758,206.64769205476063
759,237.43902673710468
760,262.92770076542973
761,182.37338926091718
762,202.051538900072
763,170.838816786782
764,223.7246826249479
765,209.42989655310512
766,196.7622218498051
767,191.0452046915215
768,167.3319566337874
769,194.13609859499365
770,167.2335588348928
771,233.04904391864042
772,195.6020715491033
773,237.2983731199535
774,-268.381803347453
775,204.45326461777384
776,272.31913518269823
777,220.95513837643415
778,240.3670013112441
779,257.76624888756817
780,197.67581848222136
781,239.0897763256783
782,226.2617264133354
783,270.1329816957767
784,257.85963369056765
785,247.82918447809678
786,143.57626931387983
787,176.25236984788933
788,-114.10472163410914
789,194.86026820045527
790,208.6682858000709
791,237.090104988888
792,175.0991104698173
793,204.03817770977878
794,141.81097014194984
795,183.70668546742377
796,174.3780325508738
797,229.20572002010354
798,183.89182743419042
799,119.83335608953844
800,228.31358068700672
801,214.99439237768718
802,252.94495988203724
803,196.98703906643993
804,181.84837356294065
805,226.22357912447086
806,-256.3533697389432
807,9.022466172447182
808,217.28930738769907
809,145.05937803771974
810,216.42752423418244
811,209.0177183782448
812,202.00887738828146
813,258.17573508985294
814,241.25065762013034
815,241.82683108410993
816,269.52420019061856
817,179.93710267745251
818,227.07849082230635
819,219.60020160810586
820,262.04745075829015
821,239.3388824427122
822,-19.39959850786927
823,256.0062487912128
824,-64.53579688300334
825,194.68940862437944
826,208.0351805931948
827,187.25643947928296
828,206.20203213808514
829,193.13117364038885
830,168.09919821880473
831,223.94108394204056
832,-61.246377202475784
833,248.3957337930754
834,169.99262817346988
835,116.38541158870517
836,279.3202107516661
837,24.49114481253264
838,242.45575860862485
839,121.91917790733572
840,205.65900572025117
841,220.08209541028242
842,217.26804275628163
843,194.9334601113503
844,214.9844072232436
845,221.74226871761596
846,187.40511515541561
847,186.5669858030379
848,172.3651570580821
849,255.80107982448766
850,158.21358438288902
851,270.62632025531184
852,118.05271195907945
853,282.28674507275593
854,131.45388408823817
855,271.2293630804124
856,84.31693420854388
857,204.1770190115745
858,266.0079348768355
859,153.9449780311498
860,136.2539500586832
861,201.1143423699142
862,183.22559105481045
863,104.91839098112095
864,141.47095252374797
865,170.53277903515828
866,95.75624127291792
867,198.3064112605142
868,103.24771926576304
869,109.3930796569644
870,272.0410677127044
871,139.52205357692696
872,169.3150842813498
873,-101.04538592440079
874,99.75222350610024
875,266.1705334612493
876,272.5436894496786
877,139.39565157052192
878,210.81507732409
879,266.347863869982
880,236.45596097974027
881,148.44270374782647
882,-2.894394788162856
883,142.09388791091075
884,62.83016808456232
885,203.82044374518003
886,222.30075227404637
887,-69.27109301706474
888,166.562634566386
889,200.23220441728108
890,243.11146435802445
891,225.23266417290566
892,185.61274332246657
893,159.74189768013588
894,253.60529842634506
895,121.86892298048726
896,271.5568021392905
897,211.09064357787602
898,245.82767769455495
899,149.37169226132332
900,154.826299555836
901,138.30516990479066
902,60.49783807419652
903,-34.164773988083624
904,-5.37492778461467
905,-56.209142118734896
906,-46.6534813464842
907,106.52308647723898
908,82.77504418694697
909,111.25400681128849
910,156.15263925154363
911,266.9760193012638
912,251.17528598386394
913,193.5337588828088
914,112.60811324150019
915,110.94302339081935
916,140.63068722031196
917,-87.17158486847721
918,275.9180381100548
919,271.58841918735635
920,232.68332195203683
921,173.535126864044
922,194.6408400687439
923,19.422522679661668
924,248.18875267649594
925,243.30824920101801
926,245.3207365185868
927,143.26831106294424
928,66.78280470752577
929,139.1960431106916
930,122.0886105108964
931,117.79047671354057
932,-13.132144826656216
933,180.83246891956531
934,-78.2931246143605
935,228.32159232180084
936,201.21639083375067
937,236.53077402236883
938,146.74477876515584
939,161.57657767091976
940,221.0423566652093
941,238.3094440024754
942,-14.175950048097846
943,200.532891978782
944,235.19423116205627
945,198.84664836450702
946,252.81318053113984
947,209.86333486073465
948,232.40520740444424
949,156.56701064954262
950,239.73338430883587
951,220.788040088122
952,287.1990536046933
953,270.70998792615285
954,225.39228457401276
955,196.0917935293844
956,253.25267882014325
957,239.28855538353594
958,87.61465935215541
959,263.27111150278415
960,266.1758103140868
961,277.0778615973008
962,261.1921995345042
963,250.76657254619406
964,240.92952727612368
965,202.00314472244787
966,253.74777294742805
967,200.6352918153488
968,268.7360140335711
969,270.5773231330369
970,236.50040930416458
971,264.60879371614914
972,232.5134638239369
973,258.91615825398884
974,258.0976771704243
975,256.1181870838105
976,245.9578258334736
977,228.9088872686366
978,231.87874157944657
979,201.81361054724783
980,289.25718348171205
981,240.98913246266957
982,232.71632838230346
983,223.97302970771113
984,226.8996624588228
985,266.59415092032185
986,259.819850823959
987,268.0187301412785
988,258.0938146185342
989,177.2085704631674
990,202.7913038148134
991,202.78489936676897
992,263.6139337011104
993,274.40360405171657
994,225.0859491260037
995,260.2644819057658
996,249.3073202137013
997,238.18054552615465
998,249.91227477524046
999,254.90512337716422
1000,282.1655071421445
1001,281.361521879993
1002,214.2482005486767
1003,250.17878869000776
1004,250.41959773575803
1005,246.75793621548627
1006,264.83987529363117
1007,275.190048851823
1008,220.47185212018934
1009,247.78288028383986
1010,254.01241253034576
1011,241.43223076198004
1012,266.41259560143646
1013,275.1506270632734
1014,223.05176675768132
1015,147.19521290854667
1016,247.16016229127422
1017,249.6978368259603
1018,236.30512108034873
1019,174.24625527690185
1020,275.5431207938219
1021,275.8321650629373
1022,273.4957057786381
