0,-199.64592065063763
1,-289.04334086053154
2,-120.22718761084143
3,-187.52936728402392
4,-152.55763306934267
5,-71.13685124132557
6,-248.05158736999837
7,-130.42207414701366
8,-401.72122871623526
9,-62.85898910355315
10,-378.54121481097775
11,-319.6147982623569
12,-135.65647574974645
13,-84.49725926067661
14,-127.89558151611395
15,-165.86554250428287
16,-233.6841404682676
17,-79.33894442423173
18,-96.99023799822125
19,-326.4586488003805
20,-208.33964059854927
21,-320.25780074429304
22,-87.21981714896216
23,-332.7881990833046
24,-68.93350948146039
25,-65.61420948428612
26,-293.56028769971806
27,17.153056103130254
28,-118.03476451460057
29,-138.56094361848818
30,-85.68494302895655
31,-90.08483351122176
32,-60.24585613200226
33,-169.31422270150324
34,-56.54400884388683
35,-119.74662014916242
36,-192.93536733149713
37,-69.73943920348103
38,-225.1949749150103
39,-70.82671704360237
40,-20.550221085153055
41,-205.09750181003358
42,-338.63868578975337
43,-215.60435945003837
44,-145.37995168287006
45,-70.38304763782943
46,-440.8301815988481
47,-168.66369487191474
48,-114.70307388432904
49,-52.13494439272502
50,-198.50315220969915
51,-95.89649678437209
52,-172.36624466090962
53,-269.0623186550031
54,-122.7792007767823
55,-89.48804466380241
56,-150.32669183578895
57,-189.82340442552413
58,-67.42729178215292
59,-72.55175362414829
60,-273.7344765999777
61,-30.757846830228488
62,-101.20043099398872
63,-38.795422680457875
64,-136.2486108190952
65,-176.09899691352814
66,-286.7370474542613
67,-72.4600261714996
68,-310.93191175905775
69,-182.26603094657918
70,-79.01875499418985
71,-143.9186457646034
72,-377.95383899467305
73,-272.82016081636687
74,-76.99640062812895
75,-302.7686561424724
76,-51.5096853516426
77,-180.13446994156456
78,-250.66012219192956
79,-105.03364308812294
80,-247.45218768538035
81,-24.64123240512777
82,-86.40288293447553
83,-200.4297960807674
84,-46.43871459096077
85,-39.86942502801022
86,7.312573657348941
87,-47.871585978595824
88,22.102451437350116
89,8.518018681636288
90,-30.408049998815496
91,-35.8759395172919
92,-58.767799554493706
93,38.2758685048693
94,-4.169117929614655
95,-8.070037469359336
96,-64.07624660888149
97,105.96375262840526
98,-35.584122291630976
99,-65.08392621630009
100,6.598610028823412
101,-18.90521003468896
102,-68.661834126938
103,-18.46282562172943
104,-90.85873301993479
105,-30.853302581747982
106,-18.516379246425572
107,-11.64056717073801
108,-27.9597293418322
109,-79.45260458750377
110,-20.537905693902204
111,-240.43229156522017
112,-172.43823583580564
113,-104.96314076016614
114,-420.4846487922571
115,-16.821968333543083
116,-17.314050321971408
117,-43.24887050960508
118,-182.6814577421547
119,-49.507471058592984
120,-17.43185093244722
121,7.863338210741126
122,5.02901858047563
123,11.096441490576543
124,-49.13405821903603
125,-7.995425728908501
126,-72.0111572183928
127,-49.756281466721106
128,9.757434129286061
129,-0.8611350781314755
130,6.52023481710733
131,6.154357922905538
132,12.42297630787741
133,-32.14647624177955
134,13.557917408129608
135,-32.345432920278014
136,-10.338736037285843
137,-57.88160977280203
138,2.2304655163503355
139,-127.6403588084212
140,-52.17449952708803
141,-23.169603049654587
142,-2.078086374908973
143,19.165411008140953
144,-86.4826277099659
145,150.8977569148193
146,29.696959709473564
147,-34.12464114719364
148,-144.41408152766695
149,-33.14404705929624
150,-121.3293416699023
151,-66.51003818845844
152,-102.98882519481104
153,-165.39134977235818
154,-79.76234955027742
155,-139.51967917881635
156,-165.48134642731287
157,-315.94213650723066
158,-163.27772752324688
159,-92.23068110996041
160,-104.7198022735315
161,-101.31104841164269
162,-40.50712758525385
163,-90.37176103221964
164,-376.79875609734836
165,-370.57021226264516
166,-136.15096487315813
167,135.79619200137196
168,-15.594713303730508
169,-44.15108834995841
170,8.259995809773613
171,-179.58362103932328
172,-41.322259982555195
173,-1.4229848872738844
174,-6.627222242330242
175,209.88810947404698
176,83.65877705996563
177,-41.14914811928398
178,-66.28608118379638
179,-36.17985828874934
180,174.29702643825058
181,-20.538612065874403
182,-44.17288876652574
183,0.27608874913134196
184,-33.11327279969168
185,-50.949702695324035
186,-33.6510774851475
187,-82.61875458325636
188,168.53412607461266
189,-87.5267691338949
190,-20.63194704471261
191,-21.944630598502336
192,-97.14593528708757
193,-30.818559085010445
194,-92.5976666662623
195,-64.74302548182104
196,-86.25259526976212
197,-86.02598239984245
198,-75.56281508607205
199,-61.775970124590806
200,-67.6866740546001
201,-97.2568334998871
202,-113.27536018654038
203,-215.86450607817244
204,-59.87690390045167
205,-165.5716223630168
206,-36.71214783771342
207,-153.47390851144763
208,-116.51528022630316
209,-27.140300171779362
210,-184.70047645384375
211,-18.334793131734695
212,-26.18726106314413
213,-44.391766906231254
214,-37.11876171873926
215,-90.34880150257841
216,-85.03841066247108
217,-73.47987047098458
218,-70.8637939455757
219,-38.24750011347454
220,-38.60580312107574
221,-95.29522775922794
222,-57.335548667857715
223,-56.467552757226464
224,-2.27767397205459
225,-42.3468352740774
226,-17.3718712449943
227,-51.97095371655182
228,-46.17604541333143
229,-32.785963840478615
230,-9.373842359573368
231,-46.6515707297779
232,-64.94944816031656
233,-51.53723145793377
234,-104.8534082313165
235,-36.593947690657195
236,-41.57488634942213
237,-12.303842797730809
238,-76.25348225301691
239,-85.18339877772267
240,-56.35050018347919
241,-85.75697336591965
242,-39.817944555119574
243,-37.25447217839057
244,-21.023622326655715
245,-82.56619401914274
246,-42.23913689161979
247,-103.88014755640819
248,-33.57124887632899
249,-52.42806737884773
250,-78.15273864017203
251,-51.258961119102494
252,-32.8788294703481
253,-36.18028834571894
254,-181.84780646038553
255,-43.654613781548704
256,-46.2369670619013
257,-29.309924269028915
258,10.786313857390468
259,-44.24928070396343
260,-23.060468065159615
261,-9.530580913434827
262,-28.837726541384473
263,-224.6748682623273
264,-34.08472392523819
265,-44.119442816247116
266,-44.48260953039632
267,-17.511776538039403
268,-53.55736532943207
269,-58.07762047861197
270,-37.772019025484546
271,-45.53518817514367
272,-24.580781634231727
273,-37.19962851074096
274,-14.555193912868209
275,-42.3666849969906
276,-45.265371591907616
277,-13.239615425190205
278,-2.325589317333137
279,-21.242757070379454
280,1.644257752299661
281,-335.76616135287946
282,-5.794811310636099
283,-19.467630356775036
284,-37.07331868855829
285,19.39325768617942
286,-29.204585737323487
287,-4.063845842194579
288,-39.934019183805916
289,-81.38246477370554
290,-47.09452698945664
291,-94.54284573359664
292,-61.28369782494457
293,-2.559268553730817
294,-4.907551036583769
295,-94.83680167417712
296,14.966356434764881
297,-53.42644376721118
298,-61.137155474154916
299,-54.57920145100097
300,-60.94741220672099
301,-45.70238539404795
302,-28.053445921141755
303,0.7360334126493848
304,-49.46520680516953
305,-58.003461810368506
306,-40.875542744536126
307,-108.60880469945059
308,-29.238875266418308
309,-1.8147713904003875
310,-26.488654925715185
311,-63.95025419319959
312,-33.18292722913508
313,-14.427242683334178
314,-21.544442182185662
315,-37.56167900524276
316,-1.6841902872825494
317,-48.68906693257085
318,-186.75433585573975
319,-45.18543497019241
320,-59.99333680825733
321,-23.71089558949811
322,-45.80837524343005
323,-50.33233705887882
324,-18.626480135112185
325,-29.06234557276958
326,-28.568639287737387
327,2.8195578993197294
328,8.36891424803662
329,-70.10405856570569
330,-34.71676766486495
331,-3.617166471809946
332,-75.6955843596999
333,-7.14181825600051
334,-47.04668406527502
335,-47.05436381970828
336,1.5876925946340594
337,-21.5044558752062
338,-54.45739693900334
339,-48.99402854289606
340,-8.588374473264203
341,-32.0450674672338
342,17.39270238500973
343,-5.815898319848727
344,-40.113844458490945
345,-25.69621851452874
346,-42.24821865222179
347,-3.66305791615844
348,-3.736253536993888
349,-19.137538266767685
350,-19.125433198996333
351,-40.056154580959394
352,-41.12269134870163
353,-42.19955949290597
354,-35.190476968773446
355,-36.52720975481108
356,-38.38377415765249
357,-35.138306062905485
358,-24.66628376619771
359,-20.821643278573312
360,-12.895844059901275
361,-62.198607632277124
362,-19.495123296911327
363,-45.185081387721326
364,-42.75467016996555
365,-37.771964760638724
366,-22.85443273091988
367,-29.64193198481275
368,-53.36734395383886
369,-43.38287455173276
370,-51.399480581006415
371,-20.22370367110357
372,-32.10880204774803
373,-8.872310068011796
374,-52.155284480730046
375,-95.99682374294856
376,-30.375972328025867
377,-17.701388965417998
378,-97.16006462205654
379,-34.7359357058432
380,-97.43470041296746
381,-33.77642767832552
382,-76.43566197165703
383,-40.390953631382516
384,-5.126966711819473
385,-9.649782856027569
386,-36.90449310372429
387,-47.849192036960986
388,-81.65684082144826
389,-52.96720512831266
390,-39.20619496259586
391,7.968017679835476
392,-32.20573013718447
393,-0.6169178498938117
394,13.492811380499347
395,-78.80783149586455
396,-18.049822841855907
397,-12.54856843164145
398,-0.48927595313786454
399,-48.20307117254429
400,-39.966170873071526
401,-47.69293155931237
402,5.830959117115775
403,-33.652285083824445
404,-76.47061119781874
405,-2.0953301545689573
406,-5.4933437464733
407,-33.0590652577494
408,9.70131530543479
409,-65.80440207268845
410,11.652434638106763
411,-44.888504339639574
412,-4.39196329987411
413,4.706402131350569
414,-18.168394120596872
415,14.170145666197865
416,-37.15491654148001
417,-10.859412260068563
418,-21.864842713110033
419,8.743520970659198
420,-24.455001096707978
421,-11.615635042022994
422,-27.381862727995887
423,-41.789465310080644
424,-52.969423101114444
425,17.810040162311857
426,-12.5966005690847
427,-17.727723822121288
428,-34.1150167765473
429,-14.322538220893021
430,-21.061594415337865
431,-13.836000611017798
432,-33.91041095738866
433,-64.0068045534938
434,3.7902180213198156
435,-32.678207058411516
436,-10.593236386475787
437,21.98731692050739
438,-35.29267103612512
439,19.775200947229592
440,-19.3142763217675
441,-6.845597577419895
442,-10.168890496803144
443,-50.50753967853183
444,-31.455613081436073
445,-63.62869064853636
446,18.23608156942456
447,-9.249961905294992
448,6.3486072933170155
449,-13.579442248205142
450,5.566650638009207
451,-44.67118196551038
452,-29.502908484723278
453,28.9432830792585
454,0.5666746276494654
455,-16.418797886105747
456,13.835562979743495
457,19.986028420203084
458,-53.321172133513315
459,13.14215708984894
460,-23.7206952160473
461,-5.297949315991859
462,-12.432544817127372
463,-30.464698099471814
464,-14.825009506699713
465,20.34824701606017
466,7.0622907459326925
467,-14.344585232738552
468,1.4853279732470026
469,11.610654777950447
470,30.0261909935828
471,13.703157838046547
472,-30.747384377067487
473,-7.902989599806814
474,-32.23226905924482
475,-24.076985023821724
476,-9.174599118084146
477,-1.3087557175692066
478,-8.575918009580876
479,-18.31250215176037
480,-12.027521506188581
481,-21.945846417629003
482,-4.1533840135391165
483,0.04737702101195884
484,113.31491188308114
485,-1.1993537695428378
486,-114.24958617899225
487,-54.951941878948205
488,-9.917294532110123
489,-77.96090405414394
490,-10.160111437494598
491,-16.537109688368556
492,-31.01635938453687
493,41.90580158134162
494,-150.5446299495323
495,-14.230058124848599
496,2.594200053135303
497,-31.091109772213922
498,33.28324524643632
499,-36.91714681535243
500,-44.412490311192684
501,-6.847413584595668
502,-117.27299660850177
503,100.02112625758488
504,164.20854210499664
505,117.86350938404135
506,225.80874372405606
507,135.96862064831083
508,218.2810760209964
509,174.54147058795752
510,183.0798764793169
511,268.09727433161237
512,39.36250272538564
513,4.8443839262965485
514,192.83499264402
515,198.48142362631688
516,239.17026218611963
517,172.2604524035048
518,11.365319186587925
519,205.20701177032035
520,-69.6890773848072
521,9.544230398318424
522,247.0310505817704
523,52.82307537190284
524,276.27932668570134
525,197.9383643797139
526,188.72665963944905
527,218.83841917621996
528,207.7008193389667
529,230.86890170946722
530,216.85436836070696
531,257.12565887922324
532,261.16356592458135
533,62.107821273794
534,208.7705273517899
535,-94.66339394575208
536,-53.996914461082156
537,308.17326603086553
538,261.5280950151184
539,229.77702135853278
540,213.7983942060299
541,10.587572982308188
542,137.08581401044407
543,-20.514727530105162
544,243.50285951823682
545,232.96914134377843
546,283.7244611433629
547,200.36124895227664
548,252.5883472538568
549,239.725794122011
550,304.3530831423269
551,294.49368790735093
552,278.3012560829645
553,211.63492651266495
554,229.24467238156956
555,244.27773027623965
556,207.79213935663586
557,299.34686413359515
558,259.4874751725787
559,270.8713797014469
560,261.85402195487654
561,225.5437089668306
562,-237.68927022082946
563,223.9793559221156
564,270.2181704952629
565,252.75199871123982
566,266.8983113336499
567,236.233367865756
568,287.41617599106354
569,147.92589579963715
570,291.9400496921713
571,258.1158728430247
572,280.85729857997285
573,310.58170904014287
574,225.38232208355268
575,282.79347103136877
576,248.5151268513427
577,246.86013064031567
578,250.40577567105868
579,239.65702173618087
580,249.63759930258152
581,244.5654170424071
582,249.8885127469429
583,266.70681469032235
584,195.2696780495562
585,306.27059147462455
586,295.22040502911364
587,291.03756521514083
588,226.40490440964206
589,268.6995050186682
590,266.5182026003797
591,53.906372569804034
592,12.656927581906203
593,241.58884777148333
594,27.64968744698443
595,-4.911805029162778
596,158.88194235342158
597,250.21685316838452
598,52.55422597625511
599,241.29819492834736
600,282.72093000167104
601,309.21519609053234
602,241.2630374887936
603,250.99706638885107
604,75.66242954726334
605,156.92523381702682
606,209.13733564327944
607,265.2475556982405
608,263.8124791159248
609,204.22474658662242
610,239.898866603835
611,253.23318328330936
612,279.79000490298887
613,227.84651372514122
614,301.654740043754
615,244.96517826183705
616,313.92142175833305
617,232.85364383026308
618,243.58657339918176
619,265.29625374190914
620,286.8356218802198
621,201.432648375089
622,270.0171013230207
623,233.8888709008979
624,250.10036973865354
625,281.015966595447
626,259.7012483817954
627,22.83990750096558
628,266.1839395812427
629,238.63247820628433
630,275.9599409894919
631,-112.4470972943895
632,285.6078738598564
633,259.44970625982774
634,226.8283976105747
635,47.58138558801636
636,272.2229449613897
