,0
0,-99.87982659790889
1,-320.1684446056524
2,-85.44596466013323
3,-342.0481866045386
4,-375.4065368292825
5,-56.30862673390681
6,-261.52873361684624
7,-200.63983146748365
8,-353.5288543640413
9,-406.06497783534553
10,-113.22144329394561
11,-240.38225172709738
12,-117.06680311582475
13,-174.65322387046712
14,-198.56765757164357
15,-148.63351783000624
16,-127.11708595701221
17,-73.48901428393734
18,-77.59971837891112
19,-163.8896852710341
20,-263.6511179011373
21,-188.48838089536991
22,-287.62085593960865
23,-264.7225855750651
24,-258.4363409383752
25,-270.07560025680334
26,-2.1634031976959562
27,-356.1517647937256
28,-343.4723705816108
29,-231.56242621785637
30,-301.0392713957973
31,-93.37021266721723
32,-144.6944142147765
33,-227.44097956485
34,-118.79207909664565
35,-80.79730332916641
36,-246.94494585556936
37,12.812267261504715
38,-150.83193768093338
39,-99.87400736041212
40,-191.00039237742791
41,-139.55997079312158
42,-158.27038865893283
43,-198.94548302041403
44,-204.88917457242758
45,-224.17938529787068
46,-97.66865236767721
47,-231.60117737685164
48,-304.2665308517686
49,-276.9398451673465
50,-80.03962677064901
51,-222.0017761418223
52,-27.37275454666988
53,-196.49575354865155
54,-161.37461881722265
55,-149.6515874089365
56,-79.37043124447231
57,-67.1892574557396
58,-165.91317127227921
59,-310.5199269553017
60,-65.34734993590298
61,-165.90826235808828
62,-155.03321242150992
63,-107.00152001392655
64,-166.7197492730469
65,-119.5062210495534
66,-121.83535749492407
67,-241.1991330440964
68,-64.49093833446601
69,-245.3211228755055
70,-171.57701011108645
71,186.61315281703008
72,36.704461232787594
73,-120.05051741619666
74,-47.06257855527539
75,-56.98669736281424
76,-110.95239697434906
77,-109.1889050234718
78,161.56097921495697
79,-160.7906992512679
80,-72.1571140122874
81,-187.9285345241312
82,-102.46222703905042
83,-345.4643914538524
84,-32.462864557062495
85,-102.73763839794914
86,-75.90940552013876
87,-52.75329361988312
88,-52.79944335338327
89,184.653381963934
90,-52.158528704276755
91,-293.4422139029203
92,-11.797652239636296
93,-87.61726532340502
94,170.6794510561655
95,-7.35877253893915
96,-61.32649638538121
97,-34.90404186012572
98,-202.195243052362
99,-137.87578515755143
100,-59.135235995264125
101,-158.8092054834417
102,9.4988709860054
103,-39.34121892213919
104,-103.6544537755025
105,167.59357856642936
106,-66.92395819120787
107,-293.2665532299193
108,-299.6519234033969
109,-117.5562789349785
110,-51.04689989574277
111,-288.92919547416625
112,-158.54072076268892
113,-56.12240396885218
114,-278.29641214935964
115,-84.33147047322456
116,-219.5383092219675
117,-228.87170021177906
118,-46.84589196517968
119,-21.045114792948496
120,-260.45976580031606
121,-153.24219850258697
122,-269.20498586750796
123,-252.7216713350808
124,-199.37512903285682
125,-143.12961709144304
126,-42.040798370674466
127,157.1828361138323
128,118.38400450073067
129,-208.6683496549629
130,-42.96895726895753
131,165.05215366862222
132,-26.457887291564944
133,156.45656854949118
134,-65.27428601669567
135,-44.67785409445569
136,-42.06181549311488
137,-43.002076201904224
138,-49.65536696336579
139,-62.3090348748162
140,-60.67242332266964
141,22.052177078744094
142,6.915609915470881
143,105.73674452729684
144,-141.1663279373943
145,-50.06273992961481
146,-53.616368368334534
147,240.8526156168248
148,180.14676577355152
149,-34.83397154774251
150,121.61698741443516
151,-62.10137405797015
152,-169.668668647429
153,176.14415787056964
154,161.8206064678604
155,-135.5240221782817
156,-101.36780829726507
157,-17.389264547026837
158,-141.8075040694128
159,11.108274589793098
160,98.32492623380412
161,-83.09462827805366
162,-169.64445169224498
163,-133.67152830523554
164,153.75923332483868
165,147.0527494028001
166,-137.29664990545558
167,-130.3076029214229
168,-99.80819175405529
169,-230.06016003156583
170,-78.28680789531616
171,-126.56137443811653
172,-92.03181537726073
173,-55.35915618052201
174,-159.1591295158112
175,-70.43049835481304
176,-23.37834730436821
177,-127.6167087040329
178,-72.61601256389457
179,113.6076691110027
180,-77.1323184345533
181,-72.6008099321891
182,-94.04973447131721
183,40.670792373983986
184,-27.871949307257967
185,-38.48735122795808
186,-71.81918149089687
187,-164.65268742086482
188,-63.39789634316255
189,-81.50912540738906
190,-89.85946393852842
191,-67.8012440370182
192,-169.03912595933332
193,-98.45676499743618
194,27.27294289099012
195,-299.87816312549126
196,-71.8566587089251
197,-203.41725311387734
198,-164.22120039055272
199,-192.6390833456099
200,-41.52034723090262
201,13.982742605435512
202,1.9493127751344161
203,-127.73856984836655
204,-101.10617215417507
205,-33.12961988637925
206,2.3448477530250385
207,-71.97169920449385
208,-14.133214575607175
209,-114.82188870765127
210,-69.2059337638463
211,-153.2773944113661
212,-199.64810775736734
213,-195.80536921782385
214,-215.82452546053224
215,-23.355902281239132
216,-81.7366524494088
217,178.2670147882044
218,-210.08706146865606
219,-109.49350783265719
220,-16.878741700387835
221,-44.58013701736552
222,-88.0588000278804
223,-72.31305468313897
224,-78.79590958688203
225,-142.65532898026572
226,-171.50234883516228
227,-69.00775832364457
228,101.9218503142655
229,-13.482605920980525
230,-195.17629261775332
231,-62.136978625773324
232,-37.23637889906385
233,86.49776351656253
234,-50.773041283434104
235,176.85735086777797
236,-64.13328934897002
237,-76.3169898096521
238,189.92496111640168
239,-71.38017170774583
240,-102.15756271711295
241,-88.6689383044755
242,-246.4380401136709
243,-64.50223883180477
244,203.4331718151733
245,-40.12763677053673
246,221.73236290913985
247,-85.08239755185159
248,-194.99639976263126
249,144.09992071778623
250,-148.57762250975287
251,133.29192333943809
252,17.153761531082694
253,165.43678571995125
254,-39.441674299993075
255,115.80316889181597
256,186.3518080213141
257,209.6259528582996
258,-31.944654649176357
259,-40.55598196755044
260,-71.5531926111285
261,181.7948806397651
262,216.0124812256612
263,-33.4668173399847
264,25.819153552141447
265,79.20134408400469
266,-100.80485390332089
267,-32.585148814445176
268,55.091009155836524
269,-24.19129178388125
270,-20.646382362092783
271,-17.491505760875167
272,-7.46673481629184
273,-7.843605915203053
274,114.76455093791749
275,-15.277762378133522
276,-11.547775503287388
277,-36.21754917650254
278,-9.137219374932826
279,-22.6484378901047
280,139.14567615620962
281,255.51919256329643
282,132.46714340446113
283,-141.57730770039902
284,-56.48636119481094
285,220.8143114004259
286,246.37940544174876
287,162.05457126723132
288,140.97196137426022
289,-8.394420030636
290,-117.02170728733961
291,216.5678642883678
292,100.19008051615332
293,-2.682398788281523
294,161.88496261694937
295,163.86381713155262
296,-38.39076983355311
297,238.34717448573116
298,165.53284655881197
299,210.1148806068433
300,153.43135965208987
301,254.04983059528794
302,221.44031276521142
303,194.855254327238
304,237.13812536440312
305,164.76892372312597
306,-46.47848407452521
307,251.78956080469763
308,142.60491373597492
309,258.5151128767158
310,193.3390646430393
311,196.5605540666312
312,184.6262762237363
313,227.49086261695933
314,195.89944299054054
315,172.2942499996339
316,225.74253622424783
317,166.49940619290223
318,245.1257368500832
319,246.22131312582144
320,191.39314539476453
321,230.44825239796796
322,220.88375544483534
323,150.32244588290882
324,238.30905710791848
325,230.0686963469433
326,151.7717298708892
327,206.29841730037478
328,30.60641760199735
329,274.6730112257579
330,236.85981918431418
331,215.71727661988157
332,232.7390674458802
333,281.6095152142565
334,243.26162914575772
335,226.09728176742112
336,218.7531306096597
337,206.2437637150917
338,277.6580938325949
339,11.193296854239563
340,17.283608123328136
341,296.7927575502939
342,223.50074884830286
343,271.7752704518182
344,204.96224464492525
345,281.5002089527309
346,223.92381692992035
347,243.1862798975888
348,234.51166963040578
349,229.26747715207938
350,262.91570698446543
351,266.1983608843634
352,218.37457989610672
353,248.7945264091626
354,269.51584613722514
355,230.24949240923087
356,241.2996114904836
357,251.72692667876666
358,285.3304833304702
359,239.14683443911886
360,302.6844362431581
361,238.97527206535432
362,253.79743410544836
363,279.4493001212655
364,220.13241105562827
365,259.1994840902712
366,229.16112429037133
367,278.09796575950327
368,237.0396378200115
369,56.30944911038074
370,267.01373002149205
371,240.13862617319552
372,216.71238774927912
373,263.21304496424625
374,280.68211381326694
375,256.12230481210577
376,246.3612038631658
377,247.3692230270062
378,262.6146042501863
379,283.2870205897774
380,236.4086011642154
381,261.3089891080814
382,232.06113606355729
383,100.06310540280458
384,197.96113325618424
385,62.728737009431995
386,249.88125812649406
387,268.00582953511315
388,248.46252832392912
389,207.01985820465993
390,184.757704152357
391,244.81836383292028
392,240.16130135071305
393,216.75900599910017
394,121.17721193185245
395,240.99409172769714
396,298.72077399553166
397,298.882226568214
398,257.24509138582295
399,189.31728498454837
400,224.1378043436211
