,0
0,-157.66396144766216
1,-355.7215178685054
2,-351.3637485628062
3,-137.69442981831656
4,-259.1631680437126
5,-153.9751657406804
6,-230.6646648901068
7,-89.64868273633857
8,-371.9345433046094
9,-23.991610211316086
10,-133.59263352627593
11,-185.4293323333714
12,-79.23836911810673
13,-354.26818272364517
14,-274.60838754741087
15,-227.0095792424193
16,-92.88686315000274
17,-227.05524549203426
18,-291.53414831476675
19,-484.714816497847
20,-78.2760878208043
21,-271.4613219944539
22,-121.89416471640871
23,-149.8174342115624
24,-74.09132593363583
25,-81.11681895777838
26,-79.31006084956951
27,-204.99227253806274
28,-137.9648228013025
29,-165.3334689785833
30,-119.45202785079066
31,-190.44388338988568
32,-5.002547407830548
33,-95.4534979282007
34,-80.60076902589205
35,-26.044468625436267
36,-198.38493331650142
37,-186.62881580604778
38,-146.50179171306866
39,-158.5751243322186
40,-181.32702383386822
41,-48.2696782151565
42,-256.59381691882504
43,-61.698681606628554
44,-143.6441535013915
45,-156.0345974989686
46,-250.4221090463203
47,-198.3876673388562
48,-103.57878277472747
49,-102.61034425207617
50,-147.65472451905202
51,-114.65203467932628
52,-372.9792319085409
53,-145.44321893823127
54,-131.1282241211378
55,-174.18504466721117
56,-352.1769642083699
57,-252.72291273398432
58,5.56155836569026
59,-201.39737570774037
60,-55.530144063132425
61,-220.08031933752952
62,-110.39112345834758
63,-202.1667364885268
64,-143.36181395144627
65,-126.53088812923728
66,-181.25750197823754
67,-223.12992909277625
68,-296.4395312272746
69,-199.9704001687297
70,-107.58609331399234
71,-254.74563742826663
72,-67.49607407884304
73,-145.10070250773748
74,-221.77414011371576
75,-142.72849632447364
76,-122.50297319267946
77,-169.0924265864622
78,-189.38420745291273
79,-145.71534665003196
80,-64.38082685813768
81,-280.0521013069723
82,-91.23695862911228
83,-107.36941084784907
84,-146.51982719078347
85,-74.29521565395484
86,-95.53149955943086
87,-176.07468053917466
88,-54.70798871632621
89,-87.73694311953831
90,-121.09166217121864
91,-99.75603163361689
92,-114.47188837314168
93,-102.60275580085525
94,-45.864423921386766
95,-76.5288239825832
96,-83.82089361872944
97,-182.8947564871771
98,-102.16986282762218
99,-89.98824131380101
100,-54.95295920345375
101,-120.35481582066318
102,-53.182710393522974
103,-89.92252948395834
104,-120.70068421826132
105,-109.80773348289107
106,-76.01513454018715
107,-52.87449645213124
108,23.864552933635927
109,-77.7439651509466
110,-35.637441425012625
111,-100.27546641077667
112,-234.39330892261466
113,-70.72240128811585
114,-41.98270673574442
115,-97.59162519208218
116,-93.79029163126123
117,-70.49876753873554
118,-96.6807015535151
119,-41.466235975128804
120,-211.37606474484627
121,-254.16969251402202
122,-238.10341104852589
123,-245.578745294267
124,-80.36317108490358
125,-81.5383026287485
126,-73.78931732335843
127,-45.433539011854144
128,-70.61076718058463
129,-45.777775539425726
130,-23.94156935976741
131,-69.1011612144908
132,-39.753527914145316
133,-69.09732953940731
134,-64.30477238822138
135,-49.54804894009055
136,-256.6714232275608
137,-60.90092526208015
138,-58.189195721456414
139,-70.0929695322426
140,-16.22292285693683
141,-49.04452150815395
142,-91.75986026903507
143,-14.575733040794562
144,-32.92287931836956
145,-57.86105435303221
146,-59.50320537887303
147,-92.03643551626597
148,-67.23694913614801
149,-19.45703745416884
150,-45.653929958796205
151,-70.4693925327408
152,-48.32118855411174
153,-194.0343999127261
154,-77.0447828824068
155,-41.0787332233072
156,-83.99817143630098
157,9.93843475718471
158,-31.036732299487127
159,-77.50651158292156
160,-32.82223752437285
161,-69.62731555130298
162,-32.24461056720215
163,-35.64618306391302
164,-69.28347097972548
165,-68.59017947417252
166,-25.099698471354017
167,-40.88325590058798
168,-26.130923823518135
169,1.5524945571320181
170,43.369993290324004
171,9.394770771720772
172,-209.68607870147144
173,-11.34677333495233
174,-78.6040384514735
175,-45.24778582470502
176,-27.05382732436132
177,-20.344564715586536
178,-62.17575550287266
179,-22.419668692919835
180,-72.5904737451246
181,-31.735552370167763
182,-60.531034205481625
183,-53.60041219320343
184,-32.08533223380498
185,-25.475247126777923
186,-7.69433108728057
187,-22.76092235980979
188,-56.02307344137057
189,-51.44658301990379
190,-76.37309730661487
191,-63.03893635793867
192,-33.52310271608479
193,-0.9666423999485914
194,-59.12615159979539
195,-57.36807326310362
196,-28.497768287175745
197,-20.60651912461753
198,-28.41445764741872
199,-20.16431556894806
200,-47.57507012555795
201,-78.23033330470044
202,-91.3085168799493
203,-4.994015847019724
204,-26.339413587478038
205,-21.68634397985455
206,-30.593152991762373
207,-48.649453238966565
208,-90.61920700265063
209,-47.678481557476196
210,-47.07353479790052
211,-53.6433127792111
212,-49.99469555150642
213,-14.12420028015991
214,-69.55625629251065
215,-72.82253670846008
216,-28.22622541705574
217,-31.680577366064426
218,-36.86960786932922
219,-29.69891081603224
220,13.941273036815463
221,-87.44041026665302
222,-66.75455420364632
223,-54.29326495306664
224,-26.295660183343518
225,0.7801756868596876
226,-103.14056841480759
227,-38.70744662420603
228,-54.76131607441034
229,-29.879232864428385
230,-41.90551521449912
231,-80.58198711646796
232,-49.46738212489687
233,-78.35888620936979
234,-35.606155125499484
235,11.326633378675798
236,-24.64386488125382
237,-28.7290824859677
238,-7.470260595687413
239,-40.49821568463003
240,-25.087480685258075
241,-3.626756259844468
242,-30.87678808770195
243,-21.737126240530557
244,-42.906075185625916
245,76.80511821827712
246,197.172166493306
247,219.6450742001544
248,-49.49772089920234
249,-22.037969488972152
250,-34.128730839680244
251,-34.28044970083583
252,-140.3996839973038
253,-32.06956511956404
254,-49.192195519935545
255,173.97197470911217
256,-48.72070681987338
257,-9.369152657248769
258,-7.21953763948006
259,-53.410622747563764
260,51.679742490747145
261,-30.777755430726327
262,259.1763390329651
263,-47.64567982591611
264,-44.73864327319136
265,61.469686634025834
266,-38.19318275239328
267,-41.079228035474564
268,-23.475726020086185
269,18.785289713302404
270,237.75280679377417
271,177.2671578672579
272,-0.13203904915610254
273,-11.636330400566521
274,-157.16541991423824
275,152.21736901322072
276,-54.99446215026057
277,-63.63901285523216
278,-76.94454004051268
279,-17.698402435722198
280,-15.034218635049468
281,-52.71063402391812
282,-50.14847524312718
283,-38.64574085862647
284,270.73087473977927
285,-17.170214573070748
286,-42.630080141872725
287,236.60713752257428
288,-40.32278397076477
289,-48.92856800231333
290,-50.05683942767668
291,-60.17915701804497
292,210.24254473213472
293,228.65835726198821
294,-85.10808796420079
295,-72.01758684408462
296,-18.36709923265583
297,-58.70294794108092
298,-80.51433704237239
299,241.59409421059178
300,-100.48074125862892
301,-22.50870172371951
302,247.47736303977698
303,239.02749955547927
304,-118.32716641893231
305,-69.70725308821807
306,36.81760796234346
307,-46.095381661838914
308,-10.82526029939051
309,-59.93431745147333
310,-40.68902176865738
311,-173.9866174112591
312,202.3251490686021
313,-262.46082251160726
314,-294.3994551796374
315,-84.0135543739195
316,-12.700441923512518
317,106.59359997703146
318,-25.394309113536757
319,-50.57487973238672
320,-34.23936575798571
321,45.62995544074932
322,-123.18258567733568
323,-137.78596244651476
324,-58.94682775471739
325,-32.597835681211585
326,-30.178833204598437
327,-18.391786191838058
328,76.25975708160846
329,266.2373036070893
330,-145.34418496630195
331,-134.5700855744426
332,54.89067134985312
333,-41.407465510248386
334,142.72963547353717
335,-19.765639471693646
336,247.09927790296814
337,-50.18665894799382
338,-59.16674232430663
339,-53.68757180719622
340,120.24391784912225
341,-63.58312901020531
342,-45.70195966938177
343,-254.12568268768888
344,208.3940006070547
345,-18.0662451971582
346,-6.487253912610313
347,-27.948567919298004
348,-43.02416003938231
349,170.108776431151
350,238.9867451056909
351,-56.727837154472084
352,161.39338390046817
353,215.69960576018377
354,16.08140315883078
355,-82.37875656254242
356,-61.023977882776194
357,19.520535900188626
358,-99.16905704881435
359,-58.5458330602986
360,-17.718879531918162
361,163.11573420187474
362,98.16548089599985
363,14.32412796473273
364,-36.64861945145924
365,192.25467770221846
366,-42.1162593467926
367,-55.93730157560541
368,1.272841752553621
369,-12.920204421311633
370,187.2043075426041
371,5.583942880842686
372,-118.49230057521137
373,-39.82127849910581
374,-32.62667634846031
375,110.42829965947456
376,-76.16311328815934
377,66.18397141240835
378,236.66732312777054
379,-18.605415594531884
380,185.7830124607999
381,-10.02724525342175
382,-14.659279429779842
383,191.14116861812784
384,61.40476172624285
385,-26.730067262746292
386,-40.00810655391871
387,-80.57991299535075
388,-44.75118783890346
389,-5.105929169130278
390,-64.37251165688653
391,-93.60544055408081
392,-58.75827592173542
393,41.494834816769156
394,204.5691641394851
395,91.95418496671623
396,-113.7884863290203
397,-90.94974550182333
398,119.65477675067073
399,-14.73699447676414
400,65.76126644970684
401,-128.36392416174922
402,198.182116636248
403,-51.91649613789861
404,194.26299048643995
405,168.15828249052993
406,115.48568548979162
407,146.8119892675342
408,47.81954361246393
409,48.35743986108413
410,141.83501131360273
411,32.43746583708007
412,-108.36731369332124
413,-23.00573173026555
414,206.28451883957655
415,121.76769970684224
416,54.11029630935957
417,-156.03858685231907
418,-16.794141808456047
419,184.7422198875344
420,143.68565746253375
421,157.79376298123512
422,-105.6977238808187
423,28.50478349607586
424,-101.36652863106531
425,77.6156502988615
426,8.266748958591476
427,86.64428041829383
428,169.5655480131162
429,114.15845128605338
430,-2.603170305019897
431,109.54586255516024
432,100.01204505842873
433,108.13608054490501
434,224.22250406141825
435,111.59401059735833
436,-70.09974729988551
437,181.9051112202937
438,-46.44030513622749
439,255.35365256181626
440,140.6351960123655
441,125.04143006992237
442,-76.50474895897533
443,228.9611817802847
444,-46.132917020221335
445,-50.98744042401266
446,187.93250334350955
447,87.42059695226408
448,-37.437711468348205
449,10.991892361470548
450,160.0649448749422
451,-16.611570130885013
452,3.764589391216884
453,124.07677397500142
454,182.3544872611119
455,136.94433768992081
456,102.2815769773751
457,183.47304120894728
458,139.18347059097212
459,136.23762965386538
460,33.27230274785555
461,-17.36371550543135
462,212.83367190369364
463,182.0412570790095
464,206.97979055206662
465,122.06568255858636
466,52.457098222072105
467,1.5196564325920423
468,54.1355942798275
469,3.3188658054600477
470,176.54755153565299
471,-61.45510623677905
472,229.90871135488226
473,124.15338933599317
474,-16.716497187501524
475,24.696172725150248
476,110.34344493070446
477,138.717598351925
478,-35.55495095148662
479,-52.14358647853588
480,73.9319673236047
481,81.02910065570933
482,95.46429598485469
483,-28.323321114227127
484,88.26811268614505
485,-6.016381293406663
486,190.79646295642576
487,51.80781496825213
488,72.36583044593253
489,146.71464253730264
490,86.72821969075952
491,43.15518826265708
492,70.587821505818
493,218.90025019958603
494,91.15703330880012
495,95.3514580288223
496,59.9018407693311
497,146.7091662258089
498,168.84031502129787
499,222.3717092623593
500,215.76726408400998
501,175.3666098694125
502,184.93934385030948
503,72.5910177695326
504,187.4458881859672
505,154.6017497802116
506,13.254371527756625
507,108.78011271423732
508,38.872484043327894
509,128.87023911189812
510,181.65981546149015
511,195.4333354530933
512,253.8460881671
513,-47.44131593737714
514,169.52873091686916
515,52.813450224223516
516,246.152540974553
517,198.1810037463881
518,-88.63245072139
519,204.44573763965377
520,50.82614071934085
521,191.75586040230203
522,-172.25877853436916
523,-330.9903322725093
524,222.0251857803364
525,-214.39253349210395
526,-20.407372878650122
527,171.16179771187964
528,279.7420100357043
529,159.2938486483218
530,-178.55559239064974
531,-47.47878879413547
532,-53.194633581019495
533,269.7818253227331
534,212.95191101168714
535,172.2502438138513
536,168.5884241324324
537,190.85688509182842
538,139.82648125936493
539,130.07235822387972
540,191.16393989010805
541,231.4757577823077
542,213.38059464736668
543,215.9598885288466
544,-214.41738697748485
545,150.13152690274322
546,172.54664507454734
547,190.24226660995217
548,115.00963326621098
549,281.40041310793896
550,165.39688361735213
551,149.08074103678842
552,-31.390293926038964
553,151.21139859922027
554,229.97608706806753
555,264.47782431372735
556,236.5733450063472
557,175.6757462442007
558,130.88334738125036
559,206.96581383465153
560,181.0272796888457
561,227.3563905125466
562,201.17225582563265
563,-159.20465540463903
564,-153.6970549190065
565,159.48946354266366
566,-22.727867223409422
567,-165.10757549873463
568,196.42292112219624
569,129.3096825117555
570,272.33410639831465
571,222.62365568635565
572,-28.102248283144526
573,155.07382239459332
574,185.92213923571063
575,-48.38065566708053
576,-123.71396652967015
577,237.6818206265554
578,116.70655781472534
579,174.86255594878048
580,189.32973059507725
581,-76.42975855664265
582,180.2486338613443
583,157.96289881149647
584,-109.16012509004038
585,-48.61365283210706
586,220.58454013153107
587,177.041070872734
588,203.67553851741596
589,265.9519866216844
590,223.92861059998654
591,-49.174249404774386
592,244.66717376003513
593,-59.0159399416937
594,237.38035160170284
595,255.094541843613
596,205.93111428923925
597,130.56122098061545
598,225.2054228018102
599,175.21380648905046
600,188.92281619969782
601,207.25185617862002
602,196.75652708921095
603,244.69797457452864
604,130.9319108925951
605,194.65707378406287
606,280.31602253701743
607,211.91195182765915
608,-33.16502827562914
609,189.6278717932621
610,212.29605105784103
611,175.6465983605541
612,155.60260254323495
613,213.16028789589322
614,-29.885940011570312
615,-13.934941960093
616,206.53287957530688
617,197.08189704858484
618,112.6069640312592
619,191.56992352731422
620,-37.879847592510814
621,238.17519175793032
622,209.65738346107207
623,208.03019482496904
624,-5.097433974710455
625,214.41050738891494
626,180.6744355211357
627,211.04193291287015
628,219.4962507364474
629,211.24692835600155
630,217.2782393792092
631,220.6874806794034
632,260.86462813620966
633,225.31802562821713
634,259.23985623506894
635,-38.537123563041646
636,-9.493343232895697
637,218.9348369424429
638,164.91077501660178
639,180.86572115635028
640,127.24764881463909
641,260.30992518526665
642,-40.45823838147809
643,233.81637493745544
644,267.2548979163857
645,-25.309430800012677
646,229.47025400621925
647,238.55482049801412
648,247.77067770864983
649,-47.32880765032915
650,185.90513164374227
651,233.86923903077468
652,255.53974103745557
653,215.83063512038845
654,245.54168204391354
655,180.20783947301467
656,214.3605828802256
657,223.87017062112503
658,221.61130273865183
659,151.38358088717683
660,288.63293819011136
661,255.8697910469662
662,279.31409126120525
663,-22.49908185963018
664,227.2998598845349
665,195.25332796800842
666,-58.412364391449046
667,208.8634904492863
668,226.378145870811
669,6.540106509098706
670,2.328886587742531
671,278.04597243580224
672,-3.6417655694078377
673,182.91104380133646
674,217.62866365628426
675,-13.684706987440151
676,264.9439499269695
677,-4.314983102031746
678,200.40300541084173
679,213.61734201979118
680,-10.875044308050974
681,204.24280932512715
682,236.37435310592636
683,230.51188091056065
684,221.20582291753223
685,223.84311669401578
686,188.41593824777823
687,211.38210508310743
688,217.5625676031454
689,251.26513791119638
690,207.94116766786806
691,164.8942989692483
692,199.88903731599453
693,237.50997415835806
694,-18.934949109762414
695,179.50930461685385
696,207.65483021560414
697,245.91916996644272
698,173.20163270767165
699,7.992534411529235
700,-30.406668819783818
701,267.58742483134745
702,1.9544569177260485
703,272.70218137530287
704,274.27958949417757
705,237.41394039722184
706,223.87533698442047
707,257.6125338720541
708,220.0426683755167
709,181.71565499903858
710,185.45921195239978
711,204.69826929285432
712,223.2468833848472
713,208.27234078351228
714,242.47355899742448
715,276.57079880490926
716,222.92272007882855
717,258.83441521955706
718,176.1569622373159
719,180.77003943155484
720,252.12646799278053
721,102.13430698053423
722,161.51403319407967
723,260.86277528572896
724,-20.951875510509424
725,16.822211825862013
726,-35.21444828748794
727,272.97879439006675
728,249.0323849729811
729,171.70784119714966
730,262.34826168233536
731,223.2378506066002
732,186.55065524604933
733,264.6678266841252
734,1.3603358394845912
735,200.61460417434517
736,210.6561264630505
737,230.72811824858465
738,223.6776677084115
739,261.59190079729615
740,231.30352718639764
741,190.77104339127533
742,243.01815526134004
743,236.54959349942237
744,226.79980478302264
745,250.16328435669902
746,218.1745620712927
747,206.23195789590613
748,228.16940841134368
749,270.94427539147796
750,224.51324378373954
751,-32.218536861425804
752,-18.082399474118944
753,263.13181308975686
754,42.301554787070245
755,271.094461135413
756,159.19468952172417
757,266.58800913631694
758,256.61174904532385
759,5.393388725985616
760,-12.142922472992723
761,194.59979537634987
762,259.7749344188313
763,112.5476712503256
764,174.24552640504197
765,247.63069973556944
766,229.66610803389926
767,112.46774995271258
768,-30.33167319013542
769,202.87868603388554
770,236.6226429678402
771,218.9334190054543
772,292.02753140964217
773,196.31520640671587
774,189.80793442102444
775,149.19176497579252
776,229.9938594201829
777,180.2190699933879
778,261.63609234559635
779,188.25626530672426
780,203.75918283373227
781,198.56085590233255
782,194.62857626932652
783,216.85633746903284
784,212.43780553120445
785,229.40055513847437
786,198.5550105238812
787,242.08013186926212
788,178.28408535491633
789,15.659192660377329
790,204.2497208152855
791,211.56460152834129
792,218.8938230862475
793,-36.778066604564856
794,-2.097510146623506
795,153.7826532805625
796,-31.36804680172665
797,190.56752179931013
798,223.5812884217126
799,169.22497253676636
800,266.6925882330561
801,180.0615125268124
802,272.4383254722854
803,210.92045864900888
804,258.8796227634689
805,220.49510230731667
806,240.84669194850954
807,235.6593693441285
808,239.21373865574256
809,216.79397393452888
810,261.81653495758377
811,239.75002474725733
812,-64.35316240150253
813,283.3298239635034
814,236.37843616058143
815,148.39275704338309
816,190.68747456888963
817,-42.58503535499314
818,220.19457105332566
819,215.18694809672655
820,175.5507341110951
821,229.56149119688374
822,224.96312612161245
823,180.4134731394012
824,219.2164754058156
825,288.21822442824083
826,260.6875514258869
827,296.7677258623363
828,244.86925288094972
829,221.72976700202975
830,181.76639211904597
831,240.87056275010124
832,234.42408081325192
833,222.60331653714064
834,221.5442387167505
835,265.01962180197836
836,205.95848792950528
837,199.04257484955178
838,231.95427625208498
839,247.68066172269036
840,237.04162606673725
841,247.57150327521978
842,198.39106626850162
843,222.19226018475115
844,198.18556715343914
845,214.54876784171694
846,239.43951823963118
847,279.7530203370958
848,259.392381147667
849,260.6351004177807
850,228.15649633523594
851,253.63848984885573
852,232.58887051926231
853,272.12901133527464
854,284.7115171133206
855,-47.27750271160443
856,286.87953497688557
857,237.63473457346723
858,235.82565008650545
859,208.71907833603132
860,217.70806280679443
861,282.95509242734556
862,254.811759576473
863,230.7065625711514
864,188.74428873498522
865,212.57838718373932
866,203.65533088698376
867,260.2336381916789
868,207.33975810893395
869,209.27689236229
870,221.68166979785647
871,222.4523728561232
872,209.57451845480173
873,229.10440612287442
874,243.1019152634305
875,225.39472044807678
876,208.99384767848525
877,222.31670710096387
878,218.60616920323085
879,260.14498173521434
880,285.5926993449653
881,298.194129494492
882,255.13171632603516
883,192.80806180289892
884,252.4772720767331
885,287.5272191445747
886,195.67032345813072
887,233.64540203321783
888,205.96726423724328
889,243.61977153893667
890,173.85169517401636
891,303.9421143585365
892,259.87548711627323
893,217.96148890136584
894,238.5331554584982
