,0
0,-108.10082406671317
1,-56.55882117630523
2,-122.96779939313346
3,-252.60050244819328
4,-364.06402352846965
5,-242.42656010874987
6,-140.04633324446448
7,-105.79877844287265
8,-206.23765913239114
9,-201.28226377068137
10,-340.9831528495986
11,-125.71279111806517
12,-216.39762258048162
13,-94.36361644824551
14,-105.21262916409452
15,-79.71382846663964
16,-107.39956265976707
17,-283.1192432793915
18,-145.14504103965658
19,-80.78490970347315
20,-81.28973605978116
21,-160.88015177154247
22,-149.51660036086795
23,-126.69071084966255
24,-117.276266681588
25,-121.25005610290305
26,-103.14276433003029
27,-417.4010221465613
28,-104.82568226057835
29,-71.00443458739102
30,-247.0723643798248
31,-54.27872081158415
32,-122.87944813886284
33,-252.1126948261555
34,-142.60144449402128
35,-157.1470415599123
36,-88.4540029386146
37,-40.26887966609665
38,-79.4523852254779
39,-339.769157066671
40,-198.13845390862173
41,-76.08978824244936
42,-243.49433102453082
43,-93.10143440922347
44,-204.18441045966108
45,12.902087049078418
46,-41.40161130194398
47,16.453715102716544
48,-188.0444814039961
49,-177.24643827963743
50,-269.2259240828334
51,-189.05817346026728
52,-165.6748754707421
53,-99.41744057229567
54,-109.65846820607938
55,-146.27142985306557
56,-129.8115403415979
57,-131.90954951872268
58,-25.239445745572056
59,-103.94813030963329
60,-92.47667317658299
61,-195.40584775173087
62,-360.9972688791012
63,-118.20443802877188
64,-47.64144353283585
65,-116.20363292637826
66,-76.87876542814942
67,-159.12123916794025
68,-150.1565956907067
69,-61.142205159798024
70,-101.80820173145952
71,-218.53712068255027
72,-156.87071439377493
73,-160.34654392021372
74,-109.05974605120265
75,-168.89869048123103
76,-83.45419001719094
77,-85.21790627452238
78,0.9932176020494694
79,-118.55286109599214
80,-232.80402246222727
81,22.683592842886057
82,-63.61070201547257
83,4.211497078465726
84,-112.23141512376372
85,-484.1312806315685
86,-147.88352173701753
87,132.49247004614688
88,-263.8963275196844
89,-52.956113622581476
90,-106.18818574502684
91,-217.13010127644674
92,-40.72403640583518
93,-130.1155000811716
94,-79.59346648738209
95,-86.6661879902351
96,-286.04862312205705
97,-212.06534889669143
98,-69.66685564557608
99,-80.24690809845546
100,-80.33933924396071
101,-101.72235216849884
102,4.814513141909899
103,-304.07434932498904
104,-103.42431599130725
105,-18.54920625236541
106,-59.890239248256144
107,7.601525675328773
108,-18.720863806162654
109,-122.45521549262364
110,-462.87253793962856
111,-112.83074848099888
112,-4.367592317186563
113,-7.446349420217345
114,-430.09115686474024
115,-198.5845711195829
116,-81.55140331526971
117,-109.58881170056112
118,-83.86801274611003
119,-74.05280691629461
120,-78.44331640899551
121,-72.89661528316813
122,-73.85730818318237
123,-50.22858343991343
124,-180.93285843863026
125,-55.354424285021864
126,-56.45914170264727
127,-34.202028040360766
128,-146.3573418294066
129,19.172350362030162
130,-34.718404716659876
131,-207.22098143258157
132,129.66020786251144
133,-131.83869467154713
134,-87.2184734744119
135,58.48936369468699
136,26.178052093905585
137,-6.506038567293554
138,103.62372518980392
139,88.04287971118154
140,-79.17060066048444
141,-138.13344373179302
142,-74.4812323612189
143,-200.45716206777828
144,-28.675275931581844
145,61.28875548823724
146,-68.11111454826451
147,-81.64364428161379
148,-40.80478244305679
149,-90.50825552506106
150,-57.43776449656666
151,-30.773613625226158
152,-15.078268244771358
153,-44.88879835389364
154,-80.4459755888754
155,-33.18053374707973
156,-120.06042803997912
157,-45.243341103112
158,-89.2452553543693
159,-28.469704760135464
160,64.83009423305624
161,-19.84526235384489
162,13.577020804518499
163,-65.89517895973381
164,-82.9207950355674
165,-37.24691715355881
166,-40.69826585943472
167,-27.801555345319915
168,-34.85905780808375
169,-3.1116085364609694
170,-100.73242424348297
171,-90.35256405237068
172,-33.38469952405368
173,-39.80728240649506
174,-18.4474012263515
175,-21.80762869449313
176,4.596396191000251
177,5.357090333884138
178,4.688783110869159
179,-51.51676804644288
180,-13.849672923376865
181,3.146584843547127
182,20.639011320421524
183,-55.29573212266269
184,-16.55274097202208
185,-23.956263311456592
186,-16.748776495478126
187,-29.60508789411489
188,-48.387277922896104
189,-7.641657872204498
190,27.489277172531107
191,-25.22057868473896
192,-12.346523183740878
193,10.295047300497135
194,0.5438250041632722
195,-82.77059008470292
196,7.2770281347504255
197,-46.76251913666452
198,-47.75407235250556
199,-68.99057832591866
200,-14.184822651017827
201,-66.56860793886527
202,-38.81462166721147
203,-1.2257050733773103
204,-39.691955638027906
205,-13.599908466816075
206,-55.205269201002636
207,-3.2296187568065573
208,-17.156439716127228
209,-17.898014636239008
210,-45.228472050583655
211,-63.28501586555408
212,-69.980748061607
213,-37.52235416190304
214,-38.16757973520995
215,-18.408071365978028
216,0.8417098496346764
217,-21.09198214098782
218,-32.64992130128511
219,-6.268804473038209
220,-29.5817107313199
221,-34.85756293114137
222,-46.229936063808964
223,-58.09459288227818
224,-43.71447945330031
225,-60.19031351509133
226,-50.09125044387125
227,-53.77791377610896
228,-67.85655009874768
229,-35.665312881647864
230,-84.22278007700262
231,-7.060342241418531
232,-60.226535880171554
233,-57.63589369327541
234,-48.211108129594464
235,-36.715982022217474
236,13.477622363018398
237,-42.550834845389815
238,-60.54888967072118
239,-6.318740947325061
240,-22.026924551579434
241,-55.04813085112341
242,-69.68607439083908
243,-26.552444144003367
244,-29.933515356007085
245,-13.880569723642711
246,-55.862942057617495
247,-55.91013663141048
248,-10.552240621262175
249,4.366043720756112
250,-31.961242590514747
251,-31.84805120598924
252,-39.47786838020854
253,-67.65379655170717
254,-81.77926732128103
255,-30.50227036583188
256,-70.7324907457775
257,-36.39951314563184
258,-47.99828601713028
259,-35.71309342449482
260,-15.839892907071608
261,-27.51335500574206
262,-16.51075732277984
263,-90.35608847923912
264,-60.18539322751154
265,-12.236138241436993
266,-37.02302286404289
267,-149.77409310482486
268,-56.5194652351147
269,-215.62477425081568
270,-97.50801563974271
271,-24.738093502027912
272,23.099879567968614
273,-20.602290354862433
274,10.442363592408558
275,-36.44482732739634
276,-114.38661570534587
277,-12.716840890176684
278,-63.10731500986174
279,-135.78571767633133
280,-52.11418760865224
281,-41.20871010120918
282,-42.03670933837725
283,-33.49610111820868
284,-5.840863445697922
285,-1.983309091824596
286,-44.44377818666946
287,-143.54543845050836
288,-58.69118710220985
289,-26.547147375212198
290,-79.75222123865714
291,-13.425464422318745
292,-22.10744432503998
293,-61.70875962222242
294,-27.50346661682271
295,-72.2760734250621
296,-30.384858539478696
297,-30.74272564687575
298,-9.290757620827344
299,-41.458745011609
300,-28.230053913803122
301,-44.549118976237054
302,-42.488983292867374
303,-51.490375540638595
304,194.1718761044521
305,-12.103538996219434
306,-10.422026179068634
307,-62.8829195024204
308,-44.12056849814104
309,-4.178653526370338
310,-33.1549234895941
311,0.8425536810765921
312,-55.860729257963605
313,-46.50608752120364
314,-63.77921837066657
315,-45.19088645863752
316,-54.850770443123466
317,-59.46822720991583
318,-10.49534838451951
319,-60.652691289552514
320,-36.792871930159606
321,26.086759402521274
322,-33.80928004067278
323,-22.07896217941301
324,-11.853917120603317
325,-31.52683360205948
326,-61.04961976102334
327,-30.304443806805782
328,-9.16040756901505
329,-11.084750261420691
330,-32.536594978248694
331,4.14790433323157
332,-28.615797686451447
333,-82.52200940670448
334,-70.69966033750349
335,25.164964065497628
336,-40.83324235371871
337,-11.020419785048947
338,-62.47818396297047
339,183.06232749188248
340,-17.87812280519233
341,157.067979747938
342,-11.4190912120851
343,-8.853000195645516
344,-17.100779460081917
345,18.41317890743593
346,1.6651383539480813
347,-20.646251590889964
348,-51.00463520863745
349,-22.432045612095763
350,-77.31251863664099
351,-14.658789078709361
352,2.2188902977977794
353,17.94545780683465
354,-57.23998516873357
355,-23.330465894924064
356,-39.67166067400006
357,4.985290536881741
358,-17.957072149591113
359,-53.774977483626195
360,137.6744731352772
361,-40.116041313272646
362,-0.4903060037124982
363,170.35594927062343
364,256.63854388510345
365,-27.368577771638275
366,228.1665901458085
367,-51.219960320253655
368,-104.83318582901613
369,-32.51492718822034
370,147.97530655138064
371,-104.02401528580525
372,-25.69622973440809
373,-43.21817296971805
374,-16.027359552308813
375,38.73448500209047
376,-39.06331057485004
377,-31.179548442366976
378,178.58862112487225
379,-31.295140210640643
380,-49.471366733695696
381,-42.88183019637928
382,-21.431964489274172
383,-33.34190470822424
384,2.7774962432345003
385,-59.01696382523192
386,-58.872608379337464
387,-16.429087472862115
388,-30.02539003016528
389,-27.736071689416928
390,-71.30124495058874
391,-7.740530176237419
392,-30.370594005269194
393,-29.754503227861793
394,-26.84212027731086
395,-32.69446736466496
396,-3.796311841678806
397,46.73820428132598
398,-13.071468950543222
399,-68.79574782570555
400,-11.466572044806977
401,10.399318489389046
402,-43.98356601298762
403,-18.04503964976935
404,-85.9162050069954
405,-16.515488902692994
406,-47.78027092282276
407,-15.354990298664807
408,-118.21608906480503
409,-90.35876542028576
410,-9.62500467661756
411,7.600799773480707
412,-8.639269046806174
413,-41.56588216923068
414,-20.470776128716484
415,11.057825118911913
416,-9.699261183038574
417,-31.488421859523285
418,-34.770234946524376
419,-67.72820034881154
420,5.247946527037479
421,-43.90264753597913
422,27.8603193529407
423,-18.0249072314499
424,162.79060035849835
425,21.022322601552727
426,-64.05214710437095
427,3.3014135198944095
428,-57.38923508485152
429,-23.52355461183703
430,1.6197401458984602
431,201.5506002245861
432,-59.313642813473564
433,-53.499120687380945
434,-52.5241600795714
435,-140.38327200040027
436,1.4162190885688375
437,22.541855013405588
438,2.845008491131205
439,-48.61149977835336
440,234.21022733730968
441,-9.060626800184139
442,-0.06954683772149317
443,-34.30640481119762
444,-190.6622910110427
445,-98.04411507424656
446,-17.45091142122847
447,-23.447525222956397
448,-52.6029309806707
449,-9.150234022432423
450,1.5617138412330744
451,-28.340905521950987
452,1.3021367645820305
453,-37.03503660755923
454,-34.79286649413915
455,1.3996301635217598
456,-10.795526423339926
457,108.46840257353519
458,-60.58751995377811
459,-55.47091874655979
460,27.012900569984875
461,3.330759057319357
462,169.23016533623726
463,-12.157127932330422
464,-14.318573108964998
465,-33.50975191952049
466,-26.685885567521733
467,-60.52011591111127
468,-25.138543595230086
469,-24.8885573721076
470,167.8623801911907
471,11.380577007419106
472,55.003558634062145
473,20.28227432336769
474,-4.8305691952763015
475,-26.533090602536294
476,-110.70296858853631
477,-56.49467298532369
478,-2.255297050099391
479,-15.79213356416496
480,-9.126167007668837
481,-7.560572736894254
482,58.32246094602685
483,221.95242804525793
484,-15.186801259158372
485,199.7743382214687
486,-34.9803366654553
487,-110.0483853420667
488,-23.165857187626006
489,-26.660816930316308
490,7.3563564740497345
491,-60.42396623785283
492,-17.24002958521875
493,-23.420178510523993
494,-5.382602199723678
495,-30.56898894744482
496,-25.153194551132756
497,114.65619947376356
498,174.16760354940962
499,178.2226793010075
500,-27.27084723226749
501,-46.23430351485118
502,-0.5122904443650633
503,175.8989161348258
504,100.05424793354979
505,-31.308911919668923
506,198.82529657774757
507,0.6337740408539607
508,157.96832829896897
509,-54.5707176022057
510,-69.991965719111
511,-11.440035738320875
512,164.4971235163332
513,-136.21135345522922
514,157.59111786848968
515,31.46720012859079
516,-62.107167940316494
517,39.819965890528316
518,45.5120888823874
519,86.60734300414455
520,146.35949565322366
521,-22.8006862451518
522,-28.69373481194954
523,80.074541843432
524,266.9077609906818
525,283.2388228049614
526,-27.814013895044333
527,97.36569849860926
528,-52.63778719543902
529,-0.9446682345135313
530,63.951713761343086
531,-42.757603016330705
532,5.8673567577074675
533,-76.0250312859287
534,113.85740971454432
535,181.29798509250588
536,-32.03622081737868
537,156.33147564545197
538,-33.469531701151155
539,76.68296937700119
540,126.73006473006616
541,-52.97067736724752
542,95.8866730864149
543,145.25136994654648
544,-53.95536829380865
545,130.8611856812067
546,31.892793872089328
547,148.9312749859977
548,144.66041607683172
549,82.3468255575336
550,68.59044451236602
551,83.97739254516695
552,151.71882393739844
553,148.69606502946414
554,144.58715780285422
555,-10.127171468857398
556,158.87331165649
557,125.38068916084
558,114.53278895758034
559,126.80845317622888
560,-127.35851211170278
561,-127.38290344365225
562,170.44749382430848
563,-68.43358124742376
564,146.20426523972475
565,101.91195094944246
566,-119.29037886904213
567,153.3367796649788
568,-83.12004844561828
569,133.45352372652428
570,105.52120035049671
571,192.2711385906236
572,-28.88904244328465
573,-108.14904944711272
574,-107.17523585299902
575,114.07395287192797
576,186.74331591890254
577,125.48727954456139
578,175.71514969140327
579,173.89255321228194
580,192.57763690850118
581,227.50119933039437
582,174.33020520229374
583,-69.66848936168883
584,218.72068742630455
585,159.64873493456
586,142.1054959483958
587,-67.91849651511006
588,91.0832879160929
589,147.9075426223502
590,-83.60933044244294
591,183.11989958131934
592,191.922278172113
593,143.44835419783016
594,174.883049540831
595,-85.83658150109713
596,157.40369195554598
597,-40.06439043191269
598,192.97693025195275
599,140.67532717682815
600,188.07039625413182
601,-129.9045289779467
602,-120.47013542195916
603,218.95518101436238
604,183.8843593441418
605,-85.8103994549625
606,163.05081645322088
607,229.41138199519
608,110.9206170312069
609,173.38529274906324
610,177.8695497829063
611,150.606080744234
612,-117.51483676587506
613,205.12411532213537
614,193.37990177799873
615,170.77182647317926
616,186.1922538166504
617,-38.71269109997278
618,-136.3392861726477
619,264.60699522305185
620,182.5611834154578
621,205.51169182455138
622,136.25859217792885
623,-104.97335392518362
624,166.07267256797803
625,157.1010733513814
626,232.23434152368446
627,232.20501807675475
628,127.85457630106306
629,-128.36043056950135
630,149.7555949895801
631,-31.85073407827872
632,-106.59363420091289
633,182.51026199366206
634,175.32848041187947
635,150.20258411803528
636,166.41884040238034
637,190.00194704531907
638,156.9868363038343
639,202.10411547700198
640,-54.79162212008502
641,-71.80940383193712
642,182.8976780505406
643,-162.89851302699572
644,151.20915183666506
645,-50.32489007190773
646,187.5163351914531
647,239.44587968654199
648,171.93055013340648
649,165.47100216972538
650,214.23508369823097
651,-27.54097814216756
652,220.55754302743685
653,-101.8533418655091
654,195.76693733930497
655,269.887407547926
656,204.1228925498205
657,194.42996279701964
658,-49.03744114301415
659,-9.16517993955145
660,179.2634658553054
661,182.3218222754194
662,210.55605776725005
663,142.8971192452878
664,254.0502300557812
665,167.4714395264313
666,198.0187316711881
667,-220.52550113603328
668,196.64044569101722
669,260.2691887804714
670,202.34645035701843
671,145.55725639693756
672,159.66357864813935
673,160.98771628424282
674,5.809234619245417
675,171.20229459794393
676,156.58128484439501
677,214.00102094514924
678,197.10531418411333
679,154.82158430254697
680,202.7707462016054
681,30.486010404772305
682,156.3509483638419
683,256.2189620977323
684,-17.908847725299363
685,198.82678233020766
686,189.34524594266725
687,171.39587193771942
688,161.2197768841886
689,129.68563514678505
690,181.2643152269507
691,-63.59176367431713
692,-20.943870299894446
693,207.87694829382048
694,38.127905224422186
695,217.2620339392525
696,-44.53472857998192
697,142.51649335712418
698,152.07453492071045
699,-34.22830067317899
700,223.49004164009943
701,148.43247052303514
702,156.97331197503547
703,194.3839865695936
704,42.99474245322357
705,155.02929701387126
706,157.19234857151974
707,35.09720169354441
708,34.088301746788254
709,159.25015210567872
710,112.35923347198465
711,147.60050015413762
712,153.39701539572377
713,205.70137834399333
714,178.59104551166422
715,22.155554351945874
716,39.0591201250884
717,166.26033958865747
718,133.44120399566424
719,156.32162972462913
720,157.75671657991245
721,177.6955194410559
722,162.78165394701546
723,-15.63588363354067
724,163.80265078410332
725,154.73831421253163
726,103.10178119064865
727,164.00336132401537
728,157.48688556775141
729,-96.42041003261701
730,154.11614031892566
731,132.57589214078223
732,-42.64662175512919
733,191.45975740689784
734,182.7950472206079
735,159.64301265661965
736,250.2955268778663
737,90.50666905723124
738,191.49763602448405
739,210.61668374237286
740,229.33568817698784
741,150.08724777040553
742,192.56322861685328
743,207.68118062499823
744,227.52854797823042
745,162.4248701533183
746,208.3939849556736
747,203.88521898272887
748,207.73462998739876
749,215.13207822537146
750,-24.970058082958772
751,220.24542470132377
752,258.61637747950914
753,159.5495013139922
754,-61.76011613250794
755,244.05849374914197
756,-52.195078073897825
757,191.5175134638697
758,245.8580049718061
759,7.8426503058089025
760,176.5560666398971
761,170.4301291729364
762,263.2868730734018
763,253.0411957961947
764,259.1938748311604
765,219.03369512430038
766,253.1344730976436
767,247.76076035028518
768,253.50647375527885
769,209.95488947654195
770,179.20860305002697
771,204.32156440510693
772,-58.11736972818055
773,237.83332298190086
774,243.87730035988005
775,259.14773094652696
776,195.1487553873493
777,212.21941892939583
778,207.89470070670492
779,266.7790712608054
780,248.05391128270844
781,224.31042937206522
782,228.70287338632437
783,263.6367142840944
784,210.3773911199957
785,245.39977223584847
786,201.19506678633985
787,224.86125765966426
788,197.9857427447726
789,247.91814603310175
790,209.16171082823578
791,183.90079385635056
792,210.22319459363973
793,-99.09532762355387
794,241.95809784390983
795,230.83245379475446
796,234.16192465479898
797,131.59749389756084
798,223.87171200816124
799,157.0026338152013
800,199.48822867962437
801,250.10068869655996
802,179.32667643539202
803,214.00543297901496
804,167.14481094237183
805,245.44573358754576
806,201.9313767206062
807,-36.189192927184585
808,233.1612064043273
809,242.39478579300157
810,188.78390961639187
811,226.83849757855148
812,235.26004777431575
813,247.3885878776806
814,186.01154921277103
815,224.74074324727115
816,272.8564122817068
817,165.68927249617676
818,-102.95117192539652
819,178.07137947951054
820,-61.69560634947274
821,227.25470984257203
822,133.31355398128335
823,229.25853053496252
824,144.49656574460192
825,206.26538245977358
826,-35.33181314142671
827,153.3711182910874
828,156.89004872515687
829,165.39182490723383
830,123.43209294310142
831,241.4388824394487
832,164.759959750181
833,187.1365990268334
834,182.38633144249624
835,238.09052413878896
836,230.9211712676236
837,208.82686051326928
838,69.27844728417342
839,195.43997200803312
840,143.21477331657712
841,128.41102488370555
842,174.50808609736737
843,187.49371958077825
844,185.69936873367968
845,214.02210565618094
846,144.56965885474148
847,140.35217626991476
848,-57.481990886193174
849,188.26459218776367
850,216.8306785366666
851,225.8036548419968
852,80.17971668810613
853,195.6428110842169
854,40.620620501621936
855,200.9977342056833
856,90.48628829342833
857,211.49057307880344
858,-95.04419780040658
859,170.62810573912617
860,131.58890503010113
861,165.14396841689705
862,195.82809793850817
863,196.26052816480225
864,198.41566121391065
865,148.30147248543702
866,192.40007318931538
867,98.43518586139979
868,183.5288912000687
869,97.28153501917724
870,145.56813609777834
871,203.37642273251254
872,91.9148354068082
873,287.81716618040656
874,175.24300271920453
875,101.82551821526603
876,171.97269876347065
877,137.69620063788688
878,97.69619840921531
879,213.06482239009725
880,135.68132248955914
881,143.70457215017842
882,196.65659845127266
883,139.3423786656247
884,205.28351629406478
885,161.40230245416328
886,156.13204935088413
887,177.72703777196728
888,160.99876055813138
889,116.36995369771384
890,219.10348706169796
891,51.359533493428955
892,163.14928729995194
893,162.5783904685531
894,142.0587857523082
895,176.70701385749751
896,164.7173975637168
897,21.69217153475077
898,130.46928017571915
899,227.7904165758526
900,183.1789401606297
901,211.84237754931797
902,167.04488982292943
903,242.09026359602115
904,177.88827653949846
905,61.14987107629541
906,197.10925753084214
907,192.71450784513144
908,188.54056914608566
909,142.91164243114542
910,173.37487807060793
911,93.47126848153687
912,230.03591833667105
913,212.79289806578566
914,242.8983584861848
915,215.91172559932411
916,226.61747961135418
917,223.21275672792518
918,240.47896951018907
919,184.82157635044032
920,140.30919228677246
921,239.06782012772294
922,245.32462512003832
923,207.37249780221566
924,221.67654615917516
925,235.66970967817937
926,259.847358118239
927,229.4199911035417
928,215.83445064874553
929,220.5288512987517
930,252.37404004251331
931,206.26157985879
932,215.19719498033896
933,220.27642611524942
934,153.3322988707883
935,174.2714131398566
936,222.29942030855068
937,184.7049483656447
938,229.67618890101065
939,201.30698071706445
940,224.9590046508305
941,2.4656175266963487
942,171.22264698786645
943,205.67189252328737
944,228.11091677289534
945,220.1430243525952
946,233.8410412365434
947,194.20746397204846
948,121.47448455577347
949,245.5749510818909
950,202.88821611097535
951,233.16714259417492
952,191.43643663512216
953,-42.32606877068474
954,180.33744343482033
955,178.8813593581554
956,-28.30722412384692
957,173.51258388074137
958,181.48497102106785
959,148.13649715164632
960,240.26409335505943
961,217.92896257171878
962,229.22053531938036
963,209.54599179290386
964,189.528919503832
965,243.47162237556435
966,177.78268960296344
967,170.70270110317938
968,186.10545805672663
969,43.43145241712487
970,188.4748209243162
971,203.45703729570408
972,213.95772624774338
973,168.6308040636726
974,212.97216936881813
975,167.06423337836299
976,137.11367697143004
977,159.76064328971543
978,232.6127730466843
979,259.6388438295166
980,188.5451983444972
981,144.8785560432526
982,193.6515913034391
983,181.675788702597
984,168.67072083360932
985,224.1610206723931
986,252.8558469747083
987,165.84705105462422
988,234.82317632791145
989,213.31593285111552
990,133.71573472356664
991,158.83108978083462
992,159.66130081820083
993,114.11922958139952
994,238.90164314704617
995,168.72269652779946
996,132.5376798325027
997,127.91717955093063
998,150.4375498472977
999,152.78438862866645
1000,234.14334563795123
1001,149.1038865953614
1002,197.72831903714584
1003,187.58120189084406
1004,242.72641441540472
1005,160.46978500300906
1006,178.01289254840208
1007,171.67108326630296
1008,218.85786208087654
1009,214.45491656705101
1010,215.26104805841626
1011,241.68459070051037
1012,204.60287874754695
1013,76.8473792790562
1014,171.77785915151853
1015,231.39760075644557
1016,225.23832507934523
1017,193.4191066601196
1018,214.15477013924698
1019,197.4030468770857
1020,197.22652980250868
1021,222.32182218581218
1022,191.78275671031702
1023,227.25652514259446
1024,119.83893906588492
1025,200.2311359326176
1026,143.39120173751797
1027,189.84459236080576
1028,217.85711254079993
1029,223.20918588669622
1030,183.2297670561615
1031,248.54631247178048
1032,144.0312305852331
1033,213.63582559891367
1034,178.38994823968136
1035,145.4110308368154
1036,202.96872356626125
1037,182.19641986388262
1038,239.56968336130552
1039,189.65833709704222
1040,174.7174466944395
1041,175.96176864912223
1042,202.5550295819026
1043,179.88027940165787
1044,159.62759695263338
1045,212.99042479653423
1046,245.0860576818576
1047,142.55959670092517
1048,205.95865752245967
1049,260.93209364171656
1050,165.2391098103502
1051,233.40212261790614
1052,219.0131006927008
1053,207.459216213896
1054,221.4605936354726
1055,67.85495204455856
1056,183.4409400516418
1057,201.48164135359394
1058,213.67785228063212
1059,220.46890907387154
1060,223.5328175422945
1061,165.3676671412063
1062,181.12460256922068
1063,84.44800126829388
1064,234.36509269131966
1065,202.1481801349181
1066,15.066023957112833
1067,221.8825573907347
1068,205.9060420618611
1069,213.58907289528003
1070,179.33387581598186
1071,226.87744069977413
1072,205.99028859083342
1073,188.91043146624247
1074,226.75842158697748
1075,240.74001676971943
1076,259.7039860745552
1077,225.11215859416978
1078,216.48958890195627
1079,115.07917992078454
1080,179.55014822434208
1081,164.72844149077596
1082,24.67063679926339
1083,180.6644408390875
1084,198.58757941629634
1085,235.59472684319795
1086,186.25444473534827
1087,203.28518041129038
1088,200.84213600830438
1089,187.59356252099803
1090,217.66882349867547
1091,224.8872531483817
1092,189.4511440789566
1093,197.05201869822974
1094,172.18008406753904
1095,229.75938312367174
1096,175.20339036697504
1097,87.60070825537761
1098,223.28862903193232
1099,217.00348117313956
1100,192.0384498935914
1101,237.3230833982055
1102,215.8414841331449
1103,171.16089645011914
1104,219.7340273248526
1105,247.73928673991966
1106,241.0061162467197
1107,206.52901198055636
1108,177.98292925677788
1109,182.47923321838988
1110,163.08427269395222
1111,192.14818569095536
1112,204.98861710869647
1113,211.16782501614694
1114,116.12040522696641
1115,242.3488908523145
1116,-17.592052476402884
1117,226.53170277894094
1118,244.17569270840187
1119,188.25939656001452
1120,213.53607060225693
1121,228.52989802129434
1122,215.999349161757
1123,221.61871083911097
1124,83.86298792368866
1125,140.12705353375267
1126,214.5439363562882
1127,241.48129469101642
1128,181.7108688912121
1129,253.65822499164256
1130,250.05258868132933
1131,219.7525606249947
1132,189.31538875735976
1133,237.1395177323916
1134,195.61538473779174
1135,250.18800289133011
1136,245.66694317919445
1137,206.9384598291129
1138,70.70200436422212
1139,212.54324040320313
1140,231.1676331791682
1141,187.87670643738497
1142,166.45672216407058
1143,212.88848429298628
1144,253.5882449756087
1145,216.95691211417994
1146,111.23333836022563
1147,224.94155079618722
1148,215.8956834658245
1149,213.15344117023534
1150,257.15962606256954
1151,250.31005369667554
1152,200.01717046808
1153,231.08873664629573
1154,266.07577564620044
1155,148.1307023831784
1156,263.9880898618449
1157,233.1258940349368
1158,235.45201949369164
1159,251.32707382955616
1160,256.08632953483095
1161,194.70849144876922
1162,239.49551399630974
1163,182.7587650661967
1164,249.59035394149814
1165,236.42050882644165
1166,260.08146717197667
1167,255.2602924435754
1168,215.47379609963508
1169,230.43823305119898
1170,47.811795358922325
1171,237.22360215095438
1172,25.110884203627307
1173,239.00372433406432
1174,239.4561737603441
1175,214.44699335443397
1176,234.10222701710654
1177,188.68432044274988
1178,256.48534388154894
1179,209.46822908137028
1180,218.90886582982608
1181,275.1709375394727
1182,259.7043185795805
1183,269.3882976565595
1184,213.14284448465355
1185,232.07538889412925
1186,231.7335793836873
1187,214.95431546336357
1188,243.2742608153383
1189,190.3329632060475
1190,216.2606307715115
1191,195.48619022477433
1192,203.07712649809383
1193,263.79374035707315
1194,214.60867457452213
1195,194.9816221231988
1196,260.99021863658425
1197,222.85407322082267
1198,211.44871491357736
1199,277.9752499824118
1200,220.083905872022
1201,239.54904180265115
1202,218.47708621195792
1203,195.77018203241911
1204,226.87818389074494
1205,253.4413991169601
1206,203.58404137742247
1207,230.7950616053099
1208,203.13829118658134
1209,259.2831582546575
1210,239.02592889468883
1211,241.44462220509294
1212,233.0608314406233
1213,261.58774973098195
1214,180.5364840621407
1215,212.72540988620204
1216,195.30138806887243
1217,110.04913053784573
1218,264.97800340498907
1219,264.26557398935523
1220,238.1898695244335
1221,269.0657672930581
1222,177.34071803557381
1223,203.37673553637683
1224,215.3883986249578
1225,229.57094066421098
1226,205.90069585562637
1227,272.590258025674
1228,266.70836055672976
