,0
0,-127.67586575242649
1,-63.76852619112226
2,-196.83987590767197
3,-130.16398926855152
4,-37.87330898932545
5,-585.3774702029937
6,-240.70818069035977
7,-343.88207063921635
8,-288.61744321845725
9,-85.9275442387887
10,-190.7787015503573
11,-126.0458807365074
12,-260.79832516300564
13,-233.05188251554873
14,-74.68305891232657
15,-33.53823821999177
16,-345.19544748527284
17,-198.8166523710555
18,-328.31658537607257
19,-11.22860320684363
20,-110.39040753197744
21,-290.5168547005825
22,-188.0938448993548
23,-103.30485761348014
24,56.316883833960354
25,-76.02114025098831
26,-284.04820748258646
27,-196.982521304997
28,-228.4270691124996
29,-109.78324250678182
30,-67.47656211120085
31,-136.6264292671767
32,-54.36471944484094
33,-114.05002632048699
34,-90.72538167800849
35,-135.95490787830624
36,-58.981509185282036
37,-282.03555050110344
38,-52.96633749659731
39,-117.51441737365292
40,-234.65757305599652
41,-99.61382475302013
42,-169.33271379856825
43,-48.58292413878279
44,-8.09390374496212
45,-72.44797448062127
46,-112.55121208107144
47,-43.6275659468956
48,-74.82081132089095
49,-289.26946076725267
50,-101.98039110775996
51,-260.44000607299085
52,-85.51089855247407
53,-3.6996465925958404
54,-69.81284161041762
55,-121.7709103376049
56,-175.44175058948792
57,-67.63822051664694
58,79.77439697375021
59,-226.96686321798487
60,-189.1294166802274
61,-35.87624371638718
62,-204.6860240752235
63,-119.78244172853269
64,-264.11397521479836
65,-255.91773595700923
66,-11.138005843008983
67,-264.8633216349418
68,-247.80221202898693
69,-220.638892014823
70,147.90777798391318
71,31.299509737985773
72,-230.50585753551732
73,-313.0212787732345
74,-147.37316260071435
75,-228.42992554944527
76,-342.2884952981146
77,-231.1462569598243
78,-85.39549314062454
79,-224.75976785695065
80,-180.2901687740836
81,-301.0929485240604
82,-471.26965487982284
83,-90.70389598488245
84,-221.42341434223596
85,-83.22383427760064
86,-121.30985123449751
87,-59.480552791132645
88,-97.85468798703347
89,14.68128172681327
90,-120.55813853346712
91,-104.28645868705814
92,-87.82861668256622
93,-103.61961253916543
94,-109.5803427695351
95,-83.44403118194927
96,-119.70090756224322
97,-63.08847642468453
98,-268.0135573742783
99,-283.13053281861914
100,-75.23800252225253
101,-78.91434195420729
102,-135.11207334466013
103,-58.71193962352565
104,-141.6955254811249
105,-122.9281873727945
106,-143.67164659326178
107,-199.0438624736372
108,-141.0651807116041
109,-116.19945740022072
110,-119.3561135422872
111,-187.14248050775205
112,-27.61248731251216
113,-80.84428274252026
114,-411.5239451043883
115,-98.28967421904557
116,-324.7101503281845
117,-126.42944920057636
118,-49.07083774223445
119,-89.93540274874701
120,-128.24964701287556
121,-83.41198057645191
122,-41.29135302556145
123,-101.7079232605064
124,-92.40238424446464
125,9.978996320987306
126,-80.0241063925655
127,-105.38668594579157
128,156.14212738860442
129,-40.650862489788885
130,171.80158383959127
131,232.36650231073304
132,-108.70083263288296
133,15.960788810700329
134,-42.293613339270664
135,-74.07346614974502
136,125.27116929545747
137,-118.06697897191025
138,-42.54087116981686
139,-43.481064887714574
140,3.987102466075722
141,-106.96683569380045
142,-84.507375180271
143,-28.50595423701437
144,-54.579619395083284
145,-95.69485119809373
146,-34.74802754158596
147,-47.37144463571969
148,-100.55921522302468
149,-123.14484411721865
150,-7.679788369371384
151,138.25811201501867
152,-42.02165637821929
153,242.5086160042766
154,176.40193932515584
155,6.951222564123441
156,-76.75869548397766
157,238.94290044832422
158,-35.720373452610545
159,183.9122987855335
160,-102.82441839621515
161,-82.47438773546293
162,198.8008537795831
163,-45.81318681577841
164,-83.63888936190358
165,-31.751592115215082
166,-7.4992798136199195
167,-14.724081086621048
168,223.73521349685473
169,-59.05105445759148
170,169.25581492804815
171,-38.33315617667453
172,-54.365701659363246
173,-47.38704925238778
174,154.07374979234046
175,-88.75287984792432
176,-73.267784550605
177,-54.89253514477772
178,-75.23426833221907
179,-535.1516826838089
180,-60.92380398492593
181,-36.65636987385996
182,-18.073832676110925
183,50.68872572876985
184,232.52211296372553
185,-68.79348414612463
186,-64.11965362245387
187,-64.76606102806171
188,-32.68325858203605
189,-8.349465774401551
190,-91.00407193159283
191,-8.98440059521158
192,167.83597098282291
193,-60.19084796064804
194,-60.575029109521154
195,-73.49291083824778
196,-80.84786000167878
197,182.18594390980337
198,-99.96944824844675
199,-98.66679980572832
200,-27.65164401838348
201,-97.28217824579261
202,245.6099489475931
203,-213.7950566879345
204,-112.82233854739691
205,-136.03283837224234
206,-180.65980430731048
207,233.48078446907294
208,-104.47883293004469
209,263.7751074886843
210,-96.17492514901181
211,193.16954910418764
212,-42.482609901458076
213,291.43225723011017
214,-39.43624336098689
215,134.11917065248326
216,-16.394517655897406
217,212.0291298720474
218,-47.53633295913844
219,165.70274764635784
220,-77.95503637678675
221,-101.41595639970167
222,120.74335104401634
223,6.621123103342087
224,-131.19117514740896
225,151.85935948018013
226,158.14363056070758
227,-72.86869722923794
228,-82.5920171325278
229,180.49519939255143
230,212.7907653159558
231,-187.9086891681237
232,215.8219924464783
233,192.66688161813533
234,-11.068567883626331
235,212.13460001558627
236,-49.277186461939046
237,253.449823329266
238,194.48694359537888
239,175.54366575687072
240,19.884444394819127
241,-209.8702966344266
242,277.6372306830955
243,117.47829743045963
244,-59.476281980501724
245,-74.02018392215
246,272.6106384824466
247,235.75277485889015
248,-13.48491220014428
249,-36.72404057004576
250,-61.0188934109413
251,-24.171660341221408
252,146.62957533508543
253,257.0283795651601
254,300.7592286057351
255,-33.1376256686047
256,-130.92520534510155
257,-67.51555672792367
258,-63.801555461638976
259,-30.36724625935085
260,-83.80235844459064
261,127.80113867123029
262,-12.352103026457982
263,180.88461890724477
264,-146.25118431083786
265,-103.60887227962124
266,-81.63263913334382
267,187.21374369522852
268,-91.37556407254355
269,-72.1982100537559
270,-57.35060738929062
271,-68.84598135058579
272,-76.84850885090852
273,280.2992694079103
274,-24.426767917338722
275,214.07731924234304
276,253.67332423723457
277,192.89371368426958
278,247.07922324888517
279,-212.6155569148665
280,-75.16350922806782
281,-101.39737657663822
282,212.26326673204204
283,226.27343133278103
284,-359.9816862636842
285,247.18975278050544
286,-347.16935843092466
287,269.502458409795
288,-26.159545947833518
289,251.05117944190346
290,163.76912006442637
291,291.1870257866585
292,253.8783074114612
293,219.67540315634335
294,177.66590455392287
295,153.46269696376166
296,-59.355992103537304
297,-128.32645313097615
298,225.50129088284712
299,214.6010381781285
300,213.4620078633703
301,-72.3219779646969
302,278.86201733066315
303,-73.5991511978556
304,310.54066272523187
305,-90.62054367085959
306,240.8705919377149
307,255.2494744134402
308,257.4850555103508
309,263.1075980632787
310,207.93217958717352
311,265.54163384789126
312,270.96786292012996
313,-75.98637887086988
314,40.51325244500492
315,294.637536083604
316,278.4605820801236
317,321.7680590669154
318,252.66777064678533
319,251.57840891149846
320,275.877956818833
321,-68.11987122787734
322,252.06273985235006
323,272.3641786636315
324,6.2145239378561286
325,-46.17162056688379
326,280.35209917395696
327,-95.07992651483092
328,232.20453935140824
329,-36.58281956386129
330,251.26102710525038
331,6.656905253569718
332,223.1651285936344
333,4.450227080469119
334,280.2071744103885
335,-26.33969397190195
336,-26.815871927364206
337,53.44670128096203
338,-87.6805851693942
339,1.2829265265116163
340,242.24313488259702
341,-88.11610163587395
342,33.27009892444025
343,291.57604351574804
344,21.734181269484736
345,257.81009290163377
346,55.30253531680688
347,13.927753813312236
348,226.85437756709695
349,29.897238941136152
350,26.02194492389053
351,265.9392551065497
352,-85.83378902200764
353,240.2296362216488
354,292.00209563616374
355,-73.0070252408296
356,-82.06190570068495
357,-71.13378064912844
358,228.00103712981948
359,248.0785980330632
360,284.4659101589509
361,266.67142396841723
362,323.23287059112204
363,-31.939571556511652
364,257.6010870289875
365,275.69452600000943
366,275.2452076040755
367,251.47439896880803
368,293.92246632323304
369,78.44840804284385
370,252.39011490139325
371,9.627848097943982
372,90.37447484880192
373,238.3062220217561
374,225.8861348301395
375,-127.25393899109534
376,218.4547777040226
377,-165.3922954165126
378,25.6824879997679
379,267.45135396136857
380,14.104092237594898
381,237.64156479428175
382,189.41439512411227
383,241.64162817179985
384,188.87032137077074
385,-60.18695714868578
386,-0.8508692116685523
387,268.5020433383188
388,237.23370709889065
389,19.314761994132
390,22.345162515481874
391,-149.89517717730257
392,223.32985698263366
393,181.58463748047407
394,-314.6063231965214
395,11.01252529477371
396,309.5474348969509
397,-234.83230990356162
398,5.379693871569373
399,56.00331938069692
400,280.09343357907125
401,-4.166057912719495
402,-127.21743753688796
403,-341.150208872671
404,-27.71094650596679
405,-34.980219719217445
406,-77.94521849173273
407,-73.9428602559761
408,223.40414599819366
409,-84.36558620485695
410,259.2227074731593
411,217.68662391372118
412,268.75629566818816
413,222.61923062034265
414,14.292322630645884
415,274.4860116841958
416,76.78639043268657
417,228.55750770866018
418,-38.24040358424181
419,-62.03393308004111
420,135.94945524263113
421,-48.41883362707344
422,235.55403945615936
423,283.7185072531661
424,216.29737552906437
425,-39.66787386664984
426,11.617965166796324
427,170.0238158904188
428,-26.46696011516522
429,0.9135967782448802
430,-62.86074066271301
431,151.65325945630354
432,221.89496749765078
433,-39.972561540536574
434,213.22370480837077
435,294.9986572785344
436,-253.33859877719513
437,-28.204081812856515
438,247.31796360707432
439,-22.720396600062983
440,23.009786933155553
441,-44.132746646541094
442,-11.016200987830814
443,230.3279914596211
444,264.4128034263474
445,289.84088356303073
446,244.32687648923184
447,40.02866816273149
448,230.02366785264414
449,236.70068336881968
450,251.54599646679299
451,177.6456502685289
452,-219.68776176629348
453,-260.5864309943365
454,-181.5580964229676
455,-11.871661737781963
456,211.01282051153905
457,214.91915460919324
458,236.59836218335448
459,181.67898874530658
460,249.46042829330744
461,245.0986602782784
462,251.8386769235183
463,21.44070988238819
464,256.1629652445824
465,267.3518409167417
466,225.19792914054742
467,234.0536008792195
468,-87.28971540385442
469,263.61770097677567
470,206.9067168079248
471,256.96022161867097
472,239.67582594736018
473,214.4238535290536
474,-59.70149891398944
475,-369.7569995804122
476,278.6711356149418
477,-223.84609327248353
478,253.88206713089264
479,236.62841682807635
480,-3.350453826218839
481,254.65741988617748
482,283.2047655037683
483,225.5153066707851
484,-352.1548356435466
485,248.24496613810066
486,247.84901676360943
487,221.9011263500218
488,244.4006182356857
489,123.74155928597652
490,208.80568325479902
491,52.308861127553655
492,227.30942372469423
493,-23.646869105014588
494,233.8331171424549
495,263.7282674958443
496,-34.64093543193043
497,189.96574203603024
498,236.65220861896728
499,297.3667166273638
500,251.90600392046088
501,293.0247473278732
502,291.5553303510757
503,297.35559328181625
504,280.7382066654577
505,283.5540701067986
506,235.14146754967874
507,251.28694082435842
508,1.7609825423201784
509,231.25368751133706
510,267.57352410879975
511,-214.4932120854907
512,176.6136338660878
513,281.68948349988955
514,268.0517977435493
515,-241.60364430233682
516,242.1686982696037
517,278.111308454476
518,247.73943435894847
519,280.32699410264115
520,-24.706941041050243
521,273.4346525740673
522,264.4555105983204
523,-24.227344270840575
524,277.5553366912883
525,234.84393346784032
526,-39.70161995533435
527,-42.257427526421054
528,235.33402304712115
529,248.4747619291387
530,-112.10761422192977
531,304.04132720653695
532,283.44447788349623
533,240.5163592203647
534,305.38197993973915
535,292.27881230951664
536,203.86683621902782
537,278.30118407589123
538,265.80906360621316
539,261.223844338642
540,260.2749757857108
541,309.2732478149975
542,280.4418829321885
543,264.0153591589528
544,284.61310386551474
545,235.8986274327186
546,127.25029180929066
547,175.7372386887484
548,242.65600488973345
549,301.8433106922299
550,269.3636687777105
551,309.77331377048307
552,175.7359575174921
553,193.5523143261409
554,-18.386111493781428
555,197.22089552958695
556,244.1950354671178
557,238.4098172576832
558,233.46045266198237
559,161.97771702326122
560,252.51293104267924
561,303.68593982887967
562,230.17582554942902
563,265.88204484600567
564,259.66276372095865
565,235.72481293266614
566,262.2567293539844
567,57.868220524121114
568,253.52283693839428
569,258.66763107966966
570,233.56941311385577
571,287.6583251615073
572,240.70541060857798
573,250.7731142873013
574,193.87114564834812
575,90.02160507376875
576,158.3175255206654
577,220.51844982423785
578,220.158544594013
579,-24.509830996772706
580,220.39730914404782
581,124.91334724803983
582,-199.89770882931296
583,15.149059657179336
584,270.9416211958694
585,270.15979208888854
586,165.92549968515382
587,42.83624799867195
588,276.9160125547076
589,228.20814564232322
590,8.40319588374841
591,280.5529031687273
592,190.8935715765671
593,255.01388889381107
594,-7.385003665087609
595,145.15686043396028
596,260.1879254166106
597,240.449593474761
598,195.86576143157157
599,228.03826884109188
600,194.45795154043464
601,186.09652962092838
602,-39.855478130564954
603,259.05077504184976
604,-48.7484363108623
605,262.00188512726294
606,318.71549854518577
607,239.62313315101585
608,214.2287281159555
609,197.47623956458614
610,295.67695588741617
611,289.5148512748417
612,234.24364222936543
613,243.48903708971204
614,247.1537282182436
615,285.5932670473693
616,307.3754204406193
617,229.49674905450544
618,308.9950612541719
619,255.95208132765453
620,-5.607380676818366
621,229.27724006554675
622,202.364680993322
623,17.997432186987567
624,226.08999584401147
625,257.69659199520197
626,296.2710100571646
627,215.38413977853924
628,289.3750435838904
629,287.6019506885594
630,230.09398856569348
631,306.7304875220376
632,203.40620004970583
633,299.9428984142777
634,249.78207508743418
635,242.3053537427433
636,303.0148020030774
637,185.03445651239312
638,270.91979910490795
639,266.9580036428183
640,215.15665115082606
641,224.61411193788035
642,269.87261697232594
643,268.5860177655986
644,259.3630133138478
645,24.084712583015815
646,284.2998263185185
647,166.21585410959057
648,252.54798092349188
649,231.83507741529144
650,150.6168404196235
651,245.23072538100314
652,218.85990186378237
653,190.79390868201915
654,300.9397044568599
655,222.7241863295871
656,176.2224149314104
657,277.41651875812715
658,306.4052971277273
659,271.73912817857894
660,241.54741481862732
661,207.02602143538874
662,178.6498579194768
663,-3.8437756142455726
664,234.41685993932293
665,222.37721460603612
666,232.1035788435103
667,164.5827866237032
668,296.803820152543
669,302.47854401559687
670,205.10064815207576
671,264.5945344299929
672,245.10861924854916
673,205.68511646149642
674,254.8501721179266
675,272.80637703538014
676,251.44067473038672
677,228.5668907804075
678,233.50264063967467
679,205.38953106899686
680,5.461719124469454
681,176.823431562207
682,212.81331822246608
683,191.43449318519228
684,229.4108092799837
685,226.28631370259419
686,282.7456670804493
687,231.19178421540835
688,231.01756245371655
689,255.95372573700195
690,214.7968432953246
