,0
0,-217.3804615573755
1,-132.56406447897572
2,-6.714266908655603
3,-86.32813824683724
4,-146.790630609235
5,-394.78353145049357
6,-324.24777464152413
7,-107.91908309384411
8,-396.2853107694724
9,-139.45192926300447
10,-331.0953004365339
11,-247.14500891725464
12,-71.85347494784672
13,-72.90587349405318
14,-304.21133293448304
15,-92.62328334167833
16,-112.99605048645604
17,-127.56235717587457
18,-138.55822677531597
19,-78.06705572919549
20,-89.80672014297768
21,-4.236211009312996
22,-78.93863730251951
23,-139.15724196743503
24,-101.78460251978066
25,-97.1310659832584
26,-268.5354859756209
27,-153.1721929783588
28,-302.9708245683389
29,-257.9864090091475
30,-360.20529860710997
31,-31.035294226182913
32,-286.69404761525664
33,-356.5652228910004
34,-442.352818570513
35,-311.25422009300576
36,-134.83962904676625
37,-88.47963928569047
38,-120.3852037456916
39,-69.09298405854629
40,-242.30029449395332
41,-211.7243908303907
42,-124.24402489323218
43,-154.87592490301847
44,-154.8756823867682
45,-76.8043948943062
46,-169.81091923873194
47,-76.54287218107905
48,-133.884204319884
49,-325.23120678247403
50,-306.11011255005025
51,-117.97944756609552
52,-339.1608104658758
53,-66.77625525336
54,-206.10399282447614
55,-175.10720361357994
56,-51.07722000658413
57,-91.25698963671297
58,-43.4105975861276
59,-225.68303578019774
60,-179.08348765863045
61,-116.38772442802342
62,-243.6353708981887
63,-80.54330739966119
64,-162.4117916815496
65,-227.55256311437313
66,-81.9346950124601
67,-68.73559866345397
68,-93.03107376679375
69,-85.74865846683986
70,-23.65765306661794
71,-45.46723548215873
72,-191.9145724197932
73,-79.33965902841419
74,-125.96394217734206
75,-46.199362948804705
76,1.7096328440813835
77,-196.51968249282683
78,-283.27835033734095
79,-46.700261255885906
80,-58.169154881992156
81,-169.65040878963748
82,-270.42538249498136
83,-123.51036868964007
84,-326.1977033545169
85,-116.1058747486728
86,-59.56075207826011
87,-88.1216218816332
88,-83.33403967687593
89,-175.07161216149535
90,-178.63218575715513
91,-159.92528734252897
92,-122.87663433074786
93,-113.66455001374338
94,-157.5498024957579
95,-129.23035263693166
96,-249.89600785993173
97,-113.8823203417997
98,-46.08749706616854
99,-110.1758143543992
100,-115.18376760167214
101,-214.47858465536984
102,-137.05704762148696
103,-240.77707198266924
104,-157.28980792063788
105,-57.174710642377306
106,-114.44444905590774
107,-66.30321214591805
108,-192.20364279538683
109,-62.83921695388523
110,-26.97002740342343
111,-44.50690386324685
112,-54.27746446921223
113,-66.41670834672595
114,-72.79713805899138
115,-94.51394210640134
116,58.35036707334648
117,-41.609110181769594
118,6.032525395747015
119,3.67724741667557
120,-18.865884675812325
121,-53.54925213104332
122,-226.59153059215674
123,-144.33541773883894
124,-115.1177753645493
125,-211.99394673541997
126,-91.936188131424
127,-109.07848649382811
128,-144.3880993844736
129,-26.654290766954446
130,-91.96995819333449
131,-85.71526537597751
132,-130.64931256499023
133,-32.42504469608389
134,-108.42093593361635
135,-218.67865020856442
136,-150.23132143670756
137,-118.66907951860436
138,-88.30095386309424
139,12.93259818106803
140,-51.6788374299216
141,-92.31133842463397
142,-256.22431352488735
143,-65.54089044851277
144,-159.5234235203515
145,-150.05724594093778
146,-49.195405280636365
147,-85.37789586319732
148,-117.22913682185406
149,-120.96745288393868
150,-42.572625737443474
151,-34.81410406501998
152,-55.331351981553674
153,-48.718719528017445
154,-28.942029676820457
155,-31.12661736963047
156,-95.09098017336547
157,-34.02653830335271
158,49.38475311561844
159,-2.899283448415961
160,-13.844080055252576
161,-58.85000960965901
162,-1.0920279400317263
163,-23.295485505012724
164,-74.69279613858959
165,-30.175968369964195
166,-26.25029385245918
167,-12.595355039507591
168,4.674309563257183
169,-48.85362682121051
170,-158.76701767405666
171,-43.85478392314613
172,-37.4501572392647
173,-35.72994486914728
174,-45.1224592123818
175,-44.53403998495255
176,-99.56362379567493
177,-3.9369331121624525
178,-52.75642788788995
179,5.43965264407465
180,-50.496352400130796
181,-38.56912490785058
182,-196.71098762756074
183,-30.044818756821844
184,-10.18983138948569
185,-6.606709524163373
186,-31.265340401865814
187,-27.150912223556972
188,-34.270655094355924
189,-45.99362339874309
190,-3.748168117273276
191,-1.7723662042042985
192,-52.15289403705788
193,-12.98310450574055
194,-50.930589599093295
195,-10.379606170323402
196,-0.677993048369242
197,-44.33386338712971
198,-30.567585960708225
199,-98.77460491592983
200,-23.617665194264983
201,-58.2533271566856
202,-62.66639279126598
203,-34.30188730300089
204,-10.271602204760255
205,-79.88355510857322
206,-98.47779486884096
207,-65.24560016242836
208,-26.883907049198665
209,-4.509159886692839
210,-47.13401456066746
211,-28.30508217312851
212,-61.773007490387556
213,-47.73993239306338
214,-29.200949398759985
215,-19.639225188612055
216,-37.45295355194241
217,-37.17220999188656
218,-78.4997366395943
219,-34.88582119619085
220,-3.2457150185946677
221,-29.261880501791833
222,-29.61562613647459
223,-55.57932621464579
224,-48.76588991424062
225,-61.44395666673601
226,-45.18627736445642
227,-36.6509372171881
228,-1.5778229287644114
229,-39.32365285123939
230,-16.646416968778656
231,-38.046656175399015
232,-38.64617553089187
233,-9.766210565656223
234,-59.29827714969615
235,9.301315260781386
236,-21.230585969644398
237,-76.04674216939021
238,-27.720512612017707
239,-9.394989579847195
240,-67.39537719935734
241,-14.779910291018432
242,7.007248786667794
243,-40.28169237827895
244,-3.0845770363265927
245,-4.889530963168146
246,-54.965205078283674
247,-73.53667248289486
248,1.0049586048807704
249,-13.209562449273633
250,-54.59660503432203
251,-9.824060952457199
252,-58.54276634239261
253,-18.89226192250193
254,-24.882614295662886
255,-9.085114585240303
256,-8.814405271415207
257,-14.508266589709905
258,-34.10371071568199
259,-36.5076584711271
260,-72.5489948755805
261,-43.27694648068734
262,-32.546757653674874
263,-58.20727018146299
264,-46.637537751726434
265,-69.93394112038882
266,-90.72769673821102
267,-37.477821255829056
268,-44.42931576621008
269,-84.81181692476021
270,-37.198492035710785
271,-5.8406277348905125
272,-50.36749355052155
273,-31.886034841578137
274,-59.62074680457228
275,-32.57944541700543
276,-42.31019473275658
277,-60.97684347642914
278,-55.418653469725754
279,-8.151194991637144
280,-91.24860375511788
281,-99.97182215547336
282,-56.73109625207313
283,-87.57802287455819
284,-75.77882171776032
285,-73.80443419469063
286,-34.71183871891938
287,-32.485994255126315
288,-48.6118141657329
289,-24.129709180418047
290,-87.98856940012391
291,-21.135068704532266
292,-35.0292449212215
293,-84.41306409306718
294,-32.304946027322835
295,-81.52824340559047
296,-73.6322285467273
297,-38.84078752168359
298,-58.8490115536921
299,-39.270565639496375
300,-15.699675383768739
301,-42.460399830407525
302,-16.136345635690738
303,-65.46408627190762
304,-57.607989686952955
305,-34.11629474967995
306,-47.621590777648194
307,-19.624618886882416
308,-61.529535507167076
309,-37.152236222265586
310,-73.92872736999439
311,-75.69744555387044
312,-54.965050146215546
313,-101.03665190556103
314,-7.137033603360048
315,-88.2112579170209
316,-47.220238888536805
317,-39.215078414313375
318,-70.82846425782365
319,-43.8585062668266
320,-38.44748507743235
321,-14.47476591217814
322,9.960597808968167
323,-65.4339751097179
324,-45.52169008248277
325,-35.80515874214345
326,-71.18420736304789
327,-65.91451077997412
328,-45.64719751934064
329,4.27021458824322
330,-36.88658690931469
331,-62.37352661120139
332,-64.54495144966273
333,-71.96814257818733
334,-2.599048073234278
335,-1.7227205532204626
336,-71.93845588138377
337,-86.08121430325346
338,-67.85337615485416
339,-84.77642198770766
340,-52.61813948612409
341,-48.407855346782696
342,-52.16698211382141
343,-14.48365339351616
344,-88.22203743231634
345,13.679677322160595
346,16.654734877552013
347,-0.2172907877883709
348,-78.60097365933612
349,-33.2406447134303
350,-72.45256738682086
351,-37.169167450140364
352,-38.73627026609087
353,-23.48544421293044
354,-36.48937167826719
355,-33.86998732315447
356,-6.705812066370983
357,-1.8713563502317203
358,-40.961928749094035
359,4.674118533660046
360,-28.434038360366294
361,-88.16836914278508
362,-34.66202964370524
363,-61.96493841925569
364,-685.4746583198222
365,-21.784062996664687
366,-72.99380293186661
367,8.483300167336214
368,-49.441990242997896
369,4.151391241736285
370,-6.464509353150501
371,-35.75058472908463
372,-27.17369481932113
373,-38.267645520244315
374,-39.42146143293998
375,-26.482798369513453
376,-8.739277163644998
377,-13.012042770829723
378,-12.717264072831137
379,-61.311021889930636
380,-70.82369719414646
381,-58.1350690685902
382,-27.194699401616496
383,-2.1659678158193696
384,11.919131513712557
385,-21.214303460703178
386,-30.097926955546043
387,-52.28371267735614
388,-39.410775929994955
389,-70.48461409666807
390,15.502610921656924
391,-16.568992202409913
392,-50.7306473626439
393,-48.75056567674596
394,-39.09420360176171
395,-21.02781112255048
396,-30.416406799392583
397,-33.37940457626491
398,-13.093942417041603
399,-34.99459105016038
400,-63.98602390562026
401,-57.688526496385236
402,-15.067716873714591
403,-64.5512192083592
404,-9.838168083782993
405,-11.667112070747333
406,-31.118234440188242
407,-19.378560110225223
408,-41.04691970424879
409,-30.45908726771212
410,-26.008516801056114
411,-26.075030884126242
412,-64.07606974995649
413,-52.471847300781846
414,-42.41118107760372
415,-45.11003112565166
416,-66.01808356752774
417,-40.10466425531703
418,-47.558574325498704
419,-13.719903624076178
420,-42.89592129369241
421,-29.589330854650914
422,-31.116757330469234
423,-27.017099529814757
424,-0.9230336513643427
425,-54.17410806032815
426,8.33994603200736
427,-4.1264751930265255
428,-38.24275326671624
429,-63.43715246413925
430,-36.109291700765695
431,-53.04097970665862
432,-33.51310345641038
433,-40.53650728551172
434,-52.0961047558598
435,-78.15717089981548
436,-45.490778310010796
437,-82.62547455907159
438,-48.188564503028054
439,3.768102514589975
440,-12.533450508463815
441,-28.06107477292996
442,-72.30222201946258
443,-60.74433493143868
444,-32.72648440440604
445,-28.560947528334896
446,-93.97075957689658
447,144.9498637507107
448,-25.479228943223948
449,-11.790756768427288
450,-40.024785013306854
451,-56.36492114456244
452,-1.7933412377855997
453,-28.084165365968804
454,2.7790176106090554
455,-67.69102944629823
456,-21.696841430235928
457,-45.7755796744054
458,77.74022078037737
459,-21.33719857699526
460,-25.968936850867667
461,-20.314688575281583
462,-32.456890878531084
463,-22.288609135112495
464,-38.61995074488276
465,31.918493642865286
466,-36.12470006247622
467,-49.983848625844544
468,-38.53991361272061
469,-25.93147464055603
470,-14.862967346777266
471,-18.87633428245848
472,-22.19349346861603
473,-16.37930022770634
474,-10.848290042122748
475,-182.01395459514748
476,-30.326719994690958
477,-38.03221354462888
478,-15.432843574729326
479,-45.97497174982934
480,-17.319752665908585
481,-11.557491478961246
482,-50.04493389750465
483,-48.097751849230725
484,-9.890637746339934
485,-26.234840540946458
486,-32.811857712990545
487,-33.17594314252794
488,-33.510513048375685
489,-54.6862506200512
490,-19.30941902285213
491,-53.72635894421269
492,-20.64218331258575
493,-32.929083883062816
494,-17.875548376283284
495,-16.481458290070453
496,-176.47831162839287
497,-35.05025182153685
498,-26.376864928555275
499,-27.7283627560473
500,-68.335744121002
501,-71.46245749117176
502,-3.940803292176385
503,-29.866637055013673
504,-28.36704127227111
505,-26.046739952113654
506,-63.42265239059051
507,-23.492656858539274
508,-36.11283806569235
509,-42.669777152726496
510,-12.613983942737415
511,-55.63275154771544
512,-38.57223932679091
513,-68.33509869587603
514,-34.4077813868386
515,-51.47605882410384
516,-28.24674230131384
517,-37.55294280723604
518,-46.68960100750838
519,-37.440586873394054
520,7.288949625543487
521,7.5015788886673755
522,-2.039888100834748
523,-20.4837346414511
524,-40.15662829524903
525,-50.89161132416306
526,-45.19257392260581
527,-48.725620868422126
528,-12.289402670771835
529,-28.95172347008406
530,-27.170758988446387
531,-38.56760149335932
532,-56.864314819749275
533,-51.761972844793284
534,-39.6862964325721
535,-13.456000106965996
536,-42.6247829286945
537,-18.60474019497364
538,-54.57893857583796
539,-21.885262131979665
540,-31.579103322046112
541,-17.12115548553474
542,-49.65432660206056
543,-9.910079889555401
544,-43.081603177972454
545,-6.022861965888413
546,-29.964999327578255
547,-23.945002453486424
548,-10.84895798675101
549,-3.6100869668320517
550,-13.355754950212933
551,-56.27157112348644
552,-1.8055120365581723
553,-23.891564685712492
554,-40.75055780874828
555,-13.046540398989196
556,-15.210393971368916
557,-8.583274452200834
558,-16.553815892135407
559,-64.1089347973513
560,170.7567166374817
561,-37.99848866137493
562,-35.64619578133357
563,-21.30107753912832
564,-29.90371933535529
565,-22.307877710753402
566,-40.23675006808463
567,-27.057551473248807
568,4.398131725276524
569,-23.35032495351776
570,-25.006966664555105
571,-7.300920404205003
572,4.070463305143274
573,-35.119416988684456
574,-48.712290356590145
575,-65.36961901913782
576,-10.369506208338686
577,-11.78634962248304
578,-44.37925098859119
579,-10.755249049132152
580,-20.079869974162204
581,-16.320134988508357
582,6.554146935783005
583,6.0490536530039565
584,-36.00177379703114
585,-74.04494103720681
586,4.577670407982297
587,-7.540077634599637
588,-16.714318229366874
589,-22.467806611123013
590,-10.207444562135821
591,-14.88899636325803
592,-11.64697243587086
593,-8.201312875735633
594,-76.42328332130481
595,-127.62656013406878
596,-34.396886703717094
597,-7.205323276831992
598,-23.635757611277334
599,-12.414668667880083
600,-47.027341072996364
601,14.721829528729224
602,197.8068099071376
603,-7.2232386675522084
604,-24.24923184726862
605,-46.62903337389311
606,-70.97701536789047
607,-0.19679102265910808
608,-0.49903268189646877
609,-65.83118373095641
610,200.7771219057788
611,-16.8438349212844
612,9.366710989750818
613,194.78284358411713
614,-35.064517480831285
615,-7.359807516988997
616,-37.02915952895067
617,-25.23242236022278
618,-38.82344110033668
619,-70.6857287425612
620,165.68150292516492
621,-12.40656344588215
622,-54.41180442779485
623,-27.19379383756353
624,8.161890337654796
625,-27.75346717510349
626,-12.81093439394363
627,-37.81213314053065
628,-13.928735098918935
629,-28.630554256207972
630,126.63347464617384
631,-11.958069744866119
632,-42.93386453011643
633,-29.224323010078372
634,-65.11344213202763
635,166.20385150518314
636,-14.592754867806898
637,-46.930529837198584
638,-10.888188319464279
639,-24.698266690010726
640,208.39669816902517
641,219.6023672985291
642,163.62875617218808
643,-35.73790265937997
644,271.500837655487
645,-46.170000591249014
646,-32.98388153777144
647,-19.97698587862722
648,-36.78567731407216
649,19.206942909207793
650,-22.032542749221932
651,2.315807257599701
652,-23.756156980572502
653,-50.70177527401632
654,-10.509665443342143
655,111.73557615995628
656,204.13068530692448
657,187.7658766425862
658,-1.892211253272177
659,-16.269524399663307
660,181.63860221432415
661,-29.82580155109995
662,-10.965037116882314
663,-105.79068206058626
664,11.34118339764079
665,-12.644220423995225
666,165.1679098641761
667,34.601342381104814
668,268.6464840996429
669,128.77545834548934
670,150.70818653854596
671,0.15877986750841622
672,-61.47697474436052
673,219.9881300886005
674,22.67793090562472
675,297.43679388384464
676,-30.322047329307406
677,-224.85224102927154
678,-63.29832213131947
679,-40.26255860179051
680,-1.1069989638335513
681,-49.59835421862614
682,260.98130615827404
683,5.292400322919286
684,-2.1491768523593224
685,160.09845229819487
686,-50.04603508686096
687,-40.376204165386305
688,-39.218872757268166
689,-21.69971847571675
690,-34.80918881315203
691,223.3622136289598
692,-62.00156392644352
693,4.654667653830941
694,259.06167255367683
695,5.556438411182953
696,14.404722383279
697,44.65178945355382
698,-45.25569051184735
699,-10.324337822304994
700,-28.828787678503435
701,4.419115830850387
702,248.1026507718285
703,-26.906046552432258
704,-17.376716399768664
705,21.708228488779838
706,16.251024402009275
707,-7.98452748913387
708,-22.129035929423107
709,-44.563066125063266
710,-39.44292439933224
711,-33.9162928104177
712,-56.68042978947655
713,11.656988322952513
714,13.596653420003122
715,105.15987234310973
716,-21.53265905088725
717,-13.065015587456827
718,222.6526443054152
719,-9.20654336805119
720,-13.723517464898222
721,-6.6260611095458
722,-53.47838794790396
723,7.428641101711875
724,255.45408406183827
725,-47.21902241375439
726,-5.005212430348682
727,-37.39015208188562
728,-20.4738012107153
729,150.83684997081428
730,216.0791909363445
731,9.209703929632852
732,-39.88240528302467
733,28.36608122089346
734,-25.009947957631496
735,23.879856984900826
736,-55.24133076550941
737,-34.66444548052382
738,-25.96360192752916
739,248.98367422067707
740,213.54638853006634
741,194.11958934491958
742,119.24933394385593
743,-23.15894531575961
744,13.65631616460125
745,-42.028227000597305
746,-43.477085369436935
747,-12.1123266431602
748,14.269643141399984
749,-41.98378294400888
750,270.4667486724635
751,3.099906789870559
752,-26.172277744391295
753,296.8988794365116
754,225.1135588331756
755,-36.597961374369
756,-28.913571456994532
757,-51.254413728905774
758,138.084481690664
759,-28.287327695070253
760,-4.6592314495622125
761,-54.1232248665605
762,-32.02681011847928
763,-34.87897147128622
764,10.200555701102418
765,-26.246380364333096
766,-20.309050201849175
767,-9.023400250656625
768,-54.03252783834366
769,-18.617609011567833
770,-39.87534254296934
771,16.03751927687523
772,1.8073547933039293
773,-30.85304356370862
774,2.769822658337064
775,-7.286172941522154
776,-36.64466064784055
777,-297.55852175458847
778,139.10857891665734
779,82.73033639464848
780,140.32688667309083
781,-47.09346296607385
782,180.36226238446562
783,-307.9066749643775
784,-33.39347761225872
785,191.51847671435195
786,-33.317898304765876
787,274.3417699168944
788,-67.82580191158661
789,-35.79158919536163
790,211.33459138234588
791,-76.94329281283197
792,-51.43425033118287
793,187.32669936036123
794,202.4579330861354
795,12.378163665422626
796,-13.713937735958785
797,-27.76708163432245
798,-21.472354442460425
799,-12.004339955336434
800,-9.205890713750394
801,-37.334664511119215
802,0.5625913274302226
803,-67.23427183625796
804,-4.15994353386193
805,-15.37067762599332
806,4.573251645171284
807,-331.3365726492186
808,-339.70591631370905
809,153.3073529278992
810,-45.90180521058245
811,-17.109045135050458
812,268.9871806074708
813,157.1947138039972
814,-6.470220034031456
815,-17.325979371239235
816,-93.8153117376832
817,-31.20491180601424
818,161.21654920350844
819,-31.50520030902392
820,-4.959683785974577
821,167.3331308728272
822,-11.622559791478185
823,17.00415581054182
824,-12.989470521050551
825,-10.430003746877121
826,-30.582955292636093
827,-16.04051922002664
828,-30.031861201146025
829,-45.760351381169684
830,10.323118552804353
831,-8.240590804825002
832,181.5748120312783
833,-15.43039369541825
834,8.503279498771763
835,11.893671864638018
836,-8.343508502841448
837,-16.91799916642164
838,-63.84932737867742
839,-37.50021177444498
840,-4.924226526184684
841,-17.932401062016044
842,-20.18636164978071
843,-3.146875972502742
844,-19.086038024782354
845,-36.794994584006496
846,-40.9094601430265
847,196.5329643189855
848,3.9521731184600846
849,5.523536062366811
850,-57.27144785957092
851,-26.4662439220841
852,-48.31082567400268
853,-17.127978835599286
854,-20.709970304804013
855,-4.10064098877872
856,-22.23892169662498
857,164.13572282915362
858,-41.624729022605294
859,29.41870900322209
860,-275.42767084739376
861,180.9902893624765
862,-23.729025343133742
863,271.20788701395287
864,-26.74315947035469
865,150.3009667274736
866,1.938747853359842
867,-28.818794406953643
868,130.5260464723764
869,220.3731409644408
870,1.7437668616137356
871,168.80960303189804
872,242.18380305841754
873,-25.683170834369456
874,-23.24063615587064
875,186.74678223461603
876,32.328020918452935
877,243.73937742914356
878,176.25572331485847
879,-25.94678351428553
880,-14.829695828924784
881,-50.195049228422356
882,11.558267932277747
883,-38.67370448939783
884,4.456058204812928
885,271.52196477086545
886,252.67230021720272
887,207.09759250835413
888,-40.12218602956019
889,244.96601929695106
890,-199.74456103681243
891,220.1920538032649
892,177.60975738743554
893,188.0419160851803
894,250.40201872010527
895,-67.74998374623411
896,-59.11952755871724
897,193.54867282786626
898,274.20584201406785
899,-15.825564519991442
900,-53.427736934622715
901,151.63743951152435
902,137.8561749845035
903,295.8578915436434
904,182.10440027203958
905,225.0432250914564
906,229.65475056206196
907,150.26348430766498
908,233.50385991136287
909,222.89690907953553
910,227.4115271716423
911,320.5413957496892
912,228.68534774052026
913,237.6048739829048
914,244.56236783005193
915,225.28488096973035
916,201.96049894729344
917,251.94982010773458
918,197.55544534299324
919,246.10388629706395
920,187.08384469810196
921,250.75704222883792
922,199.61039093310714
923,174.68641196550507
924,259.6089225869681
925,126.38798167189726
926,233.7059346161674
927,246.85735322063638
928,268.97573695027097
929,66.69820199094025
930,216.10969401528897
931,-3.8497278875192507
932,22.980603667909605
933,232.20856056369726
934,283.2046093143363
935,245.9663970800931
936,267.3537114647885
937,277.4163554693315
938,250.48435089793168
939,-109.9110556708461
940,231.8741623048856
941,241.94782861779137
942,210.79979876100242
943,228.51714112083687
944,219.03185526733608
945,251.16922097799448
946,122.72795091287078
947,230.53557768489694
948,263.74920386730105
949,284.8186555448387
950,224.0948094217564
951,223.2368286654186
952,224.1467710103088
953,191.47272844813153
954,264.3419404111902
955,170.6270113653543
956,246.8282771647321
957,185.08516384640507
958,12.192784108032228
959,266.1053777881328
960,243.0843403815293
961,230.99926609896474
962,260.55273328817486
963,254.53414868754885
964,278.01760869296544
965,231.53834101506098
966,256.0372211853048
967,-61.90473252902174
968,-61.70098123125398
969,-71.89186254278701
970,259.7352770184963
971,217.71206329503866
972,213.331714057991
973,150.53771735017165
974,271.53851400353375
975,263.92736457359933
976,258.56364952760555
977,236.75082395292588
978,238.62427678071103
979,302.2387793376063
980,202.21207804640522
981,257.32222347376666
982,189.80285054526672
983,286.6871491816265
984,256.30376037528856
985,218.62927691087174
986,250.5538906921339
987,208.6819012758349
988,224.2814561682037
989,267.56818076790864
990,250.41155046416608
991,217.80244191856326
992,271.5523905174131
993,154.09277741665105
994,235.68084505741456
995,-88.07115204972283
996,231.69064521506044
997,234.42574533621587
998,258.70291432217334
999,178.218235805744
1000,252.7536022562243
1001,253.0844418903769
1002,270.23068470842907
1003,287.2303456350404
1004,238.17631900092766
1005,227.9804074831924
1006,241.2252340295105
1007,259.5953782913065
1008,236.7078294641123
1009,242.42821795997963
1010,252.04292494855406
1011,208.83076013309466
1012,224.82923896346142
1013,175.80385269376598
1014,222.02925171941052
1015,245.38190797186564
1016,210.5040008610247
1017,222.59568161348682
1018,193.24602442595494
1019,231.1783042456581
1020,291.6772170873624
1021,263.3833866239959
1022,-32.29508615334636
1023,-163.29673053550337
1024,243.20141261908404
1025,160.95813758093436
1026,234.44289073490125
1027,309.7263485782324
1028,46.289505598672065
1029,145.86468742667194
1030,137.52754771460098
1031,261.4102389223516
1032,251.25788318235286
1033,280.085158952778
1034,307.91184612940145
1035,192.2930957836775
1036,279.7129611069288
1037,263.01868297273734
1038,236.44903257949113
1039,267.74563069983475
1040,251.78326282637892
1041,276.06636603006655
1042,290.0288710756507
1043,-146.55249798261127
1044,213.39919524601783
1045,260.19240850486506
1046,236.93881892456068
1047,229.59578062864327
1048,267.37811605615184
1049,238.56700209979329
1050,266.68133997238374
1051,251.16537906558932
1052,229.03956220385172
1053,185.50323770342155
1054,102.46757255969077
1055,271.7468921863446
1056,211.78324354273434
1057,272.45840699850703
1058,224.3694990227665
1059,307.62459546700427
1060,284.62531796710834
1061,298.8815614153799
1062,262.165858312248
1063,251.23066569210184
1064,274.68597792177013
1065,-36.07178281747135
1066,-81.65430310700847
1067,119.20629449915978
1068,-82.03945980235945
1069,251.6930319605376
1070,-117.64705960973961
1071,268.6128691220272
1072,211.87958198387506
1073,261.6550826823022
1074,243.21538202790094
1075,284.68530368379146
1076,249.24365097448612
1077,312.1135971268109
1078,197.40560814243406
1079,243.839656627944
1080,-216.38904261752413
1081,233.9324952122737
1082,232.97316804467323
1083,307.3389892513371
1084,-29.86717053547416
1085,280.1195446607312
1086,262.2624433254831
1087,277.3832469505743
1088,278.83981670482893
1089,-250.72335693588656
1090,247.2426358926955
1091,-77.57283847672245
1092,282.9634160312212
1093,261.20387737844544
1094,-143.4559266205495
1095,256.88036595676306
1096,240.72365579758184
1097,242.62406048243244
1098,-50.66184013047789
1099,268.21675574304294
1100,183.46111405105728
1101,212.92043012887095
1102,273.0998479786207
1103,309.62232239706043
1104,263.758986457628
1105,201.19221637639998
1106,188.33212754607538
1107,152.44484111184335
1108,220.55840166304034
1109,-151.90423798818313
1110,261.83452856993813
1111,-109.3835526722156
1112,58.5438427692564
1113,295.50739663026604
1114,-124.46835629569708
1115,265.92375359326934
1116,293.94508542787594
1117,-117.6302190223985
1118,120.62502414047225
1119,303.4115610916076
1120,293.69414019716953
1121,113.9729180790715
1122,-44.54207993635603
1123,38.281757062821754
1124,-109.84655434617659
1125,242.0396113090864
1126,-76.02818257529866
1127,259.6590583448219
1128,276.8603014170875
1129,-137.70673214165367
1130,51.01060148596818
1131,-109.18328037105519
1132,203.7199271840073
1133,302.7594653557088
1134,-6.395616925733464
1135,262.94967076567366
1136,124.00277033069885
1137,219.92339614498133
1138,306.0462257273856
1139,197.5045372028702
1140,297.77987180697073
1141,180.7024149078391
1142,-115.62205127104801
1143,-118.93922435652519
1144,239.28232407051266
1145,-32.178594727851696
1146,236.87779828194383
1147,269.19254012315105
1148,278.92823824431434
1149,-93.47129018001623
1150,282.4557788080655
1151,275.36160958414325
1152,-20.35976349502579
1153,256.8077716700609
1154,273.20294016984565
1155,294.4195536616969
1156,226.29274210092018
1157,224.2304043450025
1158,288.68154984319324
1159,276.63737874790803
1160,213.6656784271181
1161,209.049814773442
1162,284.14793424156426
1163,-119.32053455882652
1164,193.1525478181963
1165,235.4468131343088
1166,168.76275577159916
1167,231.94690342736055
1168,-119.04710975747317
1169,257.7399813370097
1170,-132.49834846874177
1171,-136.32531271648855
1172,189.88191972382276
1173,221.63703317159235
1174,216.9950928793233
1175,-99.66740862072196
1176,268.42880807899223
1177,217.3141511070575
1178,268.7392726874174
1179,-77.33849533334815
1180,240.40156828638695
1181,7.085769615179444
1182,279.28255825914226
1183,130.00844179577214
1184,245.38530458473448
1185,-134.60360077653843
1186,245.0872040812843
1187,260.3238474281841
1188,-31.736509046644514
1189,316.3681025414942
1190,11.339033983093373
1191,238.56827688358055
1192,234.52724855920408
1193,-14.013916465936418
1194,307.9004858001332
1195,-112.16170110111382
1196,227.73225029674006
1197,280.3544846069383
1198,49.699955674199146
1199,233.69085898314844
1200,228.5730722496023
1201,22.137009351850523
1202,227.61475001589224
1203,254.0737852207952
1204,235.85749326485512
1205,-94.91690227664867
1206,62.11678620184796
1207,157.12818261815434
1208,252.1526605832501
1209,247.44336586358537
1210,213.55197284883866
1211,188.74057799678414
1212,237.40826844328308
1213,261.80368229307
1214,-130.50536707116453
1215,-123.767609925322
1216,25.81610075878814
1217,15.55057433744632
1218,6.643376860042352
1219,-116.21274998050166
1220,-7.613860523588301
1221,254.38398011289357
1222,265.6998044759364
1223,80.02913633381485
1224,249.35685757065522
1225,208.02402290350898
1226,312.1182938724691
1227,183.0527757947338
1228,-114.73678006830544
1229,319.62508737815494
1230,249.28396336714815
1231,240.97658936690001
1232,243.730664424575
1233,253.53207700233568
1234,249.95953601132553
1235,-102.68039356378321
1236,5.179464780651571
1237,252.8520294204261
1238,310.3906015126109
1239,-108.74202587368924
1240,29.923105319532198
1241,-25.63847430186864
1242,216.888417066005
1243,265.5999988204075
1244,287.599530041437
1245,24.54130494281587
1246,294.78848447511467
1247,-123.83155324229857
1248,41.42484087997937
1249,-90.84980629881623
1250,-129.94067963756726
1251,-104.84599395511351
1252,228.65791719916018
1253,273.3761641176733
1254,20.754720225836593
1255,275.0966651551861
1256,279.15666037556446
1257,29.341757195860424
1258,279.90075732506904
1259,282.65357199902314
1260,263.4712707034702
1261,290.236957355291
1262,272.2145121347258
1263,275.0559876574174
1264,263.6017284180704
1265,2.2493326844544725
1266,-98.87839643104893
1267,63.27856335533562
1268,-4.324973052450105
1269,-124.53742428859246
1270,-124.43737740118513
1271,254.31226719707826
1272,-96.55123023714339
1273,261.2149095745747
1274,22.302474098185783
1275,68.36223292224699
1276,139.66915051296675
1277,195.73794265200246
1278,41.523388983814414
1279,-23.60005803932023
1280,13.713530238345456
1281,205.41777806091068
1282,-8.346365603412167
1283,20.8000709170896
1284,281.6838122393253
1285,241.54594452650218
1286,0.3894054752207694
1287,288.7932123802811
1288,276.48619277322393
1289,276.0514807655255
1290,269.5026984552131
1291,44.84937460407903
1292,43.94875633553593
1293,251.1631115409446
1294,21.59771870964056
1295,19.227003473296833
1296,-43.086451911559905
1297,29.714054793042465
1298,274.11960688166334
1299,231.12214156176086
1300,56.95181094784195
1301,-42.80570455556703
1302,-36.55983553187188
1303,274.7658693330162
1304,255.2930403323311
1305,-22.6788669735749
1306,27.871958478052562
1307,-0.26840967555543216
1308,-31.74693736530773
1309,246.41451450375337
1310,10.359842256088669
1311,-32.178874004582596
1312,-20.29701468749758
1313,-71.56513580731712
1314,-55.273709864404836
1315,-16.877396500327208
1316,-16.66358877146611
1317,247.28379559266472
1318,27.547857693987055
1319,29.379471965541512
1320,248.95139023296372
1321,224.9723046114819
1322,271.14513392321453
1323,204.46376464974182
1324,303.01248107184904
1325,43.99500017675007
1326,-19.233164423079785
1327,-82.82772267340465
1328,-75.94862001551608
1329,242.88235318985667
1330,215.83910181872932
1331,-8.026181373854087
1332,240.01118851287885
1333,-1.7359278579483686
1334,-25.176013014668072
1335,-48.51400817598851
1336,-33.36380664069472
1337,207.6763105623184
1338,272.7000856019167
1339,242.40705765347167
1340,-57.2522598421471
1341,301.96618443383124
1342,1.5166850161021586
1343,55.90519952237642
1344,2.795135800284271
1345,285.0560226885794
1346,48.80184292538894
1347,264.38969406542424
1348,-69.29678963894142
1349,25.85351432840075
1350,278.77873276318815
1351,8.424114462626136
1352,185.38951373284453
1353,234.78386819803666
1354,286.3710591503759
1355,249.03310131644645
1356,186.42979186213222
1357,252.3449613344759
1358,206.99018846178683
1359,-19.71685930184691
1360,282.5958577932971
1361,186.01835276839995
1362,-324.2842271027712
1363,-51.93643660611869
1364,21.35048899806688
1365,227.28635052767925
1366,221.8410140112636
1367,287.5701004064825
1368,182.15336895937872
1369,246.25357299879215
1370,16.45733174120599
1371,257.756596833955
1372,232.97637281488602
1373,268.1568419293392
1374,296.9881482314417
1375,163.43598952085915
1376,266.02560440111154
1377,-78.87330767158909
1378,40.80263725925653
1379,252.08233303434588
1380,242.92963447455824
1381,308.0041605826618
1382,235.93111988909476
1383,238.7787107963739
1384,-37.41055273904591
1385,178.7649781134018
1386,219.36399156657353
1387,217.95056016070816
1388,160.30880561204833
1389,-336.85169317258067
1390,250.09459199530204
1391,-75.90893592353729
1392,231.93416197672454
1393,251.38377129476876
1394,-49.79801011771764
1395,-95.74971680775057
1396,-177.0295429832678
1397,203.4067185849734
1398,256.9736638366546
1399,290.6386672355302
1400,247.93807551273414
1401,198.17158545692476
1402,176.71090602332157
1403,197.69582338035457
1404,270.1676243470053
1405,178.62968775137642
1406,236.45559143374305
1407,268.19300247893653
1408,213.07222626780617
1409,146.32735293722715
1410,155.80338771642965
1411,263.87979872553103
1412,189.28476311255213
1413,174.24835601936445
1414,296.1310668457654
1415,211.71308726671802
1416,-485.9894813127479
1417,185.8055914920797
1418,-276.75618040108094
1419,211.7562722251168
1420,250.71088641591038
1421,-24.18863954285871
1422,240.95486679017537
1423,225.1201776557129
1424,163.66269147466804
1425,182.3628266753452
1426,153.31714688029484
1427,192.65799694575287
1428,175.12821447507366
1429,150.74593124891825
1430,165.72881046149155
1431,174.0137753810103
1432,292.6147746536924
1433,239.99756692048018
1434,245.8672436513426
1435,233.38613776711512
1436,173.85476435551072
1437,261.9402858314972
1438,223.10046196438785
1439,270.2666137822422
1440,240.6747806644901
1441,221.40916088906138
1442,243.50409503479358
1443,-177.82608285769123
1444,218.44234093394803
1445,199.0257671323837
1446,-91.52737772589487
1447,204.94192689050942
1448,175.1355680131163
1449,276.9684472388134
1450,231.8528654633151
1451,161.71706693846153
1452,218.53596822579675
1453,206.3226667248586
1454,232.13538279258592
1455,208.04415710213792
1456,-40.10408270779321
1457,201.10491922716068
1458,253.78099163155736
1459,165.49581153959804
1460,216.32380186170585
1461,287.09321812666735
1462,171.19922846964613
1463,253.26180701524038
1464,169.67106092554917
1465,193.44509409046088
1466,-48.16318438501543
1467,184.101752646109
1468,216.12852958922252
1469,262.31157227326304
1470,-61.04280328999414
1471,178.8774635963655
1472,229.38603368909696
1473,-5.440369152340329
1474,-126.21760307448992
1475,220.79976569983484
1476,175.08011406191355
1477,167.9294280711527
1478,-81.50157846105586
1479,154.53399644597573
1480,225.00727704722212
1481,235.61023375819386
1482,275.7984442275831
1483,-356.87644562810175
1484,183.55253902420029
1485,168.97291849553181
1486,-129.6305555310552
1487,-432.8180289352994
1488,118.36099716780124
1489,143.53398607319406
1490,-20.116733635706893
1491,221.36124850928974
1492,-46.91266343081763
1493,221.9299671808588
1494,225.04225746764104
1495,-625.8111070327842
1496,155.65680230356037
1497,255.74119574207396
1498,-57.82384893725754
1499,235.14579767288234
1500,-8.570665806133718
1501,192.49814084474406
1502,244.28867443142767
1503,155.05981326269517
1504,-23.57420509769142
1505,271.6386619247086
1506,-176.0715038444526
1507,224.10090710085183
1508,153.1847797651539
1509,285.0284914364871
1510,268.5595508226944
1511,270.7947153346577
1512,188.15861450974023
1513,242.81686794974607
1514,-18.287816853154695
1515,68.9136528299949
1516,197.05524009729947
1517,221.3880278294688
1518,231.15745492849143
1519,161.00559970204523
1520,172.37386626376872
1521,234.74293994032848
1522,158.51255134546471
1523,215.61760799749325
1524,215.1395311942282
1525,147.73849223599217
1526,130.0113703706425
1527,256.1281158500478
1528,-281.9128119120684
1529,184.06327514028715
1530,209.571003615468
1531,224.77844213834464
1532,217.85097725909037
1533,191.8989756895798
1534,119.1103427797918
1535,-61.5791345393269
1536,108.34958048484958
1537,164.87098771993033
1538,189.67199687261035
1539,204.2848054159835
1540,216.74403958549328
1541,186.2077071365543
1542,-10.270660150354317
1543,230.87385920787915
1544,188.86317726301567
1545,216.33433285054107
1546,157.79900036235642
1547,268.7828380397146
1548,285.37441289563606
1549,211.94810483176852
1550,207.3267713085556
1551,187.59638952410563
1552,213.96153415126787
1553,249.6554641170009
1554,215.98750715655467
1555,189.78553343235495
1556,184.15047012714962
1557,280.4220177375304
1558,231.24033014370656
1559,197.15145765484067
1560,167.58957731913043
1561,224.96553878002635
1562,165.58094532273515
1563,208.02404939124537
1564,263.0313127448124
1565,203.5464968325195
1566,211.60726378351143
1567,195.53094160236685
1568,224.5656351929879
1569,90.58285656998471
1570,165.88528116440875
1571,240.67269303906016
1572,241.3233421537648
1573,173.0383642983241
1574,233.95752081670457
1575,0.4720539685371108
1576,245.89839759994538
1577,229.4115790141127
1578,224.47872462479467
1579,215.47823224309565
1580,227.84356388896066
1581,197.78145990099117
1582,212.02490303643077
1583,213.82224615599117
1584,201.24815057166393
1585,-17.56827557902823
1586,267.54896482685547
1587,-4.198349593268091
1588,251.25973764007836
1589,223.39073831884068
1590,260.6932425130765
1591,202.0677017799008
1592,258.1873903858833
1593,155.5911096034616
1594,246.87843190558564
1595,226.45992092932914
1596,235.10202636930055
1597,226.61860493246118
1598,245.93058854169757
1599,276.6313251137667
1600,266.0562448961525
1601,226.49988648829805
1602,270.9937901717268
1603,282.75868525681244
1604,245.9710493733887
1605,231.68999812975744
1606,240.01126460916123
1607,244.3733308182028
1608,234.9699863929094
1609,254.1999014723992
1610,233.01294669467202
1611,195.89865152991368
1612,259.27472093223713
1613,233.9753562788751
1614,228.9932149236758
1615,246.671326706549
1616,224.57705126707387
1617,235.80929707714049
1618,208.72484119583257
1619,261.00313825978935
1620,189.56694177192264
1621,238.53622442220478
1622,271.6068205262595
1623,238.11599186576805
1624,256.05608450125885
1625,234.9601527698692
1626,2.4703276675843426
1627,90.88326678451243
1628,244.13608437986628
1629,248.21001001662472
1630,284.78888797573956
1631,213.8139101074781
1632,195.2460224995978
1633,265.12744999761264
1634,205.07639125127866
1635,263.53049152397983
1636,226.78521521994497
1637,189.560578622023
1638,282.8363638809468
1639,231.33404921259412
1640,213.504767832965
1641,267.9666409409641
1642,228.1687188491495
1643,214.75391156293466
1644,191.6568296860799
1645,276.7989042237259
1646,239.6711471224645
1647,260.69741346000853
1648,145.464337151652
1649,190.41642764224264
1650,244.57175511323965
1651,231.00980251103664
1652,243.303778011716
1653,16.23512646239169
1654,229.16136153152985
1655,242.2842501684528
1656,247.70449799180818
1657,245.37736589077957
1658,216.081553589396
1659,5.135406965907805
1660,267.39856083283144
1661,256.21178340873456
1662,262.8995961046992
1663,279.10609359092354
1664,253.13759729069932
1665,273.62713021953044
1666,281.0355104867706
1667,252.32080773310742
1668,266.6886169139777
1669,230.88883434381037
