,0
0,-115.3712280049777
1,-273.321804007011
2,-161.21449869114178
3,-423.2341057782006
4,-211.99725854180977
5,-175.33780382010474
6,-40.1955806134944
7,-144.07674071764384
8,-69.18031508709662
9,-41.35236178893699
10,-113.11054441786428
11,-80.5286582650659
12,-75.86540824591167
13,-252.82964369037154
14,-91.31325370098088
15,-83.93843027925006
16,-83.24436321063492
17,-77.88380073245816
18,-149.84746642390175
19,-215.22288173446273
20,-217.01309038939948
21,-220.25825566760403
22,-89.50131907536684
23,-90.85555431272665
24,-61.359560148089955
25,-134.69786555478484
26,-39.3004671964821
27,-81.10162869238667
28,-105.76484366310783
29,-65.4895963686551
30,-192.5957287783359
31,-287.39632865601936
32,-145.66139719438138
33,-185.25478902498253
34,-221.64367317189067
35,13.880173993539913
36,-162.95253155691984
37,-83.4547562155873
38,-93.85942077711273
39,-206.95986364448748
40,-122.15126407503332
41,-141.5215156864234
42,-161.64975112044266
43,-202.77532645737037
44,-88.12356374966811
45,-130.30298552075095
46,-312.9305805925004
47,-41.34373323048004
48,-392.62792653257446
49,-248.15594109843914
50,-81.40597255144505
51,-72.23091374943712
52,-170.87728102389136
53,-195.08733772904918
54,-99.27962818384752
55,40.90643220209546
56,-70.81063582555007
57,-162.82975752171507
58,-62.91392056176346
59,-33.74328236038885
60,-82.19067082097769
61,-126.0942251541394
62,-134.3530173371547
63,-79.94403371531197
64,-96.73282683602737
65,-76.03023199471616
66,69.95216641944361
67,-3.488292273232261
68,-82.30501534917033
69,-81.44759795356562
70,-369.6822008799704
71,-53.93121120673227
72,-100.6534249179025
73,-100.93837945180479
74,-106.91538065545315
75,-54.58402285881297
76,-222.28505214096063
77,-103.90702638054896
78,36.943570562641526
79,-139.05179739480448
80,-115.86341938712485
81,-110.57689234351072
82,-139.1574771362024
83,-371.8448409053185
84,96.82103332395755
85,-7.2210487543784865
86,50.01172967107016
87,-16.81161905376314
88,-32.443952135126494
89,-77.41941507183977
90,16.53307014427341
91,-28.717482838324727
92,-145.3858370132446
93,-170.30789352498815
94,-162.694215497267
95,-71.62715837773979
96,-113.79415761578403
97,-162.15779661370084
98,-123.11024346476992
99,-110.74589730176781
100,-94.38281728986222
101,-60.85028059021826
102,-120.98269266278012
103,-105.64053074937729
104,-85.45581114632404
105,-54.34740579387045
106,-96.49211486699276
107,-104.76155182658185
108,-68.24061620935365
109,-93.29144167631627
110,-82.25699240584584
111,-55.474397384402174
112,-23.4281979223152
113,178.37995604775568
114,-467.60714648888353
115,8.72420735861374
116,37.528330894766356
117,-70.9167622610764
118,-30.534349739067437
119,-49.97392419391987
120,239.45488056869385
121,245.87014351095365
122,-27.183102711829406
123,262.62968270074225
124,180.8259251047702
125,199.97338679316795
126,156.11523027257874
127,-87.13011498533818
128,-180.24005718884564
129,184.50725539497537
130,149.55525140410543
131,163.07699689455228
132,-71.8843025417212
133,-34.644166051154436
134,-13.364707966429675
135,-106.25021618827209
136,-53.56020058991132
137,-128.9624778553984
138,-83.54665416289609
139,205.35656780723326
140,-42.458219348884114
141,129.69258356818943
142,-205.66856922725825
143,-224.79078534587381
144,1.5234349082449796
145,205.7116962840759
146,172.75961184823106
147,-145.9491988420501
148,161.51014251254966
149,168.64257514235652
150,-8.302758935818147
151,73.61507370081377
152,157.9545017090838
153,-10.458998017523188
154,19.077546658794404
155,-11.55166820130107
156,7.409690427138562
157,228.73580740390184
158,-3.612545842775845
159,143.4999572493998
160,14.862844723569403
161,-34.16233604537496
162,-175.5274932215546
163,160.35680983913016
164,202.282866556739
165,-228.12635388590735
166,-20.897102957475568
167,167.8268793719407
168,205.35868803941938
169,-69.55528484438793
170,251.07788073166262
171,218.5735592740067
172,13.326951502584121
173,-86.78085490314028
174,213.06117162722907
175,-91.77434820775068
176,-64.21299454333396
177,179.79134752518064
178,-56.09052543178581
179,256.2400946938704
180,236.87856899877724
181,-114.81433224842365
182,185.19626000144177
183,185.94105948931835
184,-101.28182504670337
185,69.78213051108578
186,161.68228209396477
187,224.95275382841626
188,0.8484313828842709
189,-65.79893050257459
190,193.60179647210114
191,-22.332784129219142
192,109.20062821791458
193,236.67769608154455
194,-110.72468998793323
195,-153.936330126003
196,-49.07469971955203
197,-81.42651964148524
198,150.81578622989133
199,188.2559299518127
200,237.4725039007518
201,-162.63217016100577
202,162.38291671426765
203,-39.84647208457611
204,122.63996119938241
205,-31.868096266409275
206,-130.4374500760808
207,-45.294840427552145
208,-25.586569253318167
209,-64.99236979847053
210,194.9470960876707
211,-56.213564191676
212,-263.94988348253173
213,189.11673576296036
214,162.10511267136616
215,156.46682395851758
216,5.518292959657288
217,245.2328568866352
218,-203.16712439168828
219,-189.7139191498336
220,243.08766405534124
221,-190.0734866521485
222,-21.28173179900027
223,141.64320178686938
224,-48.10067844937443
225,226.2633440508576
226,-118.13142288778549
227,-103.491180353052
228,-16.156370288990047
229,10.295051471019898
230,-379.19168399684827
231,152.0092627228214
232,229.08272193300888
233,-108.23071661906985
234,-90.933200127451
235,-109.34710225623002
236,188.62196076236603
237,-350.92970724507444
238,-158.96653212818825
239,-49.09890841961038
240,-71.00128300135643
241,-74.6531288191022
242,232.71821165417947
243,-154.72738849497813
244,242.56588263589697
245,287.2340750158016
246,-59.65937247074265
247,20.848566808589467
248,-57.87066396255153
249,208.52857727768463
250,203.6957160497396
251,44.36389475230277
252,-7.145023431587703
253,218.64592469524635
254,208.84826717248393
255,249.46724802976757
256,-49.630970592258706
257,-374.83465627299046
258,-268.82987972467754
259,220.67133284943924
260,-64.58476507536461
261,249.25010920930816
262,-254.3544488979632
263,-87.94061861854607
264,219.41672732878288
265,156.01373074991832
266,-124.21908710535841
267,-12.274376722959147
268,219.6067608761543
269,21.16586612552804
270,-200.14664813671348
271,-18.847970720293873
272,-99.75156110762936
273,261.7626234539864
274,188.82899386145965
275,-231.81665740854248
276,-20.15383165032334
277,-202.78698702047598
278,5.265583825066656
279,256.4554706239306
280,-17.967787389316285
281,-15.475071283063784
282,-62.447905122999515
283,-237.50219484346815
284,259.3904544606683
285,-31.325232220611213
286,-38.58666813778125
287,57.85297493803401
288,67.79960490006114
289,3.699876718561356
290,-306.3530485595029
291,236.76857675352898
292,-31.15985582004548
293,162.32184124275736
294,188.5729543324393
295,153.55092659205323
296,-54.68205836736338
297,185.97539594472784
298,227.03232156891008
299,-312.9657440546279
300,242.88280430673476
301,16.050360539266165
302,214.22660185736885
303,189.7427720889209
304,-109.35756331722217
305,135.8840851553708
306,209.9109503222141
307,182.57468509247104
308,187.5208565198096
309,209.84655095981162
310,293.5611400093215
311,-192.7142900123224
312,133.65323381741126
313,178.15125193717932
314,-21.486541177967922
315,-151.60451908639718
316,259.83641334341416
317,264.4803559642509
318,12.70870866840518
319,-81.11345546455931
320,-38.458082066146346
321,201.86026279997103
322,223.65342385505772
323,215.60734628812224
324,233.3489728555654
325,-96.71363372905356
326,172.8289020360956
327,-33.56106306237393
328,-151.28655358899562
329,244.34451418727576
330,259.74462591881206
331,22.09661157513085
332,234.64875534293878
333,-40.921810429009895
334,141.99261065479322
335,-20.85972149839877
336,-134.70845303650768
337,-521.754146620035
338,157.32926154649886
339,247.91862710882876
340,258.1035408930312
341,245.7738804750579
342,-58.85018638003159
343,-59.49488002828569
344,-96.46701938164482
345,220.9036842652568
346,1.7013940831415653
347,198.6566029889455
348,-291.99459756464205
349,20.0946677498429
350,9.702787549908209
351,265.710424922067
352,171.99963807021695
353,205.8614909023577
354,177.77015250079234
355,206.73487663644448
356,250.04989710165512
357,242.70500259761272
358,-16.320982124141878
359,9.152054967606915
360,272.376417303283
361,-189.16772570782268
362,171.36137983064486
363,204.43986477931873
364,245.15981794536918
365,-221.7262471458942
366,219.33100231467927
367,159.8822870459885
368,-97.30881089583137
369,245.97036344213683
370,177.38592608699415
371,147.5333782365285
372,248.22659649848026
373,-14.697614597968837
374,-77.31785967910605
375,230.8199765518511
376,261.863811889438
377,240.36014530139298
378,207.91244129787776
379,-108.77858497539629
380,248.05877304117053
381,-25.96177212382557
382,242.15654009634736
383,-92.61914518317195
384,-5.888943275346449
385,196.57178709009253
386,205.78691469891965
387,-28.163981898007904
388,224.25726385547955
389,-201.84687297687998
390,231.9462446143483
391,29.821296888835064
392,243.92656421501312
393,203.408916376367
394,-206.63412950176047
395,13.109157408283764
396,234.31622346575048
397,10.806298282465818
398,247.41593438840786
399,211.44158266713526
400,-71.40408145031711
401,216.26649904671487
402,196.84359055550004
403,249.28505212137406
404,-36.26235202402579
405,-42.709686348015936
406,-33.34819129313446
407,237.8203419164415
408,27.286124254369113
409,178.09534289592978
410,-8.147729846541395
411,250.52105497914977
412,-37.87782757622844
413,7.590902205008376
414,219.60954925651248
415,271.36798075457136
416,21.296483549553898
417,1.7378887780258339
418,281.4669634408303
419,164.02809749961415
420,3.1600717561138225
421,248.28875949209151
422,216.54151055386146
423,200.04704435227504
424,229.83401076905105
425,-76.59421992551671
426,-16.643123616465004
427,-17.996626231741047
428,214.96511025131738
429,-36.552309294275204
430,236.57701688089782
431,246.85341160919359
432,236.00649292462901
433,261.5939156897199
434,-29.955876335809492
435,188.8838163546012
436,-107.12623152155709
437,188.45379986358887
438,217.25992027878254
439,267.2488049947061
440,295.02868928837967
441,308.2080872731999
442,284.14332526893605
443,21.16873519437783
444,242.38865159302082
445,192.43616745446224
446,34.77681235241627
447,236.01842145138295
448,197.964790977562
449,261.74619853207497
450,42.04057862985297
451,265.5962306855423
452,286.6919168373356
453,1.3189594782807603
454,-54.99237033257333
455,200.2064132116159
456,168.62661508643183
457,223.2687215974684
458,210.04757576872248
459,271.500219928512
460,241.6203621333768
461,252.11669750897522
462,225.00740120630934
463,191.67316046031053
464,218.43457070559316
465,-14.678066349958582
466,207.47739123380825
467,272.34137689275815
468,222.20236152155803
469,244.54124765082688
470,236.49618345490578
471,280.50502287231194
472,-21.33949467929999
473,262.0167990167904
474,250.09592115661164
475,222.09500320538717
476,247.1124538885164
477,245.10290603721336
478,278.97301473182574
479,66.21042225477493
480,236.96351848843486
481,3.118525234862119
482,226.37489378827271
483,290.1748503511757
484,-16.181664755173657
485,207.96008278699333
486,278.80560435842415
487,214.2847444976078
488,240.74586322023637
489,19.502468862164605
490,287.3890376476528
491,-31.912944825879975
492,270.17723352881626
493,230.49285545227752
494,265.1279981491257
495,-42.767737143389766
496,251.41847831806044
497,-16.18551809530173
498,220.6686921126487
499,222.89629577207842
500,212.4558550699512
501,271.5615706067472
502,256.7600762612341
503,268.7303393611968
504,189.56604669631963
505,261.0205852971228
506,253.78705136184823
507,225.59445582247588
508,223.71939956327213
509,251.61310386485144
510,244.82291710059565
511,270.7805056144824
512,263.5336320774882
513,264.1961845416416
514,277.230616217995
515,252.92808286437872
516,268.7704210336611
517,225.05641327425823
518,29.832634277326235
519,273.1918482864875
520,216.25311524927906
521,173.55881229126112
522,276.0546212382194
523,238.21730158282318
524,289.2208248645523
525,284.25930678893354
526,265.9342850396651
527,242.965441334484
528,276.4060182995875
529,9.225779965804222
530,252.99300185798253
531,-282.68853695553287
532,231.20867166222516
533,212.17994834358055
534,269.4991689072086
535,231.10767166337104
536,-300.99685786326233
537,290.9332709563216
538,237.5969758803895
539,230.70765144542946
540,238.50526557593807
541,231.62512580999623
542,27.701358158179133
543,-104.04041690199298
544,212.44760865219735
545,268.16697772135547
546,183.46456338374648
547,220.58302107487276
548,218.63529780026005
549,246.66514553113365
550,-114.20129743434578
551,230.1322083180551
552,211.56783843922898
553,283.2740954348422
554,191.28645031988032
555,218.67954791874888
556,254.21243357306673
557,224.5476085319788
558,-3.460846009829069
559,-24.270476227267167
560,-5.632409251074407
561,8.786632611775744
562,240.51118470204796
563,-196.91640424150307
564,278.4425702302697
565,250.0891152525444
566,230.95357179094583
567,-126.72632801533771
568,-80.48890199693963
569,73.13179238989545
570,236.92146614067926
571,224.58952475977622
572,271.1557133448317
573,192.36273548204304
574,219.27338621270792
575,-200.4872147516569
576,-196.37720198180062
577,254.2491274966586
578,259.85132080403935
579,282.3745981630123
580,256.85538631268366
581,200.13748586786707
582,270.97135125370835
583,273.9012251302983
584,197.4226425958264
585,248.78046102633175
586,240.92268376907128
587,255.68503966186196
588,282.38623075476994
589,292.40311720367595
590,220.50709757761194
591,183.3401402221882
592,-26.4376838476053
593,240.87533157551735
594,253.72439351895957
595,-89.66456429053048
596,-14.613332817418836
597,225.2240136282646
598,239.01485546799242
599,241.79720905023345
600,-10.139416944162136
601,233.0390827643434
602,169.31171671688412
603,253.01444322989417
604,234.52251613109772
605,254.34309720610983
606,252.2517019041269
607,-81.50745849206191
608,-42.06963174406381
609,271.94260027796486
610,250.01842783043878
611,288.6108901985186
612,246.21766354887873
613,61.59853342197097
614,275.81027090259795
615,5.341119588611477
616,235.63292291431588
617,261.50632546823005
618,-14.385700524190227
619,271.6894438865794
620,-133.78552383039084
621,193.12312692228954
622,-30.870535419125304
623,221.28265722173273
624,-380.2465280534791
625,235.0521162549153
626,283.98499973011207
627,229.69018436995958
628,294.6643296591145
629,278.9280194931366
630,256.4921093720682
631,203.7603316801024
632,239.62781986265935
633,242.3170099387638
634,190.92346391092155
635,210.94267246293109
636,-162.8913712283851
637,287.47166118370967
638,245.08057795608062
639,226.44345264584342
640,-156.20387055675417
641,311.13071433462915
642,246.72486818980678
643,275.16868894952415
644,-125.27040828335416
645,252.9929125863028
646,299.0270445828674
647,228.06479731915232
648,215.4820389024332
649,246.09751302958597
650,246.36291105097868
651,7.173076218474279
652,237.7267708150959
653,275.7429765162211
654,264.5365900416032
655,199.99782242221573
656,-72.4641558712277
657,221.89772154081197
658,302.5148070387578
659,287.38325909653753
660,232.04166258482672
661,234.9855832108751
662,248.27174561875654
663,217.69423866956805
664,260.4807513727479
665,270.5579185233077
666,265.04045576610224
667,277.75040939103985
668,215.13534714329919
669,210.3149939068553
670,275.34179841893354
671,206.39489122583535
672,230.70611323147486
673,5.114489334387386
674,266.1436245840876
675,267.8513680486383
676,243.3852605442308
677,234.56297945491747
678,272.711409544762
679,-57.193989712788806
680,283.0663331614547
681,-63.66581352656543
682,248.30275472904214
683,222.23261165889318
684,243.59030926623086
685,-152.44718376672887
686,3.614932192699527
687,245.53444116379595
688,241.95975055998724
689,-19.82104938798878
690,-103.02150610105764
691,261.3868375638858
692,276.09254978030856
693,282.07975979791337
694,263.1609220703657
695,231.65167487755488
696,264.4912463455388
697,251.18270554626974
698,3.375230299158275
699,236.22068857060884
700,-298.79215162427494
701,241.85873412901805
702,289.9189097573835
703,281.36559443244414
704,-164.93663595655028
705,255.0297169915141
706,298.79308000070967
707,213.31157862636843
708,258.2788781521848
709,77.7438663563913
710,223.45970902697923
711,249.2453597504154
712,-330.9858913488062
713,-357.8180678286975
714,-197.9808761510065
715,292.3967399220602
716,303.05389236848987
717,-132.90435155540527
718,216.1455006032392
719,253.8306819480903
720,263.46919290124055
721,248.27754027313833
722,280.24885756397657
723,263.4677678016961
724,274.34003036713096
725,-270.60040637397526
726,265.8693398511495
727,276.94571622796207
728,283.75700703870837
729,261.869709981402
730,-258.5939600058049
731,217.06319117495056
732,212.54167827519257
733,262.152089836192
734,258.08090085063014
735,233.5191109965207
736,246.10148849283397
737,-272.9888616390039
738,259.4899122430924
739,-240.59738230026022
740,-221.30393212346928
741,-275.32321843175805
742,245.4302802861424
743,274.18352117637454
744,243.96136759591056
745,275.17709246552386
746,244.10578313399262
747,-18.846289786775444
748,235.87857026855158
749,272.364491294122
750,265.0492490280298
751,282.210480112156
752,254.75872634750004
753,206.08555824678064
754,243.10547960105583
755,-6.912985968800285
756,265.6330373274647
757,-374.59922239773306
758,244.4450588547794
759,258.1360371542463
760,228.2879153818154
761,243.55530869222667
762,270.85539342286154
763,237.3742499964449
764,193.21529179878274
765,278.65365273806617
766,294.31973518584545
767,-81.87223363882441
768,213.0396340092547
769,246.11998701770742
770,239.63885637227125
771,57.323583936222775
772,276.63460828502707
773,245.75384357062924
774,165.615457701842
775,252.1632721180416
776,239.38991811448705
777,235.1901116286839
778,184.12840050839202
779,264.9176462383572
780,285.1421096120032
781,228.3877175453996
782,2.61960013762706
783,72.9170346702432
784,259.98569933095234
785,252.68145315159978
786,236.96913613212948
787,237.29587958914672
788,-286.8863142291955
789,263.92410256150674
790,-405.1997057074661
791,270.9449031312676
792,285.1996438696402
793,266.20280738296196
794,262.48704790744245
795,282.93554242795585
796,-360.8197256947527
797,251.54093598849983
798,20.396720752598355
799,263.96414644748074
800,290.16281719092535
801,244.4054538798108
802,243.85717145010128
803,174.54278657928043
804,277.26417664266086
805,264.45617964397684
806,304.11928201524603
807,209.3217861819258
808,266.9659221000347
809,247.31684329257288
810,269.69571073797204
811,261.02321768003105
812,45.51997178827648
813,250.6468128730449
814,278.76554201983885
815,40.22845747817172
816,-0.1671564007510824
817,299.5430181588616
818,-234.14485560855215
819,271.49378750719035
820,262.3263759958089
821,-287.368612390323
822,236.56607958198663
823,60.49356284112724
824,241.32560095179844
825,248.83124580809107
826,263.2093637435067
827,-21.310845183811935
828,250.971200047094
829,267.0161604843756
830,266.92845736387596
831,234.53648033529234
832,208.6823824908236
833,-88.65193134933824
834,258.1197221632816
835,265.853324051827
836,276.7032986235324
837,-1.2892645396162976
838,244.56394120822108
839,244.80956714406219
840,-228.3986083255054
841,275.77738722343054
842,308.65921174832664
843,257.2742230956831
844,-359.87466839136374
845,241.5165102294893
846,266.19147490623004
847,-198.7743771628265
848,264.9364871200803
849,272.64047956693287
850,256.5431399552838
851,245.78978832989552
852,279.7426422130957
853,-194.14888532940734
854,240.55657477437802
855,282.4138664221694
856,277.8111486111228
857,270.5210029578321
858,218.08779058325686
859,-74.95174585264098
860,213.97735305082622
861,257.012464249223
862,202.8410947041723
863,282.01245391530665
864,259.2918341428359
865,228.65123623966855
866,230.78736360389397
867,36.731587987701346
868,284.6180521888931
869,-8.805060129747602
870,243.4464217898898
871,261.63257083867575
872,295.29166705227937
873,282.9160967612441
874,266.40375166398707
875,249.10841828044977
876,12.933487562377351
877,273.23462996913963
878,267.93308403222085
879,256.0627382959974
880,202.24166838106476
881,249.73617066571978
882,235.71581660734049
883,273.6743066490531
884,281.0221390464171
885,236.38449298880815
886,270.87951952449134
887,-26.019939383978866
888,233.3719595554194
889,-163.84704210938168
890,253.3754590998842
891,176.97950741916583
892,240.78942247208926
893,257.6303105161865
894,288.39851894896725
895,277.611053771113
896,59.397490424969675
897,285.77077848013846
898,243.92717245300065
899,256.60228608075323
900,-154.26967654938292
901,214.75558176676802
902,264.8538559638832
903,205.83589679491837
904,-222.58858249799903
905,244.30344665173934
906,239.4367248907006
907,244.06914580449538
908,-24.415192223689246
909,-193.1571626848759
910,230.11529754833828
911,245.44015905148567
912,251.7334176755442
913,294.3744742936052
914,272.4333793947609
915,-345.3293403914754
916,-159.90759752210604
917,255.44791345268897
918,256.6216600082167
919,-64.35555823058309
920,274.8105792384056
921,-34.181265739747005
922,233.3193149214833
923,45.17613339071832
924,190.23412969351205
925,49.93486650308455
926,-65.78051459933575
927,6.177828194193225
928,246.3835841661906
929,260.8864008174204
930,234.0613702292812
931,273.8464358266626
932,25.13920782051312
933,217.8432996919277
934,-20.221868288584048
935,285.53744962318694
936,251.23501589925988
937,281.00277698876863
938,-5.124930749901566
939,250.46851694754244
940,248.03529503303167
941,27.230903993755106
942,257.4900464008679
943,10.060629662685798
944,263.8613541526729
945,231.0904442942197
946,260.7121456999419
947,124.95941722237626
948,202.28699352546482
949,270.7945956131817
950,48.32035147772174
951,234.88540564962912
952,258.0342731619699
953,-31.695478829608064
954,240.65262852757752
955,282.30387255543565
956,251.39105989815144
957,77.57829506842143
958,36.279284986562516
959,256.866378126115
960,232.35571265534998
961,-131.7089040186247
962,294.0705109347674
963,-170.09643587079506
964,242.73991757082482
965,-53.62521983684436
966,251.93585682412146
967,252.20542860478645
968,249.81362024332392
969,8.702038700604376
970,40.77344423454833
971,264.1102721782247
972,238.6543258518698
973,283.98560006317007
974,231.03362635820395
975,266.10931161748306
976,285.51653893686324
977,264.6372971255439
978,235.64613705883352
979,24.272991249685816
980,271.6037868403586
981,291.8203001705877
982,282.82673070705897
983,308.3760681707804
984,240.88834346175398
985,253.07064671952648
986,269.9769343111584
987,211.81932070648236
988,275.14665848443633
989,246.3045610119993
990,240.46912096163467
991,274.73559154617385
992,273.7236547921401
993,278.30229509867104
994,257.60239018583496
995,276.0203625025934
996,302.1375365117723
997,283.1156373347661
998,271.84028087287777
999,-204.25418111561146
1000,28.47397710321468
1001,263.4149747937207
1002,252.35283931797514
1003,254.43134010382917
1004,-97.73562350882136
1005,-158.75172006202138
1006,62.05579281051291
1007,280.52835766145785
1008,257.7473875107045
1009,-256.84194784743636
1010,-166.30607849248202
1011,289.29329553744003
1012,264.73367652376555
1013,278.71517829504506
1014,261.6306401926123
1015,252.56640775404688
1016,309.0694479718081
1017,35.89841005676843
1018,228.87885534258913
1019,289.0778850818409
1020,266.81685488218534
1021,249.15794673271003
1022,255.29448454707475
1023,288.6477376908366
1024,294.403965628636
1025,276.4537405030226
1026,260.61444107175805
1027,251.12640749959155
1028,261.1120500266884
1029,5.113660503214561
1030,63.139777554204926
1031,233.46468983645613
1032,289.13592170639726
1033,231.68040807945343
1034,284.62862494828755
1035,225.00460576654996
1036,215.52249243881113
1037,247.26853396103584
1038,-17.74410488455574
1039,282.03621099948793
1040,263.6671904824806
1041,258.37640314771744
1042,261.7795690915043
1043,259.06518975310945
1044,274.9565103022228
1045,217.40496489544023
1046,-174.01660626056128
1047,262.2078154008452
1048,-203.6566728084103
1049,264.7422944293894
1050,247.18470026574946
1051,313.8313922750697
1052,221.5502117842169
1053,221.99573788730527
1054,282.1597409984594
1055,-181.57661507980356
1056,292.48282010869394
1057,260.2094067254692
1058,183.17380316000936
1059,277.5727485692144
1060,271.40453648682103
1061,210.22450730597745
1062,264.01057499075796
1063,278.3585655312178
1064,237.33788147855824
1065,255.62801644916695
1066,240.2403617854214
1067,236.70318449297798
1068,-165.12224303260257
1069,224.00484658999676
1070,234.0524599808788
1071,263.5361380630404
1072,266.55568215501216
1073,233.3660240499364
1074,199.80830397740408
1075,283.08314260253263
1076,266.35375038257484
1077,274.9762821064585
1078,-166.85053128291872
1079,279.16364584653707
1080,268.8167297947574
1081,273.3352580744803
1082,241.75520870665372
1083,290.13266277418217
1084,278.78311553378876
1085,249.36329568399512
1086,246.19149314158335
1087,186.69006658374775
1088,-50.697582863754995
1089,267.3620880292642
1090,263.66689742917555
1091,281.58318605357726
1092,235.94124833610346
1093,117.98726882145388
1094,283.06797282528873
1095,225.77426268482526
1096,239.44393231924593
1097,270.158957216893
1098,253.03548750171217
1099,217.35655545814996
1100,290.84160513831074
1101,267.5008281643809
1102,235.97959477909637
1103,268.0329047102168
1104,257.6057265083395
1105,225.30087744090426
1106,264.56239014675197
1107,258.7736723288559
1108,300.36972191155127
1109,241.9385793263489
1110,266.1601493823746
