0,-186.42533271444722
1,-144.49752603159155
2,-135.10171109709398
3,-463.8841865798016
4,-205.8344405980623
5,-120.79847946499838
6,-330.34739984032973
7,-588.7944017617599
8,-499.52698838194993
9,-100.42512343302504
10,-345.8876428475668
11,-122.3749542629173
12,-63.049068371093064
13,-351.6193585559241
14,-293.27518768556024
15,-82.32285436314766
16,-145.92922815193572
17,-56.224909995211334
18,-322.87653784054777
19,-561.8570519475591
20,-281.1461135727126
21,-121.73810129088011
22,-129.36087445877476
23,-153.42758003365373
24,-256.561515254726
25,-163.14234138771758
26,-111.58599392720296
27,-111.89273159764274
28,-100.42485828592766
29,-94.98322344317636
30,-254.47690358471192
31,-140.7495149870672
32,-360.8201984227109
33,-91.16954177633369
34,-122.5155405409863
35,-101.39305568005969
36,-202.47463240432137
37,-91.13967309491903
38,-176.73427777483965
39,-401.9495654071266
40,-579.0336177873328
41,-24.808454007361178
42,-308.5478273208279
43,-164.90426493689563
44,-538.5460078531107
45,-34.030912256959894
46,-148.94140142727235
47,-173.94196759591802
48,-293.19863640437404
49,-167.50644114474267
50,-116.33664833830949
51,-280.07741683787503
52,-349.728223698392
53,-17.179944046968686
54,-214.93504539673887
55,-54.108549157852224
56,-69.04783678846088
57,-148.29897944106963
58,-162.93061240497607
59,-174.28277416723324
60,-182.14089988085726
61,-219.13015897632823
62,-25.847280011653623
63,-94.592695775788
64,-82.8975544203114
65,-160.00836452729942
66,-152.95774503518356
67,-181.19181449042202
68,-302.6119619884884
69,-224.78851146860342
70,-200.0516753046822
71,-167.5051242915431
72,-291.0329494494943
73,-189.01829312610727
74,-254.9117402413907
75,-218.94937309135074
76,-260.94981910185925
77,-148.56906805023533
78,-17.856217863794157
79,-276.5944906575216
80,-126.13992588255543
81,-188.0104031250796
82,-219.50042599421818
83,-95.80946998165548
84,-38.37969757038592
85,-62.82840921872932
86,-392.3254986075221
87,-403.0949314430392
88,-360.10396837090656
89,-270.30186040649585
90,-316.1298101309991
91,-301.2371361661001
92,-247.8647244566543
93,-407.07960770006696
94,-176.61898270791158
95,-290.35562563357735
96,-105.84949960482169
97,-236.0865861877343
98,-178.3733637835846
99,-82.18269699525261
100,17.16951734757629
101,-8.47093888951487
102,-252.31244245211377
103,-381.4285728657986
104,-260.5158757263175
105,-363.9634392677392
106,-355.90783432172555
107,-371.0732844547959
108,-390.4039775922153
109,-107.00446098115927
110,-432.9009786698054
111,-371.3916694075415
112,-99.69658587492967
113,-90.91688186506963
114,-208.38849963510586
115,-201.92669930105717
116,-253.1376672987584
117,-78.14545815857556
118,-71.9986404712711
119,-164.9153892172108
120,-124.84723762707046
121,-153.9466257316556
122,-221.11703903220155
123,-123.28603340377296
124,-80.49332365703893
125,-239.95872572147022
126,-126.14577027503233
127,-300.613460592067
128,-81.41690683410188
129,-76.54070681508807
130,-262.5184987456116
131,-104.71252059698686
132,-70.59220458461357
133,-123.04575244983664
134,-186.29811597396798
135,-405.0074705126897
136,-292.7530683084577
137,-78.76273421099452
138,-89.21459149231858
139,-229.59419651554657
140,-8.993204209377424
141,-105.10753380085796
142,-104.53003411005632
143,-276.37879553878855
144,-335.1310920118327
145,-107.50306060604389
146,-147.72089844559318
147,-144.63624017103618
148,-278.356356464961
149,-74.0593236743318
150,-214.1888078673357
151,-108.8911626347949
152,-122.81383702138993
153,-42.67249691254552
154,-77.34608059864972
155,-99.45188307480046
156,-113.4401064678605
157,-54.22083028933944
158,-37.9504290753123
159,-91.98466996223561
160,-74.27927050136371
161,-64.62935900307323
162,-164.75587995429368
163,-62.47534697199438
164,13.096073877702409
165,-28.87466392512758
166,-64.5142256632008
167,-75.28087531964111
168,-53.267670950517875
169,-50.569748717923574
170,-78.35357191246288
171,-200.0643279095511
172,-54.9415470841822
173,-81.16152332874641
174,-112.33183436961161
175,94.3685516865122
176,-129.54949482236455
177,-58.02498358864079
178,-69.2478624769427
179,-38.94292029774374
180,-85.70470789675802
181,-93.64414406113826
182,-46.92159991649271
183,-48.30177452327994
184,-62.74181227441427
185,-43.36302250814869
186,-133.46204574397223
187,-57.25215114694554
188,-47.18454486334728
189,-52.511031431433324
190,-93.4865997896321
191,-36.678860099348064
192,-53.67305979618217
193,-177.25640773233573
194,-60.35476451887405
195,-84.17846018189395
196,-64.81702623064588
197,-93.20376983919935
198,-116.3915528484563
199,-213.30494556795395
200,-53.543581382953526
201,-90.24134661261786
202,-36.0411856341313
203,-59.637588443136075
204,-26.290822955251226
205,7.5420238108610915
206,3.945171976386275
207,-81.7992923724747
208,-46.03690759489992
209,2.517806854627878
210,-159.06572574401605
211,-194.66942810480828
212,-22.892706862248026
213,-47.292300718288466
214,-258.6868728873096
215,-111.14574970273566
216,-46.13488399084846
217,-269.96525556634685
218,3.4655847354915474
219,12.375285137871533
220,-60.47898929686215
221,-35.62332606189826
222,-23.72025177242953
223,-29.031202864076235
224,-67.6989526720912
225,-107.4632640191856
226,-45.99117445583996
227,-85.70415748180048
228,-52.8757559390583
229,-66.42916093844559
230,-168.28520865665024
231,-81.33890638546222
232,-51.659666699061624
233,-25.684894505232897
234,-45.27208488389357
235,-52.089234069590724
236,-24.475979612207386
237,-50.488713394276694
238,-72.93684400128014
239,-90.56400632914547
240,-12.377470960034838
241,-45.016254864783484
242,-79.01941371158998
243,-158.11036709975448
244,-67.07995368275311
245,-51.45965605376444
246,-107.00368321413565
247,-49.061211303678846
248,-77.68839329250402
249,-31.205428704837495
250,-74.89388651214179
251,-73.62394960197302
252,11.689083972140125
253,-3.034135724172507
254,-118.20708531966845
255,-83.13798531881015
256,-93.84130464939155
257,-32.81952678080529
258,-18.72446426485727
259,-7.894670753668165
260,-63.3051572783566
261,-36.07839230538485
262,-39.3589907718581
263,-32.1310441499809
264,-42.3475524334584
265,-42.82646130660956
266,-99.43680052879314
267,-58.74362764123882
268,-67.51751171216969
269,-34.89528897021957
270,-37.415112813241876
271,-91.76551970470135
272,-13.936162035353878
273,-55.53632275230687
274,-117.9931158919676
275,-82.23860904134992
276,-98.55290196648582
277,-3.9200989887488475
278,-33.82755020458841
279,-63.13734749556971
280,-102.09202276559529
281,-77.21209594789264
282,-47.206793389838495
283,-39.47690503863914
284,-67.22332284058227
285,-33.61816033538112
286,-34.94058652643366
287,-50.26587264378385
288,-60.83239438308047
289,-17.085802855669222
290,-67.63896408746446
291,-58.307424705720386
292,-64.00008293470202
293,-100.06184381606296
294,-71.40975354260942
295,-16.99207597559224
296,-44.6057461268227
297,-92.33427013731537
298,-34.995092499271806
299,-36.442622187968595
300,-86.55261267847338
301,-59.928260243827275
302,-34.56519093038625
303,-33.26858360421049
304,-19.46584401813843
305,-32.705521431729224
306,-99.15382716015081
307,-85.7269782617627
308,-93.79628572776141
309,-87.46216925482139
310,-78.51369444963312
311,-89.57306018603556
312,-28.329988689546745
313,-40.9609513590985
314,-73.1881540548119
315,-128.65626030010833
316,-65.77462722550182
317,-49.78259736862739
318,-65.34310718840823
319,-70.94195836970559
320,-109.25534852371905
321,-95.63762421922424
322,-124.17337762463289
323,-69.61219925175207
324,-99.52077597310351
325,-42.69872726170123
326,-37.88309716718717
327,-34.813782234640485
328,-59.574317990828135
329,-88.2430470062804
330,-117.87242073677317
331,-122.52551798084475
332,-166.63473224785022
333,-39.27565780293522
334,-117.52331925431156
335,-112.53636272272168
336,-113.01667029700312
337,-94.31971695240371
338,-114.0730443045704
339,-125.60686022432301
340,-82.4418330749704
341,-100.85328712568327
342,-131.93731560601384
343,-157.5323411447005
344,-80.71652446561876
345,-156.6630263136443
346,-141.069334528026
347,-130.5613669291519
348,-95.33589139883847
349,-240.44889579802128
350,-56.12092715376139
351,-109.7047966467069
352,-88.22615452319255
353,-112.8752202324444
354,-99.31912568614032
355,-137.01704828080173
356,-110.48193951023808
357,-77.45784802348523
358,-62.20777180157398
359,-28.625545644711583
360,-95.08245447680568
361,-29.497204825571227
362,-90.92160383881604
363,-96.67842563393968
364,-119.06439318907617
365,-123.63829438147945
366,-136.40553584532563
367,-172.79298013568143
368,-112.3006695533546
369,-91.8354682998782
370,-62.53201732232985
371,-95.5220352824592
372,-148.38835015906983
373,-83.74590802700078
374,-81.77262528398154
375,-70.15460198764687
376,-102.33848160315901
377,-56.777738557036386
378,-108.51208219274604
379,-89.15113212451072
380,-102.3169171724053
381,-49.15769481327924
382,-50.99362345596683
383,-95.70740215517375
384,10.635723378059636
385,-118.93883967490873
386,-101.66105680200054
387,-96.03143967047872
388,-134.99350915893754
389,22.508054899401838
390,-93.7879429597938
391,-34.20735389851387
392,23.0150344069922
393,-123.28399060555527
394,-31.29617284670555
395,-75.96751285413073
396,-94.07397001404006
397,-27.69021534637548
398,-59.145041346418736
399,-27.36831678732494
400,-77.28986780037474
401,-87.60585841208196
402,-78.77506470074414
403,-26.498822423546553
404,17.60916938602901
405,-63.48639618169864
406,-44.75564903188622
407,-58.996101483145246
408,-50.230243552046474
409,-31.66399235964879
410,-35.82086718152411
411,-50.117644308366295
412,-97.36104123662875
413,-58.61355307083408
414,-105.52088171673134
415,-105.52819216244977
416,-31.982930674748328
417,-202.40020469500303
418,-73.15238510040865
419,-52.47921001744356
420,-39.99805310369043
421,-68.89262061190787
422,-96.32477529967618
423,1.9209408376275465
424,-48.09779690987711
425,-90.51470861105065
426,-107.05746756546124
427,-97.66521088709409
428,-57.77597849653918
429,-59.98316182466145
430,-122.24551894289438
431,-23.231244357786448
432,-41.72907146396364
433,-17.86434058475806
434,-6.539341950525828
435,-89.32260471198626
436,-99.03294470159757
437,-37.55937985729088
438,-65.0010907319966
439,-46.173439113581416
440,-23.899786503231056
441,-67.8887227250317
442,-85.1524542497063
443,-65.7898413637837
444,-115.01125922142846
445,-56.37848199867379
446,-89.69061888207494
447,-90.13308741283394
448,-55.34591922952696
449,-28.715899120956134
450,-35.19830034389942
451,21.715755305813623
452,-44.51678450937791
453,-71.37806259188011
454,-95.21039951548147
455,-75.88485806886973
456,-72.11747490328673
457,-104.3153687387729
458,0.7321394177223304
459,-69.56521068162428
460,-131.26699312901508
461,-17.51196856926878
462,-67.17111258066006
463,-70.05409747934732
464,-33.255003907960116
465,-59.26265492458465
466,-81.89154169042976
467,-72.21628976221254
468,-54.97789563846473
469,-60.49793674581696
470,-46.896576577562634
471,-8.388797855174875
472,-73.13855964516063
473,-58.982714911779446
474,-60.6991775865922
475,-11.345057981314199
476,-78.70337098307404
477,-106.53565307829064
478,1.031989652209593
479,-60.41946336325999
480,-18.37378861933346
481,-80.50030180484333
482,-71.95701269334701
483,-93.00608837582578
484,-14.798436676309876
485,-17.456195905334155
486,-64.98091480219605
487,-94.44272348092944
488,-67.62503299354948
489,-80.5387147158475
490,-23.781154667240067
491,-85.56460446209167
492,-45.58144431872347
493,-94.55503216227422
494,-102.04770485734859
495,-88.76313381301367
496,-69.92358874923907
497,-20.037682814070156
498,-119.80797125970209
499,-26.332616176264814
500,11.056964409683351
501,-68.31028295087891
502,-3.89748800217846
503,-30.280884278882496
504,-37.70936978029913
505,-51.53254168484113
506,-68.70814001513264
507,-81.10757007142108
508,-46.40799163143211
509,-79.89420139737322
510,4.28049755829924
511,-62.43368129113474
512,-83.30614038519724
513,-66.68521623379934
514,-47.21341144205326
515,0.7917244182420631
516,-91.42349216992913
517,-42.13680397705726
518,-51.0759473116279
519,-59.611903259777165
520,-75.26980823482243
521,-61.786433697738126
522,-73.50096308488372
523,-65.10921777231727
524,-52.20548658549494
525,-107.36603892909052
526,-49.463723564264605
527,-53.787757593463006
528,-91.50006363488065
529,-29.28001398269118
530,-89.45079091334503
531,-73.36346103229067
532,-60.40597868142339
533,-42.495771926618886
534,-107.45215487196033
535,-77.1810665626471
536,-108.64467281553948
537,-27.58389990765024
538,-37.34314988924111
539,-88.56528855812131
540,-67.25572929392742
541,-78.56518744563918
542,-46.627225791814446
543,-99.83696649378551
544,-84.15085815337983
545,-73.33681446423256
546,-80.47895222871021
547,-82.9464987893039
548,-4.095617720100497
549,-62.955711342861974
550,-97.1084983378364
551,-52.318389529627005
552,-54.4179941869391
553,-27.261494271973188
554,-37.254809540574605
555,-82.62920789651615
556,-59.186989289816196
557,7.129909593604235
558,-42.792501141297784
559,-64.46113423573551
560,-15.629587867274294
561,-63.16761477109456
562,-43.93090133125753
563,-56.15833044646934
564,-2.7314900096244275
565,-45.207997964661615
566,-111.19021406640474
567,-30.824602846669094
568,-81.07459649741511
569,-65.7201087922442
570,-98.64646489307417
571,-106.89564661291352
572,-43.4577398331703
573,-92.08500535838536
574,-50.88809186033312
575,-52.28038630316452
576,-91.91393170673346
577,-33.37325156709791
578,-64.0415348426341
579,-37.39445009105403
580,-59.608998487352586
581,-79.00321793211853
582,-95.9630601891933
583,-87.16533310195645
584,-43.52847081111468
585,-50.11302418708167
586,-3.545735293510785
587,-84.68263490298372
588,-70.83662625241791
589,-55.773721985256124
590,-27.80158410403368
591,-18.76555069315938
592,-81.01494588960189
593,-6.26048961649287
594,19.779666514170625
595,-71.46597929418425
596,-84.49491813181629
597,-36.204426249019356
598,-97.62072058513537
599,-75.04976622960477
600,-62.311556525062784
601,-37.26194386018634
602,-52.81134959944841
603,-63.34771339632559
604,-57.02838546997377
605,-73.15542012826482
606,-42.29216922540189
607,-100.61082659541113
608,-86.35604887601141
609,33.64514219963628
610,-65.33430460899505
611,20.807116248390496
612,33.426038412958206
613,-13.197154132180648
614,-23.709450334828684
615,-31.713969513001526
616,-58.17140508935741
617,-93.35656518538003
618,-44.80852235520641
619,-50.37082730972992
620,-45.337260153200354
621,-25.28596307694611
622,-74.79723505659776
623,-91.90642919630854
624,-67.25006125739387
625,-69.14117397061733
626,-53.28457245546972
627,-93.67341157027192
628,-77.9687165950295
629,-55.36874546364343
630,-76.54833782400306
631,-104.02787578834759
632,-41.535791978481605
633,-36.220963978891035
634,-57.664136420309
635,-93.53859400461015
636,-88.18914514373932
637,-87.44428853061991
638,0.9427413002321718
639,16.285394753313817
640,-69.51527978771543
641,-40.11716459495206
642,-38.407892806362135
643,-50.46026874782434
644,9.147297480155485
645,7.620919742102355
646,-71.10021345296664
647,-37.290245804311425
648,-54.761625339164645
649,-50.4827846228791
650,-65.9423385264474
651,-15.896549447681139
652,-51.97512491302227
653,-58.16961159968558
654,-61.4480273813553
655,-11.598595541057417
656,-23.188277935186925
657,-58.497247443151466
658,-73.77637546440816
659,-89.4185003810419
660,-54.955057401325696
661,-74.66351211584671
662,-54.36498911219783
663,-4.854201962870341
664,-52.768403307965244
665,-70.56134845689266
666,14.614880003792614
667,-27.919426133244247
668,29.38829647009441
669,-50.968711146539654
670,60.29844914353278
671,-46.786959945967425
672,-89.23649998457866
673,-5.6965094538086944
674,-67.40602294688533
675,-88.19133495755212
676,-69.29854816019304
677,-95.05709040006292
678,-33.02251206162857
679,-92.57636501133341
680,-84.8614616608535
681,-75.06138545603731
682,-76.72268237466926
683,-56.67004659000206
684,-112.83077953810204
685,-113.0047101173003
686,-79.2264224952277
687,-52.19433516716231
688,-58.41217691971161
689,-69.9356989377904
690,-44.944290933277266
691,-53.46302360845976
692,-46.28652246958312
693,-93.02497384963176
694,-11.866826373372673
695,-49.44788532439285
696,-54.27437145157297
697,-100.18801480985971
698,-53.71856424063119
699,-35.87297795407776
700,-53.836787434605625
701,-59.60468781474585
702,-83.51931126502164
703,-9.1580527770855
704,-77.51056235083827
705,0.4543490778391291
706,-119.59455362632953
707,-62.75803382483541
708,-56.18574833947226
709,-55.949881103879704
710,-108.70923106640969
711,-89.22942031119432
712,-109.92649076082724
713,-32.86138723772265
714,-84.63403787842459
715,-48.78060475805488
716,-197.666281040127
717,-32.32560145938412
718,0.4274923672837172
719,-66.26010751160078
720,-46.604175935242935
721,-65.57487043177994
722,-48.53002663374252
723,43.0564567956708
724,-28.95554011778104
725,-20.20101667799316
726,-67.4515682888183
727,-61.625791671290344
728,36.295340180783285
729,-44.24471148197132
730,-112.52568939771106
731,-97.97487351187311
732,-141.84454600499203
733,-76.0873147929562
734,-207.1790495499412
735,-101.90225395931445
736,-27.653906923190778
737,-65.315423795099
738,-18.591721089345768
739,-18.307986465024722
740,-73.6401693639932
741,-71.96379731619326
742,-6.274805754124624
743,-62.092492752764436
744,-98.3839856203959
745,-10.148856359809688
746,-61.856472068538636
747,-159.6266419849534
748,-42.708948570705466
749,-53.779563526917734
750,-94.20038549197804
751,-81.61727983859426
752,-59.69945389841184
753,-59.1924633386592
754,-167.35178966627916
755,-78.5790825929428
756,-23.0100508211352
757,-108.04837582489112
758,-59.7079019161869
759,-73.10647638942734
760,-89.43018659328384
761,-4.665001652009443
762,4.892963882735684
763,1.0207155114283448
764,-83.77636579810525
765,15.780754143125717
766,-90.22619881215296
767,3.5937004316026453
768,-115.93434246061223
769,-68.75179235834942
770,26.781763057854214
771,-39.55899614711329
772,-61.10541038435303
773,8.531446473092172
774,-53.530677756955
775,-76.26194076237651
776,-61.924473461231855
777,-57.88186819597371
778,56.23226417998537
779,-58.856819561382096
780,-123.54943413483612
781,-78.12794598189829
782,-55.0372250323669
783,-40.70901362789072
784,0.20058496523373925
785,-52.21342449514709
786,-47.098597342838765
787,-71.04283182430075
788,-85.48327883670257
789,-7.68143009949367
790,-16.103350011054236
791,-68.24389413292651
792,-64.99275553905835
793,-72.88664591815021
794,-83.91139484744565
795,-19.991998964853018
796,-10.25408319603205
797,-75.26535474470546
798,-61.817471810433446
799,19.191109134512
800,-17.899717874507154
801,-59.057410228510584
802,-32.006406051995825
803,-71.79735240044519
804,-46.963783889842134
805,-52.995442581191554
806,-85.55460090935391
807,-62.568045946720105
808,-49.817850682138356
809,-24.56373147944056
810,-20.149452718370647
811,-54.09857330303162
812,12.040019704696054
813,21.402543939165785
814,-53.422270509132154
815,-49.76755560696082
816,13.776012679987792
817,-11.625303928708078
818,-23.173909764095594
819,-17.139238282777363
820,-61.3460300182434
821,-116.56523304592815
822,-72.84055248266935
823,-7.158695772501345
824,197.66922228514858
825,-7.277479656981199
826,-26.66216454410647
827,13.760309339700845
828,-98.4308880975945
829,-60.32102213037973
830,-38.05361500788865
831,-54.07447652946824
832,-40.302230257111034
833,10.041037730330313
834,10.25177875211277
835,-35.75279956016775
836,-27.75952703185233
837,-63.288072136508255
838,-77.13967173553209
839,-4.420212630982032
840,-24.84207538740247
841,19.745817220882916
842,9.19719820632674
843,-66.7752255319829
844,20.611655148857643
845,19.60991119565268
846,-38.41774130422841
847,-44.965487511939976
848,-35.25959102663857
849,-7.4418585836135565
850,-59.39491470784883
851,25.848185121832973
852,-55.96040085911947
853,13.705997068023876
854,-77.51681916317368
855,-40.11629333027414
856,-57.76002528900156
857,-64.26309477227991
858,-21.676605821636073
859,-23.796994593107694
860,-4.2378449080870855
861,-52.02925717288555
862,-26.185247461702822
863,-19.56189622295287
864,-14.08353366908748
865,3.210403260363655
866,-21.2764185550273
867,6.769917677059419
868,-22.58255211998805
869,32.23655761440018
870,-39.411926953762865
871,-20.913122554487618
872,-22.207239174613914
873,-10.385517825794688
874,2.632429638544952
875,-13.04293917883191
876,-51.78973976094383
877,-22.595940556477142
878,19.46518251358131
879,9.335241726251397
880,-1.2909853786672152
881,-48.04866346892122
882,-31.78245975300438
883,-52.08977679453521
884,-45.01647285550797
885,-30.56512822275575
886,-24.303686149243266
887,-41.928063305869685
888,-1.7409632779062243
889,-78.33723128431235
890,-20.276095841806445
891,-2.4983018064830476
892,-41.40631809682956
893,-7.346827006315451
894,-57.31356122243412
895,5.4576302593235
896,-47.13234082859184
897,-37.4405714234535
898,-50.698556297158184
899,93.50369385036078
900,-15.439794268066443
901,-39.92080097912564
902,-12.465472334516024
903,-23.5017297853151
904,30.711758451513344
905,20.402805231673405
906,-18.312528936987103
907,6.320358401659308
908,21.27951743723141
909,126.35199157342261
910,-49.039605252409075
911,-21.75091189592769
912,-13.75210710880884
913,-74.86057287600188
914,-43.59037989482398
915,96.1099548268337
916,-108.00317432956257
917,29.993274919513542
918,-61.58976187928495
919,-30.097937476044844
920,20.029270818366516
921,87.25013780912569
922,99.43920978603157
923,-58.65502445475007
924,-31.946352677612563
925,-40.63663662246414
926,-23.05543043348964
927,-22.988850200932355
928,27.055401622983446
929,-24.365885308243016
930,-77.24214131502343
931,110.78819315436573
932,-26.312375488424365
933,-90.67364100021541
934,175.77588925524617
935,81.51495909464319
936,-48.193018576824315
937,-37.10820066726304
938,113.98332627882898
939,161.5892028541402
940,7.791757841542039
941,-8.19055859957907
942,41.12789122180849
943,-27.814474356925242
944,6.809638681741138
945,187.359906882823
946,157.84859780859455
947,55.827914824238384
948,117.18809631319482
949,-40.21411644940678
950,-6.3448359790446744
951,-5.689646404145093
952,106.51249155546924
953,114.53856637425112
954,-7.188247115016734
955,173.78059201315077
956,26.162296442916677
957,178.1443898410795
958,152.34605553462433
959,150.2274185594765
960,-30.090902353129696
961,-54.77391332441541
962,213.50100868606825
963,-18.851855661050468
964,110.2527104997057
965,23.429031990347422
966,256.721502562405
967,-10.403263774207971
968,-38.16864873466416
969,213.05618279000856
970,104.72348150425378
971,-32.843578527437955
972,-34.834232291428194
973,65.76721200522705
974,-16.318496112675106
975,123.82430141034962
976,161.18850775036054
977,163.36995006164267
978,75.62629721684553
979,0.6382284199826991
980,55.67937195534397
981,-28.651994239350074
982,-31.05730361133726
983,-26.412030856296607
984,178.08407976098334
985,-44.58497998293994
986,133.2446175499104
987,-52.55457525988693
988,179.6067255415289
989,-63.54465053663158
990,7.799625694134539
991,-45.989852318037194
992,172.637639893627
993,104.12565661889695
994,-68.0576446639992
995,94.8848358969004
996,146.01630946416955
997,178.83322018925605
998,171.19845702142837
999,203.11396482809397
1000,251.36448292820756
1001,-9.323399174796014
1002,-106.72706577443206
1003,-17.232227670241173
1004,-19.886552043553742
1005,129.6263069934053
1006,137.48870971230863
1007,-67.16250348490146
1008,-47.73941338412906
1009,47.70681514231886
1010,-35.657565140200134
1011,-19.119611192469552
1012,-46.69492446825324
1013,-87.90322112503316
1014,-131.9715181077694
1015,121.6195091099614
1016,51.37273131666802
1017,15.570525541700361
1018,33.184615856181644
1019,-35.90009347845968
1020,0.6946980573315089
1021,-54.26557736078906
1022,-14.390584463560117
1023,180.46635432867
1024,185.42179759491142
1025,112.2977352438798
1026,-162.42801548053953
1027,156.11265191210822
1028,232.38908659153537
1029,-94.1520832163519
1030,-90.26215335781747
1031,-141.26626162785652
1032,121.16190027996561
1033,-229.02158327486558
1034,-94.99494986717002
1035,149.1580261638358
1036,146.41672227536128
1037,10.628042357713971
1038,80.93652009054951
1039,-0.27621030341946096
1040,206.1920701222981
1041,171.73378810271385
1042,173.19216448383264
1043,146.15863314614862
1044,-179.99153147445648
1045,170.63744318711417
1046,106.60217986122956
1047,186.2458038898738
1048,17.690006089219935
1049,179.35200872889428
1050,206.0389007719465
1051,194.84489280906132
1052,48.139473690824815
1053,5.106350420881102
1054,210.24501521613018
1055,-154.7238823279337
1056,-74.82540158215224
1057,-47.43822591108753
1058,-60.764377771332796
1059,-34.400886312572226
1060,-83.14863973845092
1061,-102.21719664166588
1062,125.48448714990786
1063,-234.76501394755564
1064,121.30020618097845
1065,-51.50858096935405
1066,-86.14008763833195
1067,-49.69391569497559
1068,-112.49119131680428
1069,143.68593984166648
1070,34.546281064720894
1071,101.22908063284508
1072,-319.5229888437484
1073,-16.8074573250494
1074,172.37200899922698
1075,-111.98042128778508
1076,-123.97082251418634
1077,-212.51221580976903
1078,230.32356653797407
1079,-21.074830146894435
1080,-122.80954276081958
1081,113.24344534480238
1082,-151.01794062000522
1083,231.07494832253678
1084,123.63692528311115
1085,-48.800298900766975
1086,-50.35776491368047
1087,-175.4119454485786
1088,-25.581430297066916
1089,-89.65852449267295
1090,-168.1716374876005
1091,21.64959113951916
1092,20.4815103637497
1093,-44.56261432898103
1094,-8.034810512487129
1095,203.1026447047753
1096,104.2982684073603
1097,133.90284093051136
1098,-234.59911998438676
1099,-30.47807641507727
1100,-207.99821199832087
1101,193.8269112015879
1102,-211.3630812943579
1103,128.4931232121226
1104,13.882389096131988
1105,203.6406772808727
1106,-43.272574945692384
1107,-23.09730250114817
1108,46.81007408094307
1109,227.27741495169982
1110,-210.1196935925558
1111,3.061324140220629
1112,-30.686026246373817
1113,152.05994397107494
1114,116.97502928529005
1115,-225.3295088993005
1116,-327.7404179115193
1117,-21.50969127948039
1118,-313.0731013048949
1119,-149.65444484541013
1120,-111.63549723602765
1121,190.29380700572437
1122,-67.96787584975995
1123,236.76400147249808
1124,54.38793666648003
1125,103.4476951933964
1126,200.09301665577735
1127,167.47065338917128
1128,-214.78291571732757
1129,-37.94302362934311
1130,271.6469105718812
1131,28.915102527854067
1132,71.76810729257372
1133,189.8649341861923
1134,124.28848244015418
1135,151.44722044014554
1136,113.67401223010279
1137,-105.1146320179229
1138,-150.6115776546286
1139,232.4391229770581
1140,11.891803864585214
1141,-102.57494471151553
1142,125.09184746526776
1143,194.57991195403892
1144,-246.19755786701248
1145,4.130466851929526
1146,188.55382366768518
1147,179.85649995249526
1148,165.24105354046614
1149,128.76683574034357
1150,-97.7448983431368
1151,155.32038224266662
1152,143.01713269433725
1153,-32.423831562200675
1154,167.9370493902578
1155,137.5418404360091
1156,86.99241055570059
1157,-0.5023320641975413
1158,222.07505356172194
1159,-29.328820439352413
1160,-312.30904589587715
1161,116.71420866537666
1162,-269.92654077340484
1163,-44.38866471021801
1164,-212.46313510011458
1165,-19.562978654597927
1166,-30.973094622322478
1167,-4.709133203017515
1168,102.26962430271169
1169,-34.26742171892083
1170,-25.81734838875387
1171,246.1007856480237
1172,-246.4531290891043
1173,228.3680779222086
1174,197.15771898323572
1175,152.1600183329212
1176,125.83464618764856
1177,153.6843377580273
1178,-129.44076034340284
1179,214.994841785424
1180,169.46690505447015
1181,-177.51465275861915
1182,-74.96030560374638
1183,93.28636839137607
1184,14.144799508131321
1185,-35.91234872980221
1186,-78.44327553994923
1187,204.23519185619816
1188,-44.17033569607146
1189,59.921564875985666
1190,-20.557071006628387
1191,-63.72167733016593
1192,-12.473984758320043
1193,-21.040440666772678
1194,-44.6226455302716
1195,-27.174887903427543
1196,-119.87651052885634
1197,-247.34419891399068
1198,-42.613936209269546
1199,-57.14045223707629
1200,-35.25424348842484
1201,-14.379075765968723
1202,-97.41944386076779
1203,-73.76569657058293
1204,-21.520216339708455
1205,136.97100373754034
1206,153.94578158986474
1207,-55.80636952158824
1208,-140.74914107989989
1209,92.84689815776835
1210,-70.45556492427924
1211,-68.96272010847136
1212,-66.36795829906535
1213,-80.15082024537406
1214,87.88047687815472
1215,-224.56878210604313
1216,-30.803880236065943
1217,-23.21673358799961
1218,-45.59166831793519
1219,-27.63790820574225
1220,-75.13203330827513
1221,124.28157414737097
1222,-174.70652161017807
1223,-28.719568524138356
1224,-99.55147224513647
1225,-31.601968505947056
1226,-211.12815946322587
1227,212.30900421221878
1228,-58.386483819510865
1229,-44.41941101391497
1230,-16.00240944266098
1231,92.85701430233901
1232,225.00703014706625
1233,145.9576177272624
1234,-42.024341577399355
1235,199.00091677842693
1236,-39.23319694366827
1237,148.16215617743734
1238,-44.039620579032295
1239,83.21574129784378
1240,192.6628777649363
1241,8.292168593651365
1242,163.03408690379453
1243,-37.256307168225106
1244,150.83848734921003
1245,156.46969241986312
1246,-68.93474269820337
1247,139.020519535584
1248,-78.06287487304216
1249,-38.30296889498878
1250,-68.13986255694759
1251,-66.286866184391
1252,-14.919315904350068
1253,-30.575503945450542
1254,-47.17329701176084
1255,190.426105598596
1256,119.41599265668366
1257,-34.29634496078096
1258,137.7991836118631
1259,174.94024416994694
1260,69.25270055468809
1261,-137.2198480822957
1262,10.677264023990517
1263,135.1473634109528
1264,-49.60789042386218
1265,206.04778784521037
1266,-29.91348965245893
1267,-30.802530709514436
1268,-48.25112562214453
1269,-33.70749552961389
1270,123.21739914362774
1271,-31.259656989580073
1272,34.66548414590617
1273,-57.82195810596874
1274,-79.92267382777561
1275,-113.51352210497694
1276,-123.70424780578446
1277,-69.73024881478662
1278,-11.362638877344947
1279,-48.84062690696686
1280,-24.895205689789762
1281,-40.614271621404704
1282,-46.65285926218018
1283,-57.377795436017195
1284,-1.6051836248616773
1285,-32.71962753656546
1286,-121.24891212160884
1287,2.021094281890033
1288,-184.3093725799113
1289,-29.942381307671486
1290,-44.067467921984466
1291,167.57919845915126
1292,-24.238973889641777
1293,86.14121069816423
1294,25.108346946818237
1295,-67.34773892777118
1296,88.35648791859647
1297,-57.369357753728345
1298,-123.50081630508349
1299,-67.1359429450021
1300,92.15507612047644
1301,162.19757497044174
1302,168.90294846357057
1303,-44.74992408665344
1304,124.9148932566851
1305,-51.12711745105204
1306,-46.464211359473936
1307,-11.830061072267194
1308,-12.163330087767758
1309,175.41721887683093
1310,-31.001044374857166
1311,109.91804458935269
1312,-105.6183508803773
1313,-61.23065933388785
1314,-59.491518107087714
1315,-88.84311692696012
1316,-73.76905279324437
1317,-68.29452298667869
1318,-22.31501950910199
1319,-77.24078099029056
1320,-83.25019121402563
1321,128.82360514967039
1322,-133.1174422646297
1323,-40.966024370072816
1324,-48.34553529061141
1325,-60.48771100072312
1326,172.69011082250205
1327,126.04050871631087
1328,122.06282313621912
1329,-51.821303349820305
1330,-68.90270421326699
1331,63.559372564175504
1332,-51.11509554346868
1333,-98.16463624659842
1334,112.7712412524471
1335,145.80131809979392
1336,-52.24352908713441
1337,-56.886369167029216
1338,-103.90864777946935
1339,-54.144066343378576
1340,-38.61109877865792
1341,161.31173040968721
1342,87.10403879138434
1343,138.92333778390443
1344,-107.25186355075677
1345,78.55879679707208
1346,-96.59708406592856
1347,-28.815047497815538
1348,-11.436304667632196
1349,122.75231346956915
1350,13.29957579700529
1351,-81.75236195974693
1352,113.74897102141095
1353,129.23978867010854
1354,138.24301670440545
1355,-40.96190093418047
1356,-131.74465857599452
1357,230.89939288573066
1358,146.9473800337731
1359,133.24912010667282
1360,174.7190655695261
1361,152.4557428800626
1362,-38.99559003929339
1363,113.11722472693579
1364,149.33868104824
1365,139.4990106211518
1366,239.1342085021787
1367,-56.416925209665564
1368,171.0852019593001
1369,25.918424696081047
1370,0.24349785381841943
1371,33.08434388702775
1372,181.61318202781007
1373,-73.04620849895322
1374,141.21206743621033
1375,-42.72270947394832
1376,11.817623343293706
1377,-55.37720020063462
1378,163.49321200674316
1379,158.35262057366225
1380,145.86260882641182
1381,167.74939942748946
1382,25.599523451672567
1383,-42.72334797136825
1384,160.77924623645046
1385,75.37114458825647
1386,-27.837145792682648
1387,139.9980395890007
1388,123.18636756403649
1389,-92.06986752686836
1390,119.4512817711109
1391,-10.094009606083034
1392,95.20627277418909
1393,-52.178042359213386
1394,92.08290004376964
1395,186.16640093524117
1396,-56.54112578245627
1397,-214.4722380999442
1398,7.806213780800915
1399,6.356939865231135
1400,167.55350307334774
1401,159.96594331382033
1402,1.6424178982943698
1403,71.3752535380512
1404,22.036318285830934
1405,-56.50786453208681
1406,-87.70842916367913
1407,9.698863998060006
1408,60.250761120401634
1409,-69.05161241498608
1410,110.44153021911526
1411,138.1818832210256
1412,155.0875945115631
1413,204.68924373825598
1414,28.82005040796932
1415,166.73820534757743
1416,116.38547598384741
1417,185.1613223484021
1418,8.637681320758913
1419,159.46239478113353
1420,-72.0129134249139
1421,-46.29830852955608
1422,4.783856372629254
1423,232.70595528853715
1424,125.47454403236638
1425,-46.650948342143515
1426,143.0144731745171
1427,144.0889549680859
1428,195.50465765604275
1429,97.19394618908058
1430,154.37280651906568
1431,42.857688816484526
1432,-50.73313266541248
1433,98.60381081274942
1434,183.96987201205587
1435,80.16986280521574
1436,-111.909655652209
1437,13.184664684250613
1438,187.79993649786817
1439,-85.20637461867159
1440,-28.53338243554161
1441,-80.23817845212196
1442,53.08276964684647
1443,144.17877263141781
1444,174.7833002691475
1445,105.24865063501392
1446,132.1520802720966
1447,-96.77006457666096
1448,181.74688276658208
1449,167.4043771721187
1450,220.37155745167874
1451,-24.22087095261305
1452,-100.62139972295161
1453,220.40122435463908
1454,166.2873052891648
1455,-107.26273273174813
1456,148.81589067233054
1457,117.17129567670077
1458,180.41481997529115
1459,-44.52047229863909
1460,-38.10391718189907
1461,166.5775975112373
1462,57.531835767277954
1463,-255.3604747454858
1464,154.47323357846446
1465,264.2086813117937
1466,245.93351088511258
1467,241.78690366514107
1468,209.2209018466388
1469,164.1636000350028
1470,170.09997234056863
1471,224.17607730870353
1472,-40.88245855866814
1473,144.11981600235734
1474,130.0769691616454
1475,-52.610932274132146
1476,-76.0670444269558
1477,219.79801103900857
1478,28.348213851954686
1479,119.52936312726355
1480,153.10625860613368
1481,150.4829551708307
1482,165.92525380829892
1483,204.77892282627857
1484,-9.930554289498346
1485,-49.320294730561336
1486,-65.56833047060212
1487,164.4482962976903
1488,151.65888949560804
1489,128.88562819983127
1490,-114.0486000786677
1491,-13.124758321505107
1492,220.56223674327447
1493,87.77353607146972
1494,-321.0118938160552
1495,172.8448992559608
1496,-41.402161094921595
1497,178.5890170072096
1498,2.878913700032097
1499,148.12885312718032
1500,214.94237758263776
1501,146.6717569057395
1502,124.77786613334156
1503,-47.56259197469271
1504,193.85996802022783
1505,233.2902500462352
1506,148.1618813838088
1507,76.18983631760909
1508,169.0825080229501
1509,-26.39398978109062
1510,-60.86451537487538
1511,67.89999373543614
1512,167.20185658098933
1513,224.12388095414954
1514,63.442592186481775
1515,56.38126503940802
1516,147.1662170011847
1517,-50.28459692913185
1518,40.26125562751908
1519,130.17956186833626
1520,-46.76616195996369
1521,-16.835771845711697
1522,154.84387937796205
1523,-82.9978943936537
1524,212.9512617005425
1525,164.04521239728624
1526,-56.74726385220617
1527,107.79606675448225
1528,80.18726369287178
1529,40.71623705982081
1530,159.0105235620439
1531,-48.88855173755071
1532,86.84995261412044
1533,210.990350444404
1534,-79.61962911481861
1535,243.384087326391
1536,-54.7207014710819
1537,81.92314747358378
1538,235.6308146494622
1539,214.92976976776248
1540,251.82004197893036
1541,-4.379822534497086
1542,58.66918005475533
1543,65.38197847869569
1544,111.69881579906831
1545,193.43904575236644
1546,228.02405474815527
1547,168.5452877325187
1548,139.61252374050136
1549,193.77217260637133
1550,161.68736904442756
1551,246.05865138189364
1552,179.0739452941776
1553,177.24498208576972
1554,185.75925753550604
1555,146.47285821341575
1556,178.6862926112351
1557,174.4676423742241
1558,141.55093011535737
1559,162.6285806685172
1560,222.1474570742464
1561,209.42303966485298
1562,158.93791779421667
1563,189.76352941662105
1564,228.2855435936919
1565,189.72089640715097
1566,219.20845364429638
1567,128.09638357981152
1568,206.1847922504969
1569,240.03329352213197
1570,204.53782792512385
1571,254.9802306803353
1572,109.95017304517634
1573,121.86858997973995
1574,231.20440306342326
1575,-62.72136910374982
1576,173.71264947555358
1577,167.77931872978175
1578,256.28468043322556
1579,232.14993408389518
1580,241.87263217562713
1581,-73.77782697624905
1582,-10.09443626499691
1583,-24.4590567022924
1584,147.8185549473876
1585,-163.0980770871852
1586,131.7581906226499
1587,133.12383819524814
1588,204.68123225553424
1589,-59.1697144345146
1590,212.0209715707938
1591,233.18397593478255
1592,241.53057452424838
1593,121.81209117896131
1594,103.29543397071187
1595,267.1534150448156
1596,141.51482978437903
1597,50.150157131994035
1598,192.63420451715558
1599,184.23493968125095
1600,-76.33535965084947
1601,-6.6236735630287145
1602,5.857967589050289
1603,-57.107684020733984
1604,175.38794705056026
1605,197.07197103765904
1606,-110.1102567103558
1607,204.6002111357641
1608,233.18600305511117
1609,224.08515892497587
1610,189.61790560909688
1611,106.10943003017908
1612,183.88387208034095
1613,-49.819134624998966
1614,-176.23091196735953
1615,-143.1765485757117
1616,-148.09553880128695
1617,191.30324052489368
1618,-116.26382706802565
1619,237.18083371212626
1620,124.65036127163049
1621,189.88094546142867
1622,195.44693756602712
1623,259.27619903335454
1624,146.02756628934577
1625,155.37634742080832
1626,-93.75773723084608
1627,-118.46900007802114
1628,-159.7814386231868
1629,-162.7327663129743
1630,-144.38717126621424
1631,229.41285184779431
1632,155.58043384646876
1633,-54.526348984868875
1634,140.98326186034333
1635,-176.01606485081342
1636,208.934927914076
1637,276.7120077541139
1638,138.47943583434446
1639,183.37169935626704
1640,196.4355150221029
1641,160.24324101480917
1642,229.97108299805785
1643,166.7707929904628
1644,133.75231068585344
1645,240.74805354178514
1646,-157.35005143469033
1647,167.38963618287238
1648,138.68405614717395
1649,-156.34555821283618
1650,-150.68744471187625
1651,-142.9507855443895
1652,-251.74497420472215
1653,-103.28491283265987
1654,196.56867375914146
1655,-114.40199117114787
1656,224.59809109187782
1657,192.56402120903215
1658,161.55682936207617
1659,-156.90343744092505
1660,140.65790858462537
1661,37.54945432025595
1662,194.58108711424603
1663,-69.68496923546357
1664,-19.055438876071605
1665,182.25432911110298
1666,-243.0385074765489
1667,297.2151195370498
1668,-12.412004224855792
1669,-183.83997261392582
1670,-101.44223378443291
1671,72.19873827014227
1672,-217.57756092517974
1673,31.62379961764688
1674,36.82630319306011
1675,-208.03362238141142
1676,231.16268109530486
1677,-120.85495370696071
1678,159.38995490651152
1679,110.90456691382114
1680,-174.44491246954564
1681,149.5963335755553
1682,245.10537540236092
1683,196.24040704232442
1684,207.71862100328752
1685,-80.702534307892
1686,262.1854056211291
1687,191.9323578826013
1688,-144.4302759944602
1689,22.566617045664835
1690,-88.61020508306794
1691,-55.86212104008686
1692,235.828340429771
1693,202.02096095922457
1694,252.7540890835187
1695,177.90031204013368
1696,-1.932678118590526
1697,243.64361431364654
1698,162.65020273910946
1699,264.04176394110976
1700,26.30487614602356
1701,-57.87251473546169
1702,182.08424207667244
1703,103.77741298451622
1704,53.208100191329976
1705,-273.2076230993283
1706,-234.22364942996364
1707,226.10149756964785
1708,233.91044477158027
1709,-43.39472831929492
1710,220.64710481986626
1711,269.87622860032377
1712,184.85455395993074
1713,200.3632423387441
1714,149.36169728477608
1715,146.1930476270027
1716,49.01776135733006
1717,189.42795544566968
1718,122.72534389156283
1719,251.36219477121136
1720,129.16480078751755
1721,162.99282655754496
1722,70.32244458281929
1723,232.250820560655
1724,-47.588440248663616
1725,236.51742462108348
1726,181.59347689545976
1727,258.5620564211537
1728,255.70238671906574
1729,267.16659022413353
1730,156.20227197846964
1731,205.93145559202372
1732,179.10303546490695
1733,159.2521977137837
1734,269.949841940801
1735,249.83632465428929
1736,128.08607828927862
1737,239.81581489878138
1738,269.35641191007204
1739,181.7182875305901
1740,252.11716023026915
1741,173.82990371959826
1742,208.16697752927791
1743,226.68752085642808
1744,218.6715011149275
1745,209.3752987384802
1746,107.62931160514555
1747,251.28837102069218
1748,7.884245866355023
1749,276.2598964153558
1750,252.01469343448716
1751,171.94598831162762
1752,169.10533364788796
1753,248.9137183036397
1754,104.20805638831112
1755,152.45252295389975
1756,-48.45424353641666
1757,193.32252866592665
1758,227.17546180979502
1759,73.63852037045703
1760,210.6009445239774
1761,114.25715545209374
1762,224.26513749118803
1763,176.37943705102694
1764,-87.5706942399947
1765,215.6273570172367
1766,-73.16733919932847
1767,187.7551551007555
1768,225.51445884017733
1769,241.46248490137714
1770,216.7568758228707
1771,77.61864052475238
1772,180.95007342350343
1773,23.499548242994926
1774,-20.207048978089972
1775,174.91683092513003
1776,220.50914012288837
1777,230.5970418544075
1778,233.022808630101
1779,215.4704696187934
1780,244.8464360883848
1781,202.05763645819127
1782,137.40153753783244
1783,206.74463040130414
1784,156.42441247367486
1785,141.77606217625652
1786,230.54767965038377
1787,236.27796790933806
1788,-4.002560659277108
1789,154.74574675305936
1790,183.9138912752215
1791,252.6760445939763
1792,225.71063360094624
1793,100.77736943114039
1794,220.32148786019974
1795,199.11695511729528
1796,185.73238379463214
1797,130.0956417390126
1798,285.7143532141439
1799,184.88736519617854
1800,162.34639980840458
1801,212.65868139261312
1802,140.87771198620925
1803,154.6467576198072
1804,219.30784012095185
1805,-51.08429705924723
1806,190.21751540754866
1807,218.72511042944083
1808,264.7804120583388
1809,183.61853319165718
1810,237.67288173615435
1811,222.14831938113832
1812,225.19386835603103
1813,174.22463869816517
1814,251.23859995797181
1815,155.90570787579622
1816,176.287668470657
1817,196.15367521898844
1818,230.92959778939291
1819,213.65613981956577
1820,182.74917785998645
1821,39.76888087328398
1822,-14.05791765328189
1823,158.16528615725395
1824,164.29032838029337
1825,250.2940034577542
1826,276.590518504707
1827,155.2615210757819
1828,229.7258914135765
1829,114.10996809452666
1830,247.82605520481226
1831,112.17103241695958
1832,-52.389443039062385
1833,147.56230329817458
1834,215.74666336284463
1835,248.20176293495442
1836,146.6326474461323
1837,5.208888600479116
1838,187.6565854630765
1839,225.71831636011575
1840,253.8232678342488
1841,138.61312088821668
1842,-76.14318101515927
1843,177.50422492366636
1844,188.96273911079308
1845,175.2728853277892
1846,201.7711820525177
1847,246.22156497181814
1848,135.69384058764922
1849,103.70956895052879
1850,206.86704465640298
1851,215.07224234606383
1852,218.92884084324893
1853,274.5501479081454
1854,112.79937067037422
1855,181.88436620538397
1856,196.09246499785172
1857,189.43652585375892
1858,248.81896596220398
1859,218.80156895772103
1860,257.37521899477406
1861,254.7554631182948
1862,139.35876108371517
1863,238.03176761544108
1864,181.59629156341202
1865,237.30845831487042
1866,-54.716698174351635
1867,235.72657804678926
1868,231.18987142235426
1869,272.51245842571285
1870,263.5462820163632
1871,142.25420016880435
1872,156.0827873073735
1873,277.7060791011756
1874,155.50326598841335
1875,206.4840023692857
1876,138.83238998504208
1877,-71.07157319736537
1878,-40.18956646344307
1879,136.40272606596153
1880,-49.88343586812035
1881,173.5868834514544
1882,-57.03434395307681
1883,223.72743716558514
1884,277.862030241257
1885,281.73088097335983
1886,128.5414040984807
1887,130.34454767126894
1888,212.9881681661492
1889,259.34026244466156
1890,-86.76789450618921
1891,-84.23781979984217
1892,214.10776946456878
1893,235.0928069501311
1894,189.3158669931715
1895,-90.78618024486049
1896,167.24626506101401
1897,230.23362770451052
1898,245.61737800136757
1899,-10.496032752763819
1900,220.82110005329668
1901,-25.54382984963573
1902,-17.92351242947096
1903,248.80842218705547
1904,-58.10537054789775
1905,208.94467144390336
1906,233.18868015987633
1907,203.15498451627099
1908,248.6435080067457
1909,253.34967365185688
1910,223.48065387266246
1911,-12.936818921419949
1912,-26.175254797762438
1913,165.38653839550534
1914,178.22166781637486
1915,-14.57192989652207
1916,145.56205027373522
1917,102.06015213163555
1918,211.23023346736764
1919,136.05237587302778
1920,175.32403119380524
1921,184.52756753070182
1922,240.49773766316787
1923,132.24632578833504
1924,213.5177527265553
1925,244.45230295912611
1926,135.5644963612801
1927,162.0762362640633
1928,117.86325711220022
1929,224.32385159375667
1930,229.4254088045413
1931,238.56372073166366
1932,144.16555132422684
1933,214.0095829628632
1934,165.66494263234415
1935,191.65744704226998
1936,209.06648376907646
1937,172.94255377169338
1938,7.209489410291
1939,165.12820306793333
1940,246.4728821065335
1941,-66.43588886201798
1942,224.1996696307528
1943,199.4213456527679
1944,-12.09400728889652
1945,154.93789509299256
1946,252.53457095432992
1947,190.56705923042557
1948,180.72665240423237
1949,169.30810439492967
1950,252.2719483499391
1951,236.27153205332388
1952,216.4462087111166
1953,240.47485017879393
1954,219.00545212396787
1955,190.80036202667225
1956,229.66602462595426
1957,-20.97911356169241
1958,209.19098070458597
1959,242.45834010113555
1960,233.89781480164498
1961,243.44158069678107
1962,215.7465791151467
1963,251.0026199143661
1964,194.6443894391453
1965,224.35906808389524
1966,147.1926174972948
1967,1.8727112410154512
1968,223.08750910505387
1969,251.2098127399827
1970,200.5881147105576
1971,231.04467250654903
1972,225.3096505917182
1973,213.97823540084022
1974,248.85125599510343
1975,232.50261734293352
1976,153.2541751021831
1977,-28.83418164890098
1978,259.9687985685799
1979,142.62808059514578
1980,249.23576744044584
1981,215.40497497825675
1982,13.55629819723336
1983,267.8623516321195
1984,210.85590897099274
1985,226.09731212847305
1986,257.50417376968176
1987,227.22155751109045
1988,256.87243764856487
1989,230.28874952185973
1990,271.13410684168315
1991,187.7559229827484
1992,-20.486913579931553
1993,214.53675777826263
1994,172.5942519985802
1995,263.7462969373546
1996,246.73091540258199
1997,265.62351307629115
1998,191.379465010646
