0,-436.44635245161817
1,-191.88109243747914
2,-91.20685520524493
3,-117.38257756560652
4,-327.0605832845395
5,-265.495576660352
6,-94.00440727334664
7,-43.517364053780014
8,-67.54222442688891
9,-153.81620728065852
10,-183.11309894185297
11,-326.50803211424534
12,-195.58939546481298
13,-151.50552160138264
14,-122.52868077874423
15,-44.12264069393521
16,-354.0368937945129
17,-314.4129365767461
18,-247.50345105321324
19,-275.6421013050768
20,-365.12534654959563
21,-428.98215314058245
22,-91.74016598171475
23,-98.37364781831413
24,-93.87658625169007
25,-375.5801084792803
26,16.347108515015194
27,-417.48139019494715
28,-330.5412521340205
29,-127.43594208303631
30,-231.01145969290744
31,-119.4475143843976
32,-104.44110264271852
33,-141.92290926611315
34,-169.50648964816605
35,-73.84645945636912
36,-170.08562373420733
37,-136.16457868241957
38,-72.06436643315115
39,-27.698190797447012
40,-89.49013126655541
41,-83.77274160789686
42,-274.40063435943637
43,-247.55425172904896
44,-145.75187014496044
45,-307.47873783073067
46,-6.062795764760253
47,-119.91218489001204
48,-139.59543634335256
49,-165.74905257268293
50,-149.16262614000766
51,-132.59563235663143
52,-328.44404966126615
53,-236.86741417788812
54,-44.39083995170339
55,-186.28406683029897
56,-115.12879121432273
57,-167.0129428777137
58,-212.57683121206966
59,-78.53804878984411
60,-81.46821622482454
61,-50.71714274176944
62,-119.97742489013379
63,-139.66728870242247
64,-38.30910744446889
65,-308.24767327418874
66,-35.66612301342677
67,-135.9364193706478
68,-147.69379514079122
69,-71.70041509824878
70,-260.38542000608993
71,-135.68143946947504
72,-50.079065073788286
73,-88.14521112359697
74,-176.97097875936663
75,-95.21240119022315
76,-201.187020186078
77,-99.88326635644778
78,-19.62607758508868
79,-393.4274865136291
80,-163.61154771775972
81,-302.56423670249694
82,-237.547655443395
83,-18.373737912451276
84,-49.81183542801276
85,-263.158533923103
86,-46.571783684887365
87,-123.72244270738557
88,-27.408091170252035
89,-260.82265179140353
90,-103.40933780274457
91,-270.0566805372566
92,-136.6998163409217
93,-91.12284488750196
94,-132.2254778381967
95,-130.85130901219583
96,-239.20323248625493
97,-86.59382071945633
98,-82.59537503524331
99,-151.67683422992855
100,-86.95411446951361
101,-274.03627126215406
102,-69.066519073961
103,-58.58906097582713
104,-245.7104172421453
105,-57.11426568509908
106,18.311502142271067
107,-36.429991164235474
108,-92.89985933563455
109,-6.236796852502224
110,-84.90654398078543
111,-78.09454946592638
112,-67.31537867274521
113,-254.09194834530084
114,-111.97857265287537
115,-16.198907214638997
116,-26.46086623082315
117,-67.62102009287861
118,-148.17487131675296
119,-156.8290229273419
120,-156.78460285535817
121,-147.05399847243
122,-69.77379907899353
123,-43.77212266491986
124,-58.269525862893
125,-84.10902096754208
126,-0.05236525366188749
127,-66.07715536157362
128,-19.455704141551294
129,-15.245314501485177
130,6.3566444059553335
131,-59.51801947190538
132,21.044694579789205
133,-61.898879844356244
134,-149.5823365918619
135,-12.825877555835987
136,5.768514781830133
137,-29.45265367437014
138,63.166201610661076
139,-73.78737647559701
140,184.3014033326431
141,-131.31691340959722
142,-93.08605649198496
143,2.407136444468131
144,-49.092144423573686
145,-32.143117570518115
146,-8.876790969492916
147,173.85261725922368
148,-1.4994065724145176
149,-86.82537243083462
150,-37.05779170582459
151,20.646687882736547
152,-35.587707050886245
153,-2.1338836690062672
154,-9.096335988699277
155,-21.21179319136672
156,-24.747892481475695
157,-38.83297582373571
158,-76.6685505707713
159,-52.182168882359306
160,21.91260578221304
161,8.45171444873486
162,9.89481644399838
163,-5.742251771255001
164,-28.72430056153944
165,-83.01369382097181
166,-128.7698534580017
167,-5.60275245319313
168,-135.97279468362797
169,-68.49958076215285
170,-108.68117480742144
171,-79.90957228570208
172,-44.155591988952224
173,-27.221747639798544
174,-86.75589066665184
175,-86.8492653151108
176,-68.34698872149694
177,-88.17178579327977
178,-68.0348966670828
179,-65.75908022489517
180,-74.41764842164818
181,154.98162243124995
182,6.653050826037262
183,124.28503528082018
184,-27.572369045561658
185,-40.00479536734332
186,-64.60281893843282
187,-58.62291084190825
188,17.67527809807582
189,-54.97971533404739
190,-167.7999629658152
191,92.87524831688893
192,-88.14773313833906
193,165.61670847341003
194,-217.0700894239498
195,-52.805158123462036
196,-115.45182092229112
197,-3.235581940686793
198,-23.515186987482537
199,-36.02845618315996
200,5.035807854552926
201,-35.04357573611592
202,-43.10865758215089
203,-56.01020776294009
204,-13.170606872315373
205,-17.194100563740754
206,-160.1095452317087
207,-50.54689499427929
208,-1.9424553325693343
209,-71.53275314458996
210,-51.02424253325981
211,-67.17200776302568
212,-54.490425181829295
213,-55.4610140629955
214,-55.67466072756928
215,-156.30330459691965
216,-49.95458248701159
217,-36.42248277497066
218,-60.905819275409605
219,-62.565912819541694
220,-64.61219840605156
221,0.5371669337299467
222,5.331706564577334
223,-81.67823063749307
224,-60.07864152157202
225,-88.12863113267204
226,121.93608354412547
227,-26.724066918660363
228,-73.84867469457994
229,-42.60374024845214
230,-7.71400975595406
231,-3.0095017826992203
232,-123.82354061988013
233,7.210469486486392
234,-21.74823683586777
235,-85.88656983293367
236,-60.25415766662235
237,-64.70536636778452
238,-3.761622528756509
239,-180.97072302226024
240,-126.14594926494172
241,-142.35971460287692
242,-40.80404684732483
243,101.73495396546426
244,-80.79303662551696
245,-29.3204756005836
246,-17.855680071136845
247,-51.35527270029629
248,2.2548297617812656
249,-26.33479050148437
250,-32.15100619705355
251,-50.66523740350822
252,-66.93603951713918
253,-37.34845520561824
254,73.53066383196763
255,-58.28168021141474
256,-6.5681535972752325
257,-36.253133472139766
258,-24.8785169665041
259,-32.026176056215455
260,-11.067909568168282
261,-68.16503794278046
262,-6.056264942158211
263,-13.454190253781622
264,-4.080715932792503
265,-70.86140294733008
266,-35.46964748580435
267,-83.66591935228475
268,-0.4330596575169974
269,-95.04639256385217
270,-35.73202422767345
271,-60.98114735486787
272,-22.795773977853994
273,-29.967320133330574
274,-61.4168347703957
275,7.197137784156717
276,-11.859102743445156
277,-57.39957464092134
278,-49.37658132374705
279,-0.7268063967926663
280,-26.92428514475842
281,11.407365978470917
282,-34.05137060966013
283,-67.55880279497534
284,-27.62141266944354
285,-22.350997245131072
286,-38.42179642791083
287,-47.97022013874843
288,28.35510321882546
289,139.53067716994104
290,-55.90314109462129
291,-11.502460200304402
292,-86.34442558565556
293,127.17705604989357
294,-28.628457667837537
295,-67.08526984592837
296,0.07102136747417842
297,-44.05657009086349
298,130.38190945082468
299,-32.47014540459743
300,-56.28083902266136
301,-59.807820824379924
302,-93.19789876451432
303,-11.183734273146325
304,-4.05167738144312
305,62.51147383588227
306,-41.83180224782954
307,-0.9365308501207397
308,-43.48663595082243
309,-46.13394493190384
310,-62.59834186244832
311,-78.05390848034692
312,-32.020477713769445
313,9.086879833040811
314,18.937527889482354
315,-6.913880825835126
316,-43.914995450409876
317,-0.9990122520132512
318,-65.35618055761617
319,-65.27387276312754
320,-42.59473716370804
321,-45.87581488020618
322,-14.873566456258668
323,9.496630825622836
324,-7.317158007412922
325,-50.401274801088675
326,2.6645475992646714
327,-55.093511549979205
328,-35.30985276081368
329,1.9164206961242491
330,-54.750083621525455
331,-84.75201134011807
332,-73.9612771715305
333,-96.29957232567081
334,-30.796172579830788
335,-86.91753869520255
336,-37.63025490326428
337,-79.19640700424459
338,-47.97642332709319
339,-51.491262718007356
340,-5.7374320858887025
341,-35.366684068693196
342,-41.833812324624525
343,2.8341789536369806
344,-62.055597374427535
345,-54.72740928400631
346,-107.67646345266921
347,-103.43681872568769
348,-102.16066781976575
349,-49.87490720103222
350,-36.586367240215004
351,-67.98986009213036
352,-67.82656088397755
353,-91.073733311628
354,-26.715779290786312
355,-70.86151939852554
356,-83.02494389761767
357,-29.29949674124871
358,184.2537446331001
359,183.9682007529213
360,-65.42693460511258
361,-43.29357010623684
362,-35.63835836614436
363,-19.13690995808009
364,-73.45379427801362
365,-49.01179271519138
366,-49.83276137093043
367,-28.566020241273186
368,-68.05066008740943
369,-67.7412187812005
370,185.4214937727722
371,-50.84050552509842
372,-48.79477447347953
373,-65.91430656435578
374,-180.4625585270068
375,-11.500230814401277
376,22.17544506375924
377,-161.60765944102567
378,-123.69805218516025
379,-205.4733167303075
380,-205.6774509723557
381,-83.51964194095234
382,0.6654733863323372
383,-147.03594494601253
384,195.91908704899237
385,192.44130025093824
386,-66.21320161862471
387,-162.07793355642212
388,177.01350548972027
389,-218.68351506828049
390,-200.6846240650135
391,148.99454761301553
392,207.4359275857919
393,167.43219744790818
394,172.696264101691
395,281.9176262621884
396,222.19472659901044
397,-55.329215763514775
398,-58.760353600994264
399,238.5293018726515
400,159.60703787176675
401,-26.95284737466779
402,-152.51191396312416
403,150.1871367107484
404,-14.62414239826893
405,258.40727035696864
406,-41.92455976454101
407,200.19462570893526
408,175.37952206882287
409,185.89542622285276
410,87.22367428673124
411,246.996438634621
412,161.49791233219779
413,152.22496141482407
414,-241.29073847403475
415,-7.2464055645823215
416,-93.13756215280964
417,23.399073316364834
418,-16.742051682670564
419,200.63995813347395
420,227.92063696112757
421,-104.01463389823695
422,23.63168198283638
423,258.2280486811201
424,161.62591025484005
425,-104.2562883750167
426,-60.754828073846994
427,175.57506457405384
428,189.71319602148847
429,211.80985171828746
430,164.71826014335682
431,239.08264013322867
432,153.9728629592055
433,127.75903680355896
434,199.51261799560473
435,103.08810053747482
436,197.11908643731698
437,245.15525801507002
438,214.80181384970038
439,217.54033914021866
440,220.5042041232988
441,194.62018771805276
442,229.10700979788325
443,200.884196262775
444,161.44222205487384
445,157.9195017146323
446,144.6298575891525
447,158.0428656423199
448,247.0491527543083
449,215.79903452924307
450,139.8515347410162
451,239.99112086920616
452,190.29864617616937
453,161.11852650161353
454,152.43084060280242
455,258.1954815435573
456,211.2886872522044
457,226.70424851081583
458,256.427781143532
459,245.3878421420444
460,169.6559790042934
461,176.9948463724521
462,206.18427995936096
463,220.4252571745278
464,176.95164060928465
465,-8.450022853584414
466,139.0269537046968
467,126.5378476375533
468,254.35026262773908
469,220.64342799678025
470,94.76676422230253
471,147.38445136891033
472,240.7513686480139
473,-7.592496178014578
474,14.986433050936384
475,163.60181755589505
476,207.2700223482544
477,-40.63743842345616
478,246.23988347714894
479,144.09576671871423
480,11.827793790128819
481,139.7407911897019
482,237.76809242505698
483,166.5877035821477
484,-129.99929910093806
485,229.66834636529126
486,134.1947232280567
487,197.2308013907197
488,236.5879291402201
489,-64.73777048349137
490,180.9838451898682
491,191.14471062586284
492,147.02228871294093
493,194.6231973780056
494,231.6975182885627
495,245.36644376573955
496,207.78813811546246
497,126.12097318309478
498,238.6384748299084
499,183.96915088013296
500,206.15375657740952
501,-59.07392718935907
502,244.7444040255477
503,156.66177781124765
504,178.40153824831236
505,180.84942148421231
506,228.32007101708325
507,209.46615800672666
508,194.5192292057086
509,262.35309341718215
510,17.161451212998003
511,276.2205156444335
512,215.41809894102062
513,263.98673171596994
514,227.09290271517372
515,195.89967169046213
516,191.05343215606817
517,150.51450336134377
518,199.048320123893
519,191.58132969583875
520,169.91582059652418
521,212.2152136117988
522,250.7815330292233
523,188.887565848122
524,102.67646210482891
525,-35.11332993820431
526,4.609052501719987
527,159.34900999282354
528,155.27321225756384
529,179.92740860590288
530,165.6522820986376
531,86.11104666224605
532,205.20053537967806
533,225.36066285745017
534,182.94878606514445
535,4.851635466631265
536,234.53483240600238
537,143.6682384494698
538,239.05604838232549
539,189.39398833818035
540,258.39850479336167
541,136.12810215215492
542,-22.063745055874836
543,193.60053654874872
544,181.31425752514542
545,207.36640182802378
546,204.64660916214348
547,127.61046682438491
548,201.1009510474777
549,-67.41698631676192
550,-23.64353605766669
551,254.36160134605882
552,-49.95712725273116
553,112.87893616236681
554,-31.878807408984088
555,173.99532964760502
556,2.113800451525128
557,-39.486599831065696
558,-63.19098465702218
559,244.64182237697315
560,246.18199309968384
561,156.00218857278014
562,-41.61319344394233
563,259.6366435996141
564,-17.811934473087483
565,101.63883328499088
566,103.90221902673287
567,269.0801624696912
568,184.1556096805048
569,-16.25908074841197
570,-15.04478314269699
571,241.17213393503752
572,213.92521816182108
573,214.79474869107878
574,158.86190664109466
575,171.2033812701889
576,273.4236039151383
577,129.79354465978253
578,187.56752232543244
579,136.23650830799815
580,142.86408328420126
581,99.75293050979067
582,199.88806371000587
583,246.74634694330433
584,200.83878768166846
585,-43.257913952134984
586,157.75423408633344
587,44.054614724240245
588,171.41097315894044
589,148.8481700911834
590,175.2463211509921
591,172.91778934473325
592,-220.33329711867896
593,205.54518407195488
594,201.00686011426893
595,236.99330389501168
596,198.4265058992973
597,179.83142858408905
598,208.9540648192721
599,239.57012317414748
600,20.30122511758375
601,180.71403811949716
602,253.66561035103703
603,253.33524681608608
604,177.58246459399987
605,285.8855765975709
606,194.90828207798427
607,234.06285197418134
608,172.74136623322173
609,218.4612982978094
610,217.077735606495
611,211.25217367254
612,147.15838667850846
613,207.89003378167726
614,225.84978191500926
615,172.4902295152424
616,204.83007703842486
617,206.39108648927817
618,268.31889414542087
619,156.51083544839116
620,90.7623163441557
621,195.99872290744813
622,155.10744219904356
623,145.31941561697735
624,259.625575400991
625,237.86145121921217
626,118.85750479320961
627,172.3604932712907
628,262.9611903664386
629,176.18645660494076
630,218.62407262837223
631,116.43634128734251
632,207.6656101539285
633,165.80360351781937
634,185.74843794840208
635,223.0284319407506
636,198.82622251473384
637,196.27737583921683
638,125.30839861565033
639,138.5145949839959
640,-219.67990729457873
641,201.42514899899143
642,159.46579781812545
643,257.93899065451666
644,238.7889915630558
645,224.2532731741661
646,164.93494468987603
647,170.13495966721067
648,125.94148187078122
649,214.1522487039208
650,203.0248265494085
651,282.1826090871431
652,219.56427064997933
653,206.62077156443942
654,239.57470483392302
655,196.01440956775372
656,237.70740890533403
657,-119.45394122251258
658,212.9193738250881
659,255.88241881168497
660,192.77704676530408
661,193.95963820589236
662,207.77199239060087
663,254.0805339199112
664,209.19011026819337
665,271.38903059605667
666,268.4467234318734
667,175.84279332233413
668,227.17226412715672
669,208.65192771443478
670,156.8190377286245
671,213.0229126036694
672,126.91151327849438
673,279.41084661024615
674,242.9652443248545
675,250.42709019920213
676,202.51940144543573
677,259.1118725145667
678,241.2072456284583
679,230.19211771612245
680,215.34129776184147
681,139.44982494562663
682,-26.246741829746
683,238.73200942947693
684,-9.330153991898115
685,225.97345454183886
686,166.47026885767517
687,133.8478944401806
688,175.18401109574808
689,-251.42461709718637
690,138.51959599151206
691,186.61274895400445
692,209.49504212105236
693,204.19365003261896
694,146.82655225160488
695,87.99100586757794
696,201.7833680162895
697,190.75655646279208
698,205.37361936773405
699,166.53151679871957
700,207.729767515536
701,-185.89548394650393
702,150.4503772817904
703,258.75486828342815
704,83.9625904145637
705,282.95143421855187
706,-99.62958492594532
707,190.80054204289775
708,179.13666748259794
709,260.8807858751695
710,-188.31097521193675
711,238.21480515429306
712,99.37995259461064
713,247.60242262778212
714,-142.6424484958976
715,236.33487917995134
716,205.09118911862396
717,-28.65648226771819
718,164.04702894930224
719,196.43524590296985
720,152.1233634103547
721,159.54690506456035
722,210.07710365006477
723,188.74480572454505
724,215.46838417207417
725,-65.7896211160577
726,250.16484419571933
727,206.5575414654376
728,265.169045594925
729,174.087946057653
730,145.79554344923486
731,196.27856449101074
732,223.28885340009793
733,185.139480082494
734,182.84662637061504
735,-20.62683693281872
736,195.3562328513682
737,-162.23301017122827
738,265.86393665956905
739,192.02113705778373
740,224.40674960298753
741,-16.08783129434373
742,198.13922204006445
743,188.83065658412465
744,149.47588617694691
745,231.76411597300327
746,261.5662300825662
747,203.9116795492695
748,156.71989464932346
749,290.7703614805563
750,239.31736666971926
751,192.75467067169495
752,181.8810785300073
753,188.7900067326632
754,185.699797564471
755,223.27981993162416
756,220.36204640349504
757,244.6131816551793
758,221.69298072757604
759,229.25857986195896
760,211.54840182762518
761,251.68000189045614
762,13.003064808320204
763,190.5609486925325
764,225.66330222778683
765,201.33502500632812
766,243.25393250876488
767,224.3664182647803
768,232.53614217709472
769,217.1396543669678
770,183.29275355160257
771,268.46439698479804
772,221.1430358320272
773,265.4001758944779
774,222.8091239987994
775,205.5441758334556
776,221.35517437354736
777,172.6971296728604
778,238.83261147728427
779,199.12761838834683
780,224.53874249275222
781,224.75818531980408
782,187.41890321779016
783,277.36718314830256
784,286.6161263555757
785,236.02452556511173
786,248.56375424456675
787,222.92735405574658
788,188.8616387707833
789,185.25449682969827
790,244.03851306705576
791,233.71274361657078
792,243.42582700107258
793,242.71703774014156
794,213.3004974228957
795,194.33583152023954
796,195.62373187588904
797,213.29261711672075
798,244.4567705626413
799,182.00518169175706
800,194.62123710703185
801,195.8636755447106
802,244.21453547129062
803,210.11723536316111
804,188.44049346392262
805,212.22273969105146
806,273.30094006519266
807,228.60612214667026
808,253.67360198247835
809,204.84235996040132
810,253.40194637054432
811,192.53472358744258
812,209.9513632164449
813,268.04422487390116
814,201.29013025166813
815,203.48513006578335
816,272.4574219699068
817,242.81525139145663
818,188.4532216090654
819,209.29367791911662
820,212.51351336327858
821,187.97239399691458
822,108.03967194925119
823,-50.231145240851994
824,222.69495172873894
825,201.41336093879912
826,255.85382095761722
827,179.21509551184442
828,287.56234945145525
829,147.53306365350497
830,118.51962649760435
831,261.93720126051903
832,215.99374395935945
833,170.139439343667
834,149.6894845779097
835,148.62003298213898
836,234.68889383764392
837,163.72882348885975
838,251.14029330769898
839,198.53419916680292
840,223.01266792992817
841,237.95303041691085
842,207.86712202015153
843,-86.27588366382228
844,261.2028894435754
845,258.1444190535333
846,162.37286179117646
847,122.45338711428133
848,200.79061642137697
849,214.957251118636
850,234.20216041452252
851,203.8848311240439
852,248.7888018681828
853,-59.30267708085299
854,236.15390038317182
855,-15.339561048336506
856,221.65511470182503
857,158.20447521741366
858,210.94534060398303
859,243.18160055218547
860,210.23345185366333
861,168.5332687863036
862,236.75110293535116
863,199.27939653810878
864,121.67130511943604
865,184.35649509141047
866,214.3707299587491
867,237.0441813400586
868,241.79521195642891
869,183.00956155475902
870,214.73864648510767
871,222.47337484542805
872,191.45450156590346
873,170.24122263030796
874,174.80441552466675
875,209.11017246122958
876,137.6351593236049
877,155.9457323123904
878,260.420025279094
879,228.47580643032381
880,239.4915711407324
881,197.84753201466302
882,27.258494501054248
883,270.4259338692716
884,213.6075249855767
885,-53.140001155473385
886,222.90425613765905
887,210.32505028360814
888,242.65410292524595
889,223.6396728747108
890,158.69312586609675
891,203.94127931352378
892,242.41613878247682
893,222.95077516848394
894,182.79992931418383
895,227.56243470621732
896,182.68174099155544
897,199.59309103120475
898,266.0302598036667
899,216.27721039573902
900,251.3902618340572
901,229.72383786560707
902,227.37433503514222
903,220.91627854705933
904,246.49919830220966
905,286.836824141479
906,211.978174528056
907,193.87519439501648
908,198.82240927185694
909,209.3010170086131
910,197.9672376281149
911,177.30733060127926
912,221.2169436574352
913,227.94004836503092
914,234.6982648290175
915,-2.6196128874467632
916,226.43705147638326
917,259.6773582335853
918,227.89908111671963
919,301.2321867680156
920,233.83174331763183
921,44.52593806548606
922,190.11677134394205
923,218.7731004013396
924,224.33868646796137
925,221.56189158292162
926,190.85838707942509
927,256.45760447662167
928,226.23387999555126
929,253.3638269010532
930,240.69224713536795
931,202.63842933210765
932,240.01228339464495
933,229.7142621686742
934,-62.73898052860859
935,221.74541852874603
936,199.4846614206952
937,-12.431920673747157
938,185.48440553042823
939,220.116871566196
940,238.9298979058547
941,246.31526590561202
942,179.08638679458969
943,251.99551272357127
944,212.95902767534142
945,206.0875419416704
946,211.40254885839374
947,209.0748029090482
948,3.0902268609769408
949,225.63432022586838
950,233.28554593947655
951,-22.9984803916347
952,-34.81426694385664
953,179.86089102040256
954,235.11892756967404
955,250.20637820497083
956,232.02298057173974
957,206.56673779518223
958,107.54302866412024
959,223.38761141650275
960,199.25450066566515
961,263.2249463786078
962,244.99757144326824
963,158.22873633766773
964,243.46529633779534
965,-116.15376388642187
966,226.8099539909279
967,-22.158433429473348
968,-5.7530697501360635
969,-47.47264943332537
970,176.748377726444
971,203.73304934726363
972,243.6662621638178
973,231.20845567769254
974,242.766727642846
975,205.68181428322916
976,237.5124715712524
977,213.34869817176693
978,191.73106958656564
979,216.93771690331454
980,205.81462973122407
981,270.6160334424227
982,228.63143951873263
983,220.49764215649103
984,221.558926553206
985,193.75182324485866
986,190.7472728210236
987,213.63690867982882
988,245.34348560674192
989,238.54826339573665
990,205.1382815285686
991,209.210789705107
992,185.54827699283936
993,273.626638830993
994,250.38823089482827
995,254.84486920738885
996,272.6222484767916
997,255.92426345436962
998,273.72084593194177
999,255.4944668379472
1000,218.87622216563784
1001,208.50374103132273
1002,260.43101000213403
1003,242.09427250495244
1004,193.44772850737994
1005,229.98377474690926
1006,233.73050558266831
1007,208.76929431449304
1008,198.92187689717622
1009,42.40289646429275
1010,258.19193393572715
1011,240.31582650389117
1012,245.28830487940886
1013,176.0571636354079
1014,177.45080280370388
1015,211.94926520010188
1016,248.89539827541273
1017,194.63729279192677
1018,155.68903332668003
1019,192.27963549210466
1020,271.76712997328934
1021,221.85151049661832
1022,194.4911742981795
1023,225.6065158078775
1024,259.3223833190451
1025,250.25791177037902
1026,227.96853658041297
1027,171.77667614116382
1028,170.6641120641098
1029,129.31529006488609
1030,250.23839815975907
1031,251.6177045489127
1032,240.23550491885925
1033,194.7069529736741
1034,229.8891457171005
1035,203.8558218108065
1036,283.958594222915
1037,267.0264391078742
1038,135.41374815552177
1039,218.29342800160046
1040,238.87962187589392
1041,137.09472580783728
1042,275.50026348384694
1043,292.3199100396952
1044,255.93311988559418
1045,244.53486899161805
1046,246.4403164045448
1047,31.60385684627017
1048,215.9466250403041
1049,197.65991383814998
1050,274.45289697183614
1051,251.47319638952297
1052,185.33615825334755
1053,177.61057605633232
1054,175.05614954773785
1055,183.34929198857824
1056,201.80043984518932
1057,176.73714231226649
1058,200.89969876253838
1059,286.64068406762766
1060,202.90867920562977
1061,255.492797816468
1062,256.5317817773655
1063,203.2333691539848
1064,222.7473174071314
1065,184.76993429371424
1066,201.40639912512967
1067,266.22239491056723
1068,258.849960014963
1069,232.96957528376367
1070,216.43807081903685
1071,200.15016618595047
1072,254.4176665385897
1073,198.63298535449394
1074,250.99344855326916
1075,222.25092324217593
1076,209.64825321169525
1077,229.82621060025738
1078,249.52318099437753
1079,201.52922486907448
1080,207.0338520108568
1081,207.5688671949702
1082,271.1869653372479
1083,223.1851365349637
1084,262.1486555066756
1085,188.69061634137822
1086,212.41030223135786
