,0
0,-100.16530308630664
1,-65.64253274041972
2,-306.82541323550527
3,-73.28193119102008
4,-104.01129514389199
5,-105.84986224052254
6,-128.37524714254374
7,-83.14852323814597
8,-153.90562467625688
9,-411.9631832216193
10,-107.01734603497388
11,-76.83484914148823
12,-182.38368878268477
13,-166.66275449307727
14,-260.73944105585514
15,-116.33281227739145
16,-191.5594485713749
17,-168.9390966728579
18,-108.11112583564886
19,-64.15208335618709
20,-219.3858202787444
21,-227.88808833262442
22,-94.74485679288438
23,-123.82232318988336
24,-166.67897137688504
25,-97.46475012945722
26,-93.88728522642123
27,-344.5230786097823
28,-271.45915206663153
29,-217.8197367687343
30,-198.58102581612457
31,-323.73995443520795
32,-130.56852548533442
33,-152.3467245077136
34,-324.74571579890323
35,-61.43355528978386
36,-236.25250017585248
37,-42.688265462834465
38,-191.51783036215969
39,-338.3405491514384
40,-103.38016782593161
41,-238.26367580826914
42,-243.0521381274867
43,-193.74568892599416
44,-116.63382583905036
45,-116.53972476046395
46,-418.73586856559933
47,-102.16634539142814
48,-111.00248613078365
49,-151.58431302815444
50,-213.72278433156757
51,-249.29216449714806
52,-137.21378780083646
53,-111.91012824289909
54,-428.1183736501969
55,-199.57517226498533
56,-183.55442841673513
57,-140.2344715362665
58,-92.79344156009051
59,-171.95855403167639
60,-84.01126948749436
61,-111.72683099442531
62,-204.54134191070017
63,-298.90556629727934
64,-371.5849143622691
65,-109.10092143231722
66,-38.60316767698984
67,-103.44015371544236
68,-96.8672576320646
69,-105.88825771119618
70,-73.85803362238808
71,-71.28400123387146
72,-270.53262443439485
73,-281.00478947718767
74,-103.548319236289
75,-387.35920450638105
76,-181.48815145852643
77,-77.59175238393871
78,53.62584085460466
79,-35.20354841494125
80,-342.81965736608726
81,-89.11262190897682
82,-107.63048014894393
83,-91.56525413124507
84,-116.22286145764244
85,-109.58741949155892
86,-113.22895308351337
87,-121.3867886468462
88,-256.6873527179198
89,-98.59742455667025
90,-160.86062215564
91,-140.5720313487684
92,-62.196412742174495
93,-88.36367988651588
94,-131.76747872404192
95,-223.06608689590615
96,-126.80739379589491
97,-133.24049611035326
98,-140.32236457052107
99,-115.75902487952143
100,-122.93305919571526
101,-184.6012011034521
102,-195.56498817678653
103,-182.15727405584525
104,-108.50970171487857
105,-249.52278027231202
106,-158.31711307837884
107,-97.73630573515099
108,-211.58202852143688
109,-211.08633186387044
110,-246.79516849659933
111,-112.0659172534797
112,-82.08487663576426
113,-73.92454870594143
114,-162.03375133106476
115,-105.50105751852473
116,-99.53106412498634
117,-196.1349542731828
118,-101.60231086670848
119,-204.76890540885682
120,-135.85974403228005
121,-80.75308347147802
122,-90.44872056849337
123,-134.13790411604978
124,-293.0715696036099
125,-157.26780615724974
126,-214.29076309746645
127,-147.02310063292322
128,-295.58113428514025
129,-69.14790304180335
130,-315.42875793990595
131,-186.974902941504
132,-247.73809839997645
133,-118.72475641445786
134,-301.3269701373588
135,-110.4246314849875
136,-189.63143263317363
137,-210.17560097824662
138,-135.1459243167054
139,-119.89947691783797
140,-31.826764458753175
141,-129.88261471514147
142,-108.22889820532033
143,-130.07503943967882
144,-0.8241678200325993
145,-71.98087556824666
146,-139.15639696888798
147,-170.42903476918752
148,-229.81110400472943
149,-78.41088995464408
150,-102.7821331840537
151,-230.42984071302718
152,-79.47412888598971
153,-130.92693395648382
154,-120.10806737186613
155,-266.03184713423286
156,-93.9359576801162
157,-162.84887775242112
158,-193.51760087870136
159,-317.9433455009508
160,-83.9482318854705
161,-167.77246555332374
162,-98.76004499695259
163,-53.827258729099704
164,-105.76053843231492
165,-119.13520144873027
166,-75.36222403606627
167,-73.02355649257123
168,-101.76317824599326
169,-128.32031233725382
170,-11.306131547836628
171,-155.74771747369658
172,-42.00757702818423
173,-88.77291318660633
174,-243.364457831466
175,-120.15900359057959
176,-95.83816517812804
177,-121.15388574508601
178,-94.2165395158782
179,-156.87768292705303
180,-187.43985680988948
181,-270.4705534433799
182,-146.92135441308923
183,-182.66444702113967
184,-157.88739702925795
185,-123.1284449738888
186,-63.128066607233585
187,-203.95820444846294
188,-100.58235109244693
189,-87.96661676771905
190,-130.81963563969322
191,-74.7470623640913
192,-65.05257483346489
193,-155.83173336114476
194,-110.56746078269988
195,-165.46974879089552
196,-310.3274717736174
197,-16.77812961386519
198,-100.37246255305288
199,-123.01061310812078
200,-145.03149830935797
201,-77.11976670037899
202,-179.23389189075232
203,-291.4569581548925
204,-175.96654278602654
205,-179.33840049201257
206,-119.77407564377728
207,-292.20561698421244
208,-54.68695758229343
209,-148.8395969716099
210,-108.04405574244157
211,-173.2434519381673
212,-96.69852321111264
213,-78.35989204788021
214,1.0048389710540278
215,-137.51602809821173
216,-363.11736111940525
217,-214.87078131820635
218,-96.89563462109217
219,-60.25051089998304
220,-94.15943774950362
221,-63.682457012269495
222,-87.79780182242052
223,-84.07879610993879
224,-122.66348121781073
225,-70.93707366892734
226,-167.16079591525204
227,-333.4732300046562
228,-112.45520135220073
229,-117.6664652299708
230,-87.25432591803275
231,-67.21025655322788
232,-70.18813144669402
233,-103.52740262001659
234,-105.68564498238906
235,-26.052835136891588
236,-90.42587884647571
237,-76.31679396268646
238,-81.64592381437541
239,-112.41841364499189
240,-43.139937627919224
241,-272.5989892069971
242,-111.32207508500083
243,-137.79515561027773
244,-129.64850105391565
245,-170.79999014730345
246,-281.91513671480993
247,-79.86388133544341
248,-43.200709658859154
249,-310.89534976313064
250,-83.94073289793073
251,-56.361598650845316
252,-130.83416601993625
253,-100.61459289412547
254,20.981907450245913
255,-129.58180095752056
256,-175.8160609585734
257,-229.48972355726835
258,-103.33196102371639
259,-94.93111936245316
260,-237.10166978143977
261,-95.69645933684313
262,-106.38465243221522
263,-152.18612200946208
264,-185.16666649809295
265,-172.14273338893344
266,-124.25359392119512
267,-136.62220938031894
268,-187.08322931723015
269,-128.07705962946181
270,-196.89023517627555
271,-39.76007324332866
272,-83.03278073313066
273,-273.6024136578652
274,-66.53665618866899
275,11.251934120671038
276,-85.33613937186414
277,-57.63854692913704
278,-99.49316690580395
279,-76.20050037690291
280,6.4353357430765925
281,-102.06346707937817
282,-66.02740194540718
283,-123.56865065498374
284,86.50923808575786
285,-239.03661900759374
286,-87.01901508824662
287,-68.54087188112325
288,-50.25935668611638
289,-112.51238426083358
290,-64.50619352591448
291,18.26576071883771
292,-7.980494935231349
293,-127.74665525839592
294,-199.91877023671242
295,-146.59494300422105
296,-16.692022690119472
297,-121.85306619768032
298,-73.76228227335639
299,-56.110287148673464
300,-131.81573520559854
301,-42.92413240199012
302,-105.81370418023825
303,-104.47607435869524
304,-13.61453158267625
305,-26.579076801800483
306,-42.96001124784091
307,-45.016894060607406
308,-112.56557480343824
309,-47.94750959728674
310,-126.16890020308084
311,-38.47075356359002
312,-53.5371240601621
313,-170.34544816905773
314,-134.75480875988222
315,-175.95474742887905
316,-90.955833529648
317,-137.6732205609738
318,-235.98943897278767
319,-85.76021464779859
320,-69.84361389239054
321,-20.560635337334745
322,-59.416419374173955
323,-114.47385504702598
324,-49.45221432826051
325,-49.067382697199804
326,-61.52967338356022
327,-69.8808197521344
328,-65.8172509961255
329,-69.48902217691226
330,-78.57984792174491
331,-86.21068104985262
332,-69.20219022315867
333,-154.0108766268674
334,-84.26031126629726
335,-101.04010672864496
336,-18.82764282362163
337,-73.92564812483351
338,-59.302287623659446
339,-55.86218370661318
340,-87.17320762209575
341,-106.26806309680747
342,-70.60546142910437
343,-83.96166602682973
344,-72.71480366813677
345,-111.08021406170576
346,34.188122415356304
347,-157.44803890321174
348,-122.39442750802215
349,-71.8835167558454
350,-85.20566102003293
351,-41.53745603157675
352,-122.98491710132313
353,-156.95782893112144
354,-26.883688973890145
355,9.685252543121237
356,-59.99754948839368
357,-107.0865047108735
358,-48.821424070412405
359,-69.94674912594976
360,-80.84837428913252
361,-288.4981380663707
362,-21.495896586534457
363,-90.22246263078424
364,-60.06870242908276
365,-105.24406711870033
366,-110.0310343585023
367,-88.67778949233335
368,-74.956052599422
369,-54.17240252216493
370,-80.24822241419587
371,-59.30542744521525
372,-119.93298569756193
373,-105.21890812570432
374,-70.0119012753326
375,-57.920700310778656
376,-209.80247457585128
377,-88.88959907845
378,-81.2614378823424
379,-77.20929218209821
380,-88.58635939797304
381,-72.8808463770666
382,-77.31430407054145
383,-69.31413175736068
384,-83.83283258062713
385,-145.39598581496665
386,-53.33971873692562
387,-56.13856445475153
388,-33.01814865814309
389,15.122053190609364
390,-23.794174435618302
391,-114.13247591861999
392,-41.26609118820633
393,-35.88830022261442
394,-49.36273450006588
395,-94.81700254168287
396,-152.31693347785955
397,58.28373375866338
398,-73.31765013090698
399,-42.193437088429775
400,-79.44465379411497
401,-9.293190992981636
402,-65.68305273332487
403,-101.11260348380023
404,-82.25560651455919
405,-39.9735557224581
406,-127.49360508328161
407,-68.54156703509877
408,-72.98703946770466
409,-53.36805164440095
410,-117.95546265188429
411,-104.06335196547819
412,-40.1155024048082
413,-110.1416749391593
414,-83.05235586524584
415,-39.09125925914703
416,-50.72209372332286
417,-78.5094574988854
418,-76.80074087648146
419,-43.253500416804485
420,-42.17589173101399
421,-84.17908154440664
422,-114.35481017237693
423,-79.38997799185113
424,-61.5531385245172
425,-36.961801720992895
426,-29.369419150628147
427,-91.77759754978763
428,-33.84088221322884
429,-159.49766085778498
430,-14.410302501803756
431,-84.55430027406736
432,-112.80281281788278
433,-102.99661095728547
434,6.476306253808374
435,-220.7636898639298
436,-9.61767219876647
437,-202.57717746797834
438,-111.80038604802684
439,-196.9394928723501
440,-53.49536931244461
441,-43.97278928626301
442,-31.47274163707759
443,-40.021535155347536
444,-68.20415453431806
445,-61.78338398637642
446,-5.9331941102857115
447,-44.91126210504545
448,-20.23665539304514
449,-85.9953548696412
450,-77.07895388295407
451,-32.95652888835576
452,-24.80079480397559
453,-33.57243043051865
454,46.11824800372121
455,-68.83177258536261
456,-80.8239376263749
457,-32.331837587666655
458,-59.669874971292195
459,40.14796888185694
460,-91.12173694052738
461,-43.69576493065823
462,-78.03800092498605
463,-115.56788368786944
464,-116.75098905058101
465,-93.87228266079511
466,-80.25708362091801
467,-67.708407056395
468,-127.02098269572221
469,-209.72369547350507
470,12.386890248696233
471,-136.620930008238
472,-19.934206060767238
473,-100.82787042037998
474,-2.2753436696275458
475,-17.10425652453788
476,-67.70070531118667
477,-70.87524402666794
478,4.747571654300685
479,-62.240332973098546
480,-139.51992419618995
481,-85.81936649691127
482,-24.14003628530203
483,-76.66020333856196
484,-85.46760705312704
485,-11.131811677489111
486,-78.62403321174276
487,21.65589444914596
488,-101.21279854187513
489,-26.24026259351939
490,-69.98175960071228
491,-81.22690622277291
492,-30.042018141164803
493,-14.059882812513322
494,-105.79131848180216
495,-80.91440382941389
496,-94.19629091175287
497,-28.349464371198565
498,-30.23718495931861
499,-36.79124928433873
500,39.75325868526866
501,-32.169339947725035
502,-55.179314660285286
503,-99.50323636120461
504,-42.37993557545599
505,-87.1295548788531
506,-71.4727417916304
507,-43.37133057108029
508,-116.80095068413478
509,-156.95919175295873
510,-73.93192167161085
511,-3.5522883196050117
512,-57.08546557857748
513,-67.97535860347048
514,-81.69489195487265
515,-12.726692044607717
516,8.646086217430764
517,-56.89562034272338
518,-72.4822859283845
519,-41.92166933070638
520,-51.483386093912465
521,-2.0481582541183485
522,-39.703449548130166
523,-30.03476751879053
524,17.081626431311776
525,-84.27984576883574
526,-107.72478104827451
527,-76.5117902244343
528,-57.35943410860509
529,-46.692258864972686
530,-71.30909474823936
531,-76.79667622439747
532,-4.698481943528748
533,-65.14500538957782
534,-26.235175750282224
535,-51.931949427143365
536,-41.64419735196637
537,-53.55729030574699
538,2.3412111717946402
539,-41.40675413030155
540,-92.4368192241873
541,-43.876063924029324
542,-353.6292926342993
543,-231.2773386912413
544,-5.806372122150236
545,29.6196749130024
546,-234.88862684343798
547,-110.9701276077826
548,-44.88599615269835
549,-81.74469495384511
550,-26.85952583860211
551,16.868177213073054
552,-43.288542562282814
553,-183.17329848169135
554,-114.05981066473686
555,-16.881489376050936
556,39.874106125045984
557,27.194998942197756
558,-97.34899388453299
559,-78.12522877174416
560,-83.52633967059563
561,-29.245222024191037
562,-49.29569451485404
563,-58.680797210215026
564,-117.6060123659814
565,-134.733801588784
566,-48.767505063489565
567,-56.1576837533632
568,-61.74966697985251
569,-10.132337497414824
570,-73.85169485796675
571,-66.66497133669219
572,-14.32018150642017
573,-32.79609376457107
574,-36.76548110149319
575,-81.9346597499867
576,-4.929122224899345
577,-32.58456130027952
578,-43.50057657764708
579,-69.65953527484851
580,-324.0525977815147
581,-151.12729327745276
582,-137.34512371566095
583,-80.27952296325458
584,12.039472893347432
585,-18.789036234758978
586,-69.22681382468022
587,-53.59822497413837
588,9.246996631202395
589,-38.68252381413457
590,28.662892363123703
591,-84.65180644929366
592,-10.000898634079558
593,-54.418541605060355
594,-58.64623841384537
595,-45.28215491394643
596,28.956444698918492
597,-84.56842714322897
598,-135.3087133777993
599,1.6927486351740084
600,61.22229586588882
601,-64.94010729906591
602,6.149351166355071
603,-48.98050208692475
604,-456.11188773878007
605,-79.21375610776317
606,34.530514539777755
607,-76.18850030411659
608,-0.8937738961950703
609,4.791609689246615
610,23.01344301890624
611,-5.245795263122716
612,-56.32896002589151
613,-52.794105195743875
614,-63.211081684134186
615,17.32222717448426
616,50.01520413825202
617,-169.07007908720936
618,-123.67683600686635
619,-8.495067751763452
620,-64.70026768381209
621,-35.10351180243278
622,5.217385019742627
623,-61.56943320846955
624,-12.188441026299135
625,-25.759766283191208
626,-141.46061244112042
627,-199.91486834257762
628,19.725169632484526
629,-62.3326957327885
630,-80.24615324575564
631,-23.661481198926907
632,-9.861366941420485
633,3.907451858737794
634,-21.1823018315084
635,-17.879387112024617
636,-25.271691376045446
637,-30.94128361738293
638,-35.255295872707364
639,-36.511369582336414
640,-43.51278287381343
641,-31.383930150875145
642,-27.496067927685797
643,-86.86995129762066
644,-25.285478797986894
645,1.9438942598164042
646,1.7431834120763676
647,-7.363677327661248
648,-42.22961599302759
649,-14.233437210443146
650,-20.166333086607647
651,-35.565830608368486
652,-40.36718155380804
653,-32.02850635763835
654,-11.93067629591107
655,17.778508409083262
656,7.725312935788847
657,-6.183478544473205
658,-24.563954659093447
659,-14.15554523249132
660,-56.72489091209997
661,-0.9753888419530408
662,-27.30192963752765
663,-13.027365610300189
664,-25.714191541947
665,-1.3100903914877566
666,-42.70826909749583
667,-10.243499484327902
668,-9.009176054234555
669,-50.7689075283316
670,-18.975659749606685
671,-15.158492339946218
672,-27.118037037941747
673,-23.297489073833557
674,-21.719249354786452
675,-41.640089987913235
676,-57.80425343842207
677,-54.33135365231462
678,4.767309952181696
679,-22.31651374548457
680,25.767751308958925
681,-18.132799621733156
682,2.321226354152687
683,-20.51953361727253
684,-69.6196117583927
685,-29.55011089688666
686,-49.37184846003195
687,-59.25971711699737
688,-67.33133551926886
689,-55.477516961396006
690,-245.5753001603807
691,-22.201410997744055
692,-51.721671498545554
693,5.091837839241406
694,-26.84675256253353
695,-50.812980064950494
696,-28.433254314925787
697,-29.749791068768875
698,-50.116233016663934
699,-36.53229156986383
700,-35.04379653722443
701,-19.329060422666036
702,-31.92618573374649
703,1.937937082549993
704,-35.645504731185206
705,-17.88899412087521
706,-28.47206897482463
707,-57.493991984740624
708,-22.820667469501785
709,-23.978297195961435
710,-46.28144757809993
711,48.161492019393314
712,26.481062140161626
713,-12.399197269699991
714,-33.6044043126889
715,-24.263549632756465
716,-27.771721517541785
717,17.05172719345741
718,-26.043722898415584
719,26.454246686217328
720,-35.30648570950588
721,-115.39308949836843
722,-54.086731402568915
723,-22.143748213765832
724,-65.88465273130282
725,-19.684566792441796
726,-15.50328140142978
727,-14.282942160474406
728,-9.586374527164015
729,-41.64403116828137
730,-20.175705796604223
731,-28.286916466035855
732,-49.58446891528626
733,-1.4642348031962027
734,-45.229446584041526
735,-69.74996385404042
736,-8.173704323562788
737,-8.129646355944926
738,-29.28236311960711
739,-48.09314767059498
740,-38.169780032003786
741,152.27779863974993
742,-6.359669090866594
743,-5.98916851313479
744,225.42179746081518
745,-18.862683128340976
746,-3.7914964605100536
747,14.61822857559973
748,177.77420729674276
749,-68.48601636097987
750,8.687287954267948
751,-25.924159169009016
752,-33.82040368232914
753,-44.88683422498456
754,-53.1173491703654
755,281.00045769995546
756,-39.84754315044576
757,-20.188629633753344
758,-74.1196020712168
759,288.16899294700795
760,-84.94558147681106
761,-27.99752015669924
762,-71.84133818433773
763,-62.060798761660614
764,-7.60156436006312
765,-23.233399245078832
766,-30.351282897750227
767,216.80116093494715
768,-47.52483654746047
769,153.34506963363606
770,-34.94224626408056
771,-80.16282070310959
772,24.391801992580273
773,132.75543053117957
774,-35.503102710877336
775,-16.500351786530395
776,5.412497170269235
777,-60.18222472962242
778,292.38047783486877
779,166.76141131772278
780,310.1415185961794
781,178.7291925559004
782,163.36861723333524
783,-30.769488860766526
784,22.501083839505192
785,225.96920879488272
786,240.5753949752372
787,219.83277498706934
788,237.68466282772368
789,44.37164384505212
790,261.20313105387663
791,151.14080186370404
792,227.41909365155203
793,175.93883526381018
794,215.17257769865108
795,256.0013709321985
796,247.4493132306757
797,244.8349388892782
798,123.33712517512129
799,240.80050151359646
800,206.1241717076177
801,171.98590577948346
802,-30.07815196738615
803,140.46946815506266
804,257.3667244483713
805,-24.955632190258896
806,171.9211155921363
807,-28.329662669141726
808,230.2288325980697
809,173.77682531903375
810,112.96344954348162
811,201.7502002226746
812,-57.477299916686306
813,-55.55236406829
814,-15.56122694759317
815,8.38290743505182
816,173.51946687198355
817,213.9907004370553
818,223.10819685735248
819,143.63411445650678
820,-12.436629260485171
821,-85.00455680736889
822,205.2506214326283
823,205.93930930949927
824,-69.68185917234594
825,165.33916570156134
826,8.38565205789316
827,144.0876545227494
828,178.59765580418753
829,212.55236953108374
830,194.48816099838865
831,180.41574525938432
832,-106.06206914991624
833,156.9815957092457
834,136.35362888952056
835,255.7036131008921
836,-105.6300088574708
837,223.57271072129058
838,194.83625615983436
839,147.5161911464645
840,143.4571350920307
841,177.78241502946847
842,228.21519809673364
843,225.72028918484455
844,256.13366828702954
845,164.8947288897774
846,-97.98549215488661
847,114.43383385866244
848,248.54929449204934
849,218.37272386442487
850,-49.39525516721136
851,175.73304543248014
852,181.9038946815157
853,-49.91212019485679
854,92.80704684278226
855,179.20477527502752
856,120.93331776449101
857,162.72956783219962
858,200.716310977733
859,199.6538633056202
860,195.65594408782806
861,-64.15948192319361
862,142.51738916376
863,185.9198106692557
864,8.784372527996164
865,238.54283062098844
866,16.83661685114018
867,219.6562477828851
868,-86.86142741025849
869,201.04540940197572
870,203.16882430551374
871,-94.54550665968748
872,247.5976651484019
873,179.21443567388275
874,130.30581535420072
875,-80.42880954066098
876,-79.12124385416763
877,187.8469727000013
878,206.7225733542017
879,259.89748381144665
880,227.3458357150521
881,-118.31332479220333
882,177.2599089617848
883,179.43488517259385
884,75.71839707734678
885,-1.3503382932156576
886,214.1141495926069
887,144.8647666042719
888,141.2272626577826
889,-165.27116566677415
890,-59.83280255780217
891,200.99510013135142
892,-68.10760427652247
893,227.10473640860903
894,240.42754164856203
895,253.9285773009015
896,-104.53210715775964
897,214.75092267669442
898,206.16209136848585
899,228.98487604665698
900,216.14582620103477
901,211.12771566883498
902,234.95686660112506
903,234.03226175170386
904,222.09848758230825
905,228.63129292391218
906,-31.689897183512898
907,-299.6653001078399
908,225.89198642661938
909,-53.426066422070676
910,-57.60960723377694
911,253.62887376777513
912,211.37924655459204
913,-22.332733943445902
914,102.63909378825466
915,-126.62943630923704
916,234.60568362371248
917,230.30562545628376
918,-286.38185319290835
919,244.44350945026724
920,-31.93001077138669
921,223.86920066263932
922,105.56295981694198
923,-47.70271902897363
924,134.8465663427215
925,104.22644156791992
926,-15.08823877979293
927,217.00986921672816
928,229.02858820805517
929,112.93473254156626
930,169.3018533693348
931,238.3901004604751
932,160.6701081834413
933,221.95409289130612
934,159.03045740353406
935,183.79984780576407
936,99.37875703012179
937,-87.17121940301207
938,204.94917504044105
939,110.57191849918513
940,234.1877123152387
941,221.28887718106347
942,245.95481298498564
943,196.708430208932
944,158.0190064686617
945,206.29180811165529
946,277.1211851191475
947,174.38802630522434
948,-73.60233724861367
949,190.18614514192421
950,136.63108099779961
951,259.5782026274499
952,185.26343934014665
953,204.85779475508872
954,173.05442774871108
955,217.50972240563135
956,229.98547184656888
957,166.10295405082405
958,-65.86478195261341
959,227.54415959549158
960,-35.73307903054179
961,149.86996969398098
962,142.52622670359864
963,256.93270455457844
964,151.72281804659116
965,207.40972151116256
966,180.4902496910822
967,-57.831109955482376
968,217.8695954045371
969,244.48979023767458
970,183.85927559812248
971,236.1870561444795
972,156.94839725894548
973,199.8975881177541
974,222.53330270823267
975,189.46669310047292
976,188.92003338454958
977,163.1161707444898
978,199.00515899797801
979,147.92297998201036
980,244.6724395250223
981,11.785014865329812
982,238.32845500705528
983,199.99580030376165
984,-70.85836111438124
985,207.86497485971347
986,193.10136022234923
987,147.6175982234432
988,162.43002967981855
989,186.0321814624371
990,228.0353739426936
991,-178.62040028447376
992,254.29534752053547
993,190.8201735151075
994,209.30289465253335
995,-43.4697035175888
996,154.59966209702037
997,0.8800992168148669
998,155.63221308360824
999,276.7638992788045
1000,125.243731775645
1001,219.39191353541966
1002,134.16372448227798
1003,250.44658268392496
1004,182.86633279019185
1005,228.53632129434942
1006,225.87600187420023
1007,182.82860507582473
1008,239.77786665715223
1009,141.77316770746023
1010,155.0729381814618
1011,240.20141911018823
1012,239.15935747040126
1013,222.22126968445832
1014,197.45453269563546
1015,258.42769452465427
1016,182.0217146783071
1017,215.0343589050394
1018,184.08614934706725
1019,211.92173425905236
1020,244.88442955611632
1021,216.50940037115112
1022,265.1072105607674
1023,223.52944763620826
1024,258.13679923389657
1025,195.02374134892267
1026,-93.14588974387196
1027,-26.97835938970958
1028,207.8721795858653
1029,234.53890333886116
1030,234.96570557766628
1031,-15.283163006057165
1032,181.90313775578915
1033,169.37937377460537
1034,242.8743514614529
1035,236.77676322373856
1036,272.1593315193922
1037,179.35462283258607
1038,179.7551491825845
1039,232.16403069746087
1040,146.70218864150263
1041,-141.739456352627
1042,154.4259128319627
1043,252.92794720708648
1044,-36.540323526153855
1045,-53.252670217435686
1046,-238.80439208783127
1047,115.69426897227342
1048,177.8040983734238
1049,205.6759811803995
1050,206.91712974501013
1051,-2.2762279504163416
1052,210.24560100913573
1053,245.7407347922688
1054,161.23423282062657
1055,295.40477003381585
1056,216.24355169525316
1057,203.47166837868687
1058,257.1639917215683
1059,266.2838600706772
1060,237.2789052819046
1061,249.3409129911031
1062,-84.94098541390032
1063,17.74187523134394
1064,242.47844800486496
1065,212.49613154049803
1066,149.69782460920072
1067,151.71387625663328
1068,142.21193876633237
1069,237.83842058870292
1070,189.35525390674155
1071,167.34475473347504
1072,268.2484948978271
1073,218.9523186024415
1074,120.60298680310747
1075,-12.422063772420088
1076,192.6104458569011
1077,231.38978046033537
1078,22.59427589171061
1079,233.93309220803394
1080,213.71797140350364
1081,181.88012303106424
1082,269.5143242279536
1083,-0.265047777616104
1084,229.73423458667432
1085,136.0114000316674
1086,298.33833667205477
1087,272.86916705282135
1088,-108.0120497299581
1089,-97.96112798608202
1090,114.77971944564761
1091,212.4211736702548
1092,275.07010263668303
1093,122.08154375864225
1094,201.87879341385047
1095,258.6505375828504
1096,275.06449715972167
1097,173.8543745719043
1098,263.81409242938366
1099,279.92634015075805
1100,219.2632231616391
1101,268.997841264346
1102,169.57863423979882
1103,241.41219544807714
1104,207.4545534863442
1105,201.51246339380373
1106,243.71153276249711
1107,144.27174622954482
1108,218.65231256961266
1109,221.65542969764
1110,161.94841450827175
1111,-168.5909471253825
1112,123.95493600536187
1113,138.7395143643668
1114,236.44303000491234
1115,210.04980952357738
1116,232.96994089018818
1117,195.45147670462967
1118,181.34003000229166
1119,167.2627767394533
1120,240.03953044918364
1121,132.25167008999034
1122,216.20770927606816
1123,183.509951250492
1124,121.09750035909791
1125,250.1123990258015
1126,262.2600812238697
1127,82.14247615635145
1128,264.2113786785775
1129,141.4534568940623
1130,-13.725792358831313
1131,208.38645399202613
1132,280.4340930527586
1133,215.67900107428397
1134,246.69041578585686
1135,243.69011584152065
1136,209.40462004414215
1137,217.26142354367573
1138,252.12644884044343
1139,164.61520459461923
1140,260.9397819375165
1141,223.18562674902412
1142,188.12493586351906
1143,268.52016719336575
1144,250.37402658923182
1145,286.3698251263693
1146,2.003439043830422
1147,251.5624522452491
1148,219.46566321441054
1149,152.76568947231567
1150,262.27206818104844
1151,220.09075273568766
1152,187.3371521367927
1153,134.57598943667813
1154,217.0670817300221
1155,142.39569752875406
1156,217.1588660144236
1157,260.95076262938375
1158,275.5006114405379
1159,230.55555185979017
1160,208.00731926342326
1161,211.27898845726497
1162,230.9774696678934
1163,183.37708073130548
1164,84.4713057953984
1165,243.18408178282823
1166,265.2905450389823
1167,225.45662897451248
1168,244.20434939933665
1169,272.7157298711909
1170,240.38345802922797
1171,245.45319313624182
1172,225.0380277947707
1173,226.41052639312875
1174,245.8273758543942
1175,162.87747121295627
1176,229.51449129182808
1177,189.0799617661822
1178,292.82417506699005
1179,226.33749458063343
1180,190.68268969621988
1181,244.02982329917796
1182,247.52069563275174
1183,243.04915960951027
1184,234.0934948343232
1185,243.95941357426796
1186,171.6310166237351
1187,247.40582433226012
1188,134.66735940235037
1189,249.65453370975948
1190,249.51416287608248
1191,252.63415116065624
1192,152.7424609657842
1193,298.56805423843235
1194,220.26576912627797
1195,222.08719891096212
1196,243.3778864116168
1197,273.45985777223626
1198,237.20513429265517
1199,280.23930709581737
1200,212.9029849974172
1201,238.0300373377523
1202,197.73656301249744
1203,272.8270402064139
1204,234.89372414810288
1205,159.85451769735886
1206,230.65008623957715
1207,234.0881832032291
1208,217.77505065669212
1209,249.59285575252702
1210,261.02483603827943
1211,230.2035746820427
1212,309.4365770860717
1213,82.2806943610201
1214,205.46187907151318
1215,199.99782905344364
1216,264.59830527488623
1217,234.81936638397295
1218,213.69415010704347
1219,261.9334685308263
1220,280.10703469685075
1221,199.59184671501055
1222,225.58726749370987
1223,240.3423122516615
1224,236.66811427740637
