0,-6.1991287853958426
1,-422.8501632418655
2,-115.81752064104052
3,-383.0266012010806
4,-148.35689473243613
5,-345.9226949764259
6,-104.19878090831794
7,-90.56943296629882
8,-79.09483701934154
9,-194.0364952806467
10,-472.5598659388244
11,-128.37103267821567
12,-135.00446319803473
13,-431.4575345247482
14,-67.76687587647584
15,-308.88792805548496
16,-86.74123029459298
17,-353.9200392002099
18,-112.92615325552427
19,-283.8375732322676
20,-209.52960963130016
21,11.201125656988225
22,-139.57786418754702
23,-92.35556383215588
24,-199.2692577303684
25,-260.8478700792268
26,-53.31314130438223
27,-182.04628983151125
28,-64.47279070372126
29,-316.23483190758157
30,-281.6773219432521
31,-116.71210552389658
32,-51.59115913063209
33,-114.13490299130666
34,-164.1380014703604
35,-178.4255010736303
36,-246.61477915471858
37,-120.14895015971118
38,-235.17718083423446
39,-69.1008463769299
40,-310.12134547696417
41,-63.55473254334403
42,-192.75990163621975
43,-106.40573926499894
44,-344.6783951298604
45,-144.9426490886376
46,-158.53153202143932
47,-113.8766941600077
48,-86.78125179956929
49,-85.27918026908473
50,-282.9636132761438
51,-253.77078112971432
52,-149.41730133198936
53,-346.8760059016812
54,-268.8573189668987
55,-140.19861163385113
56,-111.40170559338728
57,-132.21428989317877
58,-92.70966557724222
59,-165.38973629101497
60,-30.467051514898785
61,-41.00831562963609
62,-3.273745196585736
63,-149.71107188779862
64,-62.07176586395795
65,-273.6395945083542
66,-15.47058675564709
67,-75.35619385232499
68,-300.28343479634424
69,-445.8350137532486
70,-232.31359400729934
71,-241.13880785709736
72,-339.1061502245117
73,-161.12037224398227
74,-238.44308151362364
75,-208.4084718384552
76,-196.83578544027927
77,-122.60249619174468
78,-331.4958299081846
79,-188.77732135341654
80,-53.055679539018314
81,-79.68227616508413
82,-291.9306774222322
83,-336.43841552401443
84,-116.88640988913649
85,-57.65012918790775
86,-18.706463615617153
87,-191.7462774628367
88,-207.29402177748162
89,-15.759750076908446
90,-146.79366510468338
91,-172.6175436422015
92,-282.45633015683273
93,-24.02028850064417
94,-213.30231584457675
95,-421.92450480195976
96,-266.9843664853022
97,-115.72498065565276
98,-68.64681640282157
99,-249.95188486282714
100,-238.76491126022415
101,-84.3165168845313
102,-68.88259185504197
103,-92.31502425037318
104,-395.7868493017073
105,-358.72712515447824
106,-258.15815664533704
107,-43.00078462819799
108,-140.40758231610096
109,-48.37354792494385
110,-306.18473726997865
111,-238.0012918097844
112,-194.0265784868805
113,-192.76454132617596
114,-294.0530683584261
115,-98.38411740676248
116,-250.17383144510603
117,-266.0830714214411
118,-386.5964607201236
119,-452.4645908415806
120,-226.0067553662755
121,-221.17636191802478
122,-418.1472449375055
123,-86.8975043289269
124,-498.92684794073347
125,-689.0382260154303
126,-73.01520750379157
127,-50.90386706895083
128,-220.44444670898713
129,-74.5922180619832
130,-458.4463340917065
131,-79.6513992525812
132,-488.1491909222333
133,-46.22591545557377
134,-224.2577443228355
135,-160.57963558211156
136,-97.55028000647725
137,-52.78560400753493
138,-213.38757674225022
139,-207.222490330879
140,-66.64983022355182
141,-365.60411470750216
142,-66.02182142356664
143,-213.643309613033
144,-341.4492047055653
145,-265.9301702276308
146,-288.3388055170311
147,-8.267297615930929
148,-344.75695409246947
149,-19.88263700214749
150,-291.8484968836459
151,-216.61473894773053
152,-247.11019295657889
153,-185.89514671251004
154,-0.7966395256788843
155,-77.27799942915038
156,-185.4741257816583
157,-6.034557902620222
158,-242.51920897811073
159,-183.8842484893533
160,-226.69510810439235
161,23.47335513514075
162,-249.09140385682383
163,-79.34438084752964
164,77.11536256444168
165,-260.43334870269507
166,-14.893151397507669
167,-233.5533981331985
168,-4.276413866557519
169,-259.46775220891953
170,-55.98318299867207
171,-339.1422255461018
172,-175.25963617851113
173,-71.95016348606971
174,-210.2189227654046
175,-54.79759676351652
176,-364.5883805046885
177,100.98665784444327
178,118.19258083967168
179,5.994246977098461
180,-14.202077112943163
181,-67.18466868716084
182,-149.43148369378957
183,-50.00890172924443
184,-189.6457905710114
185,-59.86188254975684
186,15.274580680369564
187,-113.10548437013286
188,-174.98211386578325
189,-105.85773549840978
190,-203.9396512772973
191,-229.43224537319045
192,-30.39330099591541
193,-67.5298413998911
194,-228.49457280552778
195,-274.06633093806863
196,16.190947983848734
197,102.74519061075617
198,-11.837628979702558
199,-205.64223634421688
200,25.22358917083626
201,-215.81266856658277
202,-22.586908940601774
203,-88.44055492885813
204,-147.46667952285563
205,-116.52484506945916
206,-258.7488973045762
207,9.775239296195704
208,-182.89451079596805
209,-166.8705556545702
210,-232.64232948338469
211,-10.556844086511305
212,-210.37505711725345
213,-167.92599438156526
214,-93.50484541912344
215,-28.13606882298744
216,-116.02966701325029
217,-37.10852598798796
218,-138.43810521259567
219,207.65164272363214
220,-60.000564372446945
221,-104.36183570298786
222,-140.04779442045742
223,-123.65666517832751
224,-106.17646865757882
225,-122.52909544123006
226,-384.13046764613506
227,-94.4649136002349
228,-96.12478391888277
229,-156.420299407948
230,-173.84477962934164
231,-50.9434011877497
232,-99.4807604859321
233,-139.45977447745847
234,-89.64917320036844
235,-122.6158974886751
236,4.203146164587823
237,-58.04293206025813
238,-132.87091273608175
239,-84.51695462224365
240,-39.15737255188375
241,-124.338596307413
242,-89.26092114964946
243,-133.89432891415586
244,-154.04438260561074
245,-130.63873795168908
246,-152.47313932262793
247,-124.42798351325696
248,-105.82116413538819
249,-131.9273046345266
250,-89.05793214688144
251,-107.35729937163863
252,-61.70335008482512
253,-42.595050340574176
254,-73.20146912887529
255,-131.57423762247538
256,-132.4266100339665
257,-4.935380032763959
258,-129.1101040388203
259,-135.04121973859532
260,-134.37535644161903
261,-166.04602842967262
262,-91.1459658303335
263,-39.119169239334234
264,-107.13281299631844
265,-117.46824187962905
266,-69.96286676877028
267,-39.92200671356825
268,-86.47071481973094
269,-19.525936652927726
270,-112.47027863798094
271,-65.96359847716961
272,276.91866534287266
273,-94.5500623658129
274,-110.23148811503918
275,-154.14270007779385
276,-105.56023568794676
277,-100.45941990883355
278,-95.53707681360714
279,-58.307550094095106
280,-88.77215252375505
281,-116.79441364371318
282,-128.4391746771896
283,-120.15502078646719
284,-36.504522486036755
285,-84.41282413175495
286,-151.0558603809118
287,-69.9403199004008
288,-147.387013016505
289,-134.10978262824582
290,-134.88298305557467
291,94.13589096048541
292,-60.97896178582215
293,-133.4570411988877
294,-96.23958213500862
295,-105.32310333478661
296,-93.32444553781058
297,-78.80067424511432
298,-60.132744926249046
299,-54.51828092585076
300,-123.47731459531468
301,217.5066881372378
302,-124.0769693443527
303,-139.7096255683663
304,-93.5334046798397
305,-76.08388989878277
306,-138.2816844818611
307,-82.30408040339897
308,-160.98113808264674
309,-117.53528052785086
310,-107.24743459247783
311,-115.21828173307992
312,-91.7664378813963
313,-66.64444852953066
314,-150.0194748263678
315,-75.49451500189457
316,-128.75673929707582
317,-49.549685240456725
318,-119.9969541124929
319,-108.23778552259284
320,-83.22394724515517
321,-138.28146522268028
322,-100.98539220252273
323,-108.79614349390522
324,-102.0069794204146
325,-142.73793248760379
326,-11.578612139072845
327,-71.42510573580674
328,-124.59900337712745
329,-198.52501154638588
330,-110.91571551956392
331,-99.96499911433246
332,-103.78084270856138
333,-142.2925169113548
334,-90.44992115691655
335,-57.19970888534024
336,-119.51695575262718
337,-103.86847669212507
338,-77.14785854399621
339,-92.68754196065075
340,-129.80871262396082
341,-92.65310999878497
342,-60.535966695358674
343,-89.99927085709464
344,-62.532407254015226
345,-118.86135057838435
346,-99.77664332559213
347,-89.81834599670862
348,-106.52523464285579
349,-117.56108038794146
350,-127.86729129837273
351,-123.04518943434105
352,-113.18431201216919
353,-113.62713352653118
354,-92.8359333592283
355,-78.94143208988713
356,-48.049333843918525
357,-14.65726762709199
358,-24.7252958546205
359,-90.55201194012866
360,-116.16511094571496
361,-101.98714454026286
362,-73.20488513934133
363,-105.34648770650806
364,-103.53754877632379
365,-82.65974691918869
366,-109.75676704662483
367,-61.004796544369896
368,-100.02672786834253
369,-64.61589821456101
370,-77.80242741697633
371,-122.03386611554423
372,-97.12962574605487
373,-46.751287463978414
374,-108.43840031499379
375,-127.4461218374159
376,-99.67553139215927
377,-111.51420434544283
378,-82.55547348529744
379,-107.19748027860811
380,-110.71931626842122
381,-61.34166392105783
382,-72.28085786054118
383,-42.32828901924561
384,-94.50689331844265
385,-92.44714375110634
386,-89.18107790059332
387,-111.07812936289957
388,-59.55680190441093
389,-70.22744971044179
390,-92.77095775741152
391,-59.27292394656992
392,-122.16704850350413
393,222.92669897784168
394,-112.02202436715653
395,-104.54011879201046
396,-119.38301792220969
397,-121.11720031805226
398,-115.80980747508787
399,-84.24829942031096
400,13.08571306208087
401,-116.41423580682127
402,-92.22618690731416
403,-43.32981757774314
404,-56.94204540053531
405,-50.51880990244648
406,-103.51314544449998
407,-101.77901151198374
408,-96.42237438423174
409,-55.38489163964306
410,-17.84551569320772
411,-92.11127229640256
412,-71.31263571595085
413,-103.20446996080247
414,-92.23657373121907
415,-78.0180483290982
416,-60.68356483611664
417,-74.9805067817595
418,156.01106956915183
419,-19.991352599847072
420,-83.28838650349897
421,-63.18840321282907
422,-21.78858031487517
423,-53.71528840534779
424,-111.13716353523918
425,-76.2218789422592
426,-42.0880122996366
427,-86.44862794550261
428,-47.19584850114247
429,-27.904117420644386
430,-62.719339236100424
431,-81.90596275956057
432,-99.12252015063115
433,-90.43445051875727
434,-85.72486637574937
435,-61.22181280198745
436,-112.21419341585855
437,-51.228372642574485
438,-41.780505342081504
439,-38.126172898496606
440,-79.86387138559198
441,-7.9779748772199905
442,-62.163676003423646
443,-51.0939414437556
444,-105.00170522954159
445,-60.20679714213374
446,-89.42561722520584
447,-67.26524329085494
448,-102.20969017493245
449,-34.80965502069494
450,-2.273241792439164
451,-83.50004602740367
452,-53.51185315240315
453,-70.10007155573915
454,-111.87206769996507
455,-102.40722469335735
456,-12.489208860479044
457,-73.25876368289434
458,-37.664198015698666
459,-54.07741491203322
460,-22.736019196037613
461,-65.58312010086655
462,-70.27711186336634
463,-98.54820130569247
464,-72.15878974009931
465,-35.048234402209346
466,-72.91932438567883
467,-35.0663149596397
468,-69.83301961324636
469,-83.86702604992247
470,-92.28206506998535
471,-42.11956960400647
472,-55.254277982743226
473,-98.73871687137714
474,-42.10549700722033
475,-57.61619560135338
476,-80.85084121423697
477,4.744935240567101
478,18.30954441306143
479,-88.21313422439533
480,-16.988424572900595
481,-33.126408809874775
482,-1.1466046294908778
483,-5.1521211801807
484,-81.0675451096271
485,-86.08326627455733
486,-30.598740186890446
487,-76.60792621199599
488,24.382685168649925
489,-29.449726229794475
490,-70.0443104708101
491,-66.24842014086725
492,-60.787938512210424
493,-50.46007248886864
494,-20.523631178279555
495,-76.00876688124497
496,-37.834063862196984
497,-56.96113337902858
498,-72.50034704392158
499,-72.39318069873973
500,-84.22998926304092
501,-57.30789662292808
502,-73.07707641674175
503,-77.92271754782746
504,16.41986754691778
505,-44.4737608108782
506,-63.938814544788414
507,124.54613602196156
508,-87.55850583644933
509,-82.7140823649029
510,-62.10782891203749
511,-73.33261373670226
512,-6.38761898783248
513,-44.857159086801246
514,-83.55008430399506
515,134.19290018158603
516,141.17336607284508
517,-83.56713188576559
518,101.46005381216722
519,-18.810416949693373
520,-59.39661463377128
521,-77.62330162526806
522,-51.93140384779211
523,-51.01365837126506
524,-55.150197030926876
525,-69.73165491876442
526,-30.960699790811177
527,23.664231088954054
528,-59.483302467044844
529,-74.72636279796536
530,-21.076695792320482
531,-70.98703737555307
532,-55.73182677183125
533,-79.86593772449996
534,-34.52532468287777
535,-62.350266715696094
536,96.34180580348634
537,-67.52713743976216
538,-109.70945705211275
539,-106.05781063484493
540,-49.10360703106297
541,-92.56143555695314
542,-60.02771848514329
543,-28.138541170657764
544,-181.4945702187716
545,-21.593880321247077
546,-89.03480235057825
547,-26.776225700267805
548,-63.042583615622135
549,-58.43817655630969
550,154.56286392020985
551,-67.96227029033173
552,121.64408089037659
553,-54.587025771360096
554,-90.94242308090405
555,-69.08750483655513
556,-86.64457838644567
557,-40.15101641296464
558,-74.91854228066858
559,-41.62898945617283
560,-97.09064243204351
561,94.32059919058003
562,-60.57480666341454
563,-17.68775364023166
564,-38.21166564330354
565,-15.860446936662878
566,-41.19255479750788
567,-106.60167873599721
568,-59.623430414942035
569,-42.623319453295125
570,-68.34585327386273
571,-58.376251957205454
572,-59.678453875601356
573,-92.45564801687459
574,-103.17517037392884
575,-59.48449893930597
576,-81.51054977449351
577,-64.40990100221
578,-34.19368070675949
579,-62.73351873075793
580,-39.8851861601682
581,-71.85193679928204
582,-111.98632244233787
583,-85.44155408056973
584,-83.55915067916438
585,-54.64630439824464
586,-58.86734497942622
587,-54.9660114233316
588,-76.83785489131414
589,-56.173831313229265
590,-47.970187039397615
591,-31.93335599073146
592,-124.40969272742613
593,-78.34309702098095
594,-75.6294789082528
595,-142.79961904228168
596,-62.45145093748813
597,-69.62649958612651
598,-183.93580318519787
599,-81.03196008700685
600,-36.702041019603456
601,117.95585352533156
602,-4.763558910508947
603,-191.75157599375495
604,-65.84421598888373
605,-233.07503001268432
606,85.91343207793358
607,-53.927066084507686
608,-25.990641322991937
609,-30.15440251481887
610,-100.27425968799632
611,-35.74401915086618
612,100.9802516426886
613,-66.91072627584803
614,-81.55001902087943
615,151.91688549643425
616,-44.58975651083883
617,-43.658968436463056
618,-66.49993153299167
619,-257.3701450904474
620,-34.19175125475115
621,-38.27980399199803
622,129.63815731302904
623,-67.39324709227019
624,-84.46486727037585
625,-57.06593235023084
626,-45.387214434721
627,-40.365884159214
628,-102.43164714616597
629,-75.88679661070847
630,-60.27607798270691
631,-64.52334747458133
632,162.62588362197442
633,-81.67192174811613
634,-244.0584547390844
635,105.49151635851854
636,-58.8733450475399
637,25.112216641588482
638,34.374359420421804
639,-76.68309338471181
640,118.83980820039686
641,-41.33704485862589
642,-32.971548415329735
643,-69.38182979248572
644,123.65505397428959
645,-42.49317312859177
646,-184.83475831464733
647,-40.31596361107496
648,-91.60828902355337
649,-72.85641053654474
650,-37.57029756494141
651,-22.427763522796653
652,-59.34131207664306
653,-127.69554434050042
654,-97.28416341233547
655,-109.64342656715417
656,84.93620386169265
657,-86.81684824947929
658,-41.85141814889745
659,11.36803377423396
660,-53.46673347115778
661,-97.90940642340257
662,-244.90099028028808
663,112.15092071106777
664,135.54195098367293
665,-82.72532020699866
666,-147.1713017312054
667,7.957574950250657
668,-4.924793072458134
669,-35.00019163689879
670,-26.586945767117896
671,-4.65438249678049
672,0.3996019854841848
673,6.766329792147897
674,31.176208150791673
675,-46.9652160610964
676,-66.02166250962034
677,-79.45366499554365
678,-197.27484090476884
679,-147.64716837500464
680,-72.88824561423593
681,-89.07572808373531
682,54.48780548031212
683,-18.713467536578893
684,-57.42122585562529
685,-52.01901091041036
686,-93.92344559661325
687,92.12971112883372
688,157.99990312519012
689,-49.797167238886374
690,30.417246001429763
691,16.97329001872651
692,-203.25607687191206
693,-86.61148525710193
694,-63.87526071041944
695,130.63571624873845
696,-110.72804800062318
697,-13.457178742448896
698,-16.046452692973382
699,-97.78317708106934
700,109.35707995710294
701,-43.64408141870162
702,71.0809480697441
703,-36.41130879497128
704,-38.57073537684103
705,-95.59550348555027
706,112.71989461652028
707,-27.590487200392666
708,-47.7757183074935
709,8.553856104131984
710,-37.19752018550524
711,-9.792085818888166
712,-68.59569564678047
713,7.668118693954932
714,90.42230732521055
715,-13.071437442094082
716,197.16992578780912
717,243.0980921914268
718,137.5405150507283
719,-37.9567383452591
720,-62.50411434552133
721,-21.320251983078723
722,144.3390014978613
723,114.90096130747563
724,4.366946285855044
725,67.3790717676645
726,-56.16090703899385
727,-111.68686487251284
728,178.37508462616927
729,157.89684142218695
730,-74.06406399113932
731,91.78994361904923
732,-61.01035172163627
733,-202.7830370729087
734,-153.91642857902644
735,-42.563437233769186
736,-11.241681716591778
737,-42.50895941480823
738,158.77483186007146
739,170.95692242358575
740,241.32992980989695
741,277.7188174229153
742,-22.67607971204222
743,55.48117217669889
744,174.25842630474972
745,115.6707185258179
746,-57.31964137125636
747,222.74130170234088
748,91.4217436314888
749,-137.74263934409143
750,184.67452458068078
751,151.42757561746058
752,81.92926729715384
753,127.5898064482981
754,160.1632944423327
755,-87.95694555601092
756,-110.74435213961095
757,180.8355102475112
758,-13.566972693188568
759,-103.40241762106352
760,-73.5836284558377
761,-116.05059806200283
762,-96.26597568524255
763,136.4243961068334
764,-67.56280975989004
765,203.52745654467375
766,-32.95750241992012
767,-48.576113791040925
768,116.98226191690864
769,105.65391246286339
770,152.64712878994987
771,242.1597162014041
772,-7.825632068590465
773,-127.90518744026856
774,-134.41903994237893
775,13.891318988387003
776,189.95751696743042
777,175.21257082504124
778,-25.64996912865748
779,104.5309983479054
780,135.15181154237885
781,179.18761818584505
782,193.72115546566033
783,-55.680638906765296
784,196.15177160657527
785,48.64643988418748
786,168.20895318019842
787,235.4283411093385
788,-12.258220256258955
789,94.03247955945545
790,160.15508508000954
791,-22.415848263332517
792,-58.15743444980975
793,177.65570099006686
794,115.87011399739845
795,-44.616205761110066
796,22.56265435622429
797,96.5768048586209
798,-42.28395265489674
799,-73.42584991130934
800,-8.990897278272106
801,-20.464853916587835
802,179.49012496614574
803,-35.21003104147958
804,125.82136390606081
805,8.139776877025614
806,-48.59166254947358
807,-29.66110734134332
808,200.51388907784846
809,126.17798657417211
810,-26.523790110047827
811,-18.34324613586885
812,-3.7355464919785963
813,166.49360090847438
814,165.11221351800356
815,153.05633532726864
816,193.39325734194853
817,-52.476265451701586
818,-53.506951732185186
819,121.98311194294494
820,-25.374834067451378
821,152.32297769942429
822,150.03584138651507
823,131.63372236288842
824,140.0575441131461
825,-54.32466533940003
826,152.72551258725105
827,261.34675860921703
828,-18.368495960484438
829,248.26431438873237
830,194.36398871157093
831,227.04894230700364
832,215.89997260074472
833,-9.63050892794849
834,126.55710036163342
835,90.60851072050198
836,-105.41725798107791
837,188.24484189415108
838,143.3134542732731
839,139.04546633003315
840,236.83609241269468
841,134.317692187201
842,120.34932970576406
843,140.87896724344174
844,155.95239196611388
845,178.94559249421474
846,110.24444016964279
847,163.4811219131727
848,187.3210864531136
849,122.00789296436213
850,-42.86502910153537
851,223.96053790103787
852,188.4813696349937
853,200.7391263802926
854,-24.377934508260285
855,189.6615177732769
856,100.91743458209456
857,233.9757635926583
858,114.66394494197382
859,209.7492639086036
860,235.68325672114742
861,-10.655665054236856
862,28.83806794491138
863,47.39502505209114
864,243.50250559828254
865,166.47948077496153
866,-3.534641284641978
867,278.3358019956749
868,139.24448946912435
869,219.39129273581054
870,226.3664615968273
871,183.26039367216075
872,278.2616820264536
873,145.5123316528901
874,139.5589485060766
875,241.22392055431607
876,254.34870593480713
877,247.7513471114035
878,157.57430074796764
879,218.37384174316247
880,294.10472940115807
881,-78.27079499818569
882,259.604554251718
883,152.5385326729431
884,181.06680066533298
885,243.69285365986823
886,187.4453317256448
887,162.672791920645
888,181.04475103883104
889,113.92118296310677
890,216.8650778998212
891,197.93323426370085
892,-15.193892524642154
893,202.01346945399126
894,178.97686268671674
895,-48.945351280589016
896,195.77199766249845
897,163.09846732227675
898,104.37199176149494
899,234.03420195150247
900,153.12374499535252
901,212.2695354011184
902,219.6366022927278
903,163.19826892466972
904,255.66673914211907
905,197.40062840942193
906,278.3930063342643
907,205.83715216978976
908,217.38159723637625
909,131.68114028630342
910,256.52526538133736
911,227.52024193752314
912,-50.17052275587021
913,227.50875736948404
914,218.36379584932507
915,279.93643151238757
916,211.6994985787037
917,246.10002149054168
918,283.58191636360294
919,269.69201316662037
920,80.64070255661478
921,240.61816380214793
922,134.83218386426387
923,205.98930382615015
924,279.4533089746199
925,224.9307814819135
926,190.42034147322116
927,191.9095204610618
928,251.13035458134271
929,197.8619367502061
930,-53.4473406245962
931,258.3087984157488
932,286.3321655485797
933,110.78811379676908
934,235.3475018997829
935,212.39431408652564
936,237.96143519890944
937,239.18161710716723
938,264.4033387219006
939,208.16153839056398
940,207.7446855952295
941,241.03270615507574
942,229.42882405889236
943,141.95710347775497
944,264.43794845085085
945,162.14703166022323
946,215.10774922715441
947,280.858812621498
948,287.7829485790486
949,234.11973083364458
950,182.1647836929885
951,238.4465314917349
952,-40.27242391304111
953,257.1308420440045
954,231.8841957168663
955,238.62324654816226
956,218.57471111810975
957,192.49234996711573
958,-43.6911010173019
959,146.5580723352992
960,153.8933597065198
961,255.74983621903397
962,229.17024379840285
963,208.74047960691243
964,198.0772802896218
965,224.0462174047815
966,202.82535552517925
967,299.50736779945754
968,247.57942255459483
969,223.45153528204997
970,174.16424157999433
971,-23.993816348034617
972,-38.959931724389946
973,252.70386473627428
974,211.43263716607484
975,252.56044150378034
976,182.388880881604
977,259.7953542430139
978,207.89777355241628
979,220.13028433977334
980,264.4079013216226
981,167.8867544685928
982,-105.27114594758594
983,223.16987481826914
984,229.39810434417342
985,189.4081578672069
986,208.25528370554292
987,216.1472459650239
988,192.50038858358408
989,249.74930008366465
990,245.34340999430987
991,223.42523678429234
992,242.5069350755872
993,250.1477930679493
994,225.08659913424628
995,229.84750720721405
996,210.2334187151627
997,117.60022303058949
998,222.29891807583803
999,224.52531819183633
1000,160.78845404269646
1001,243.65715303061125
1002,257.02116673683366
1003,265.6845040785229
1004,240.00986617778253
1005,235.4776509991259
1006,258.61930880203465
1007,228.43591769350013
1008,224.38815543189457
1009,224.90716314272797
1010,260.72563626970225
1011,226.88047506176747
1012,235.00768072857718
1013,242.78354025375702
1014,164.83632510367545
1015,221.1761215374384
1016,218.42981180299904
1017,204.59333859004272
1018,274.20657656113235
1019,223.40967194829148
1020,211.1871052585729
1021,246.0145597018867
1022,219.21509701079535
1023,252.03073578002238
1024,214.56543657333833
1025,225.97352753922195
1026,-10.15570287605452
1027,225.41968134437263
1028,233.00294946188885
1029,170.6940803098742
1030,257.3635203783772
1031,28.985168331789623
1032,253.97597622527417
1033,256.5724952872994
1034,195.50903826865266
1035,239.14841759816667
1036,215.57987021307844
1037,255.56008171631737
1038,256.82806268091747
1039,241.77158417555066
1040,220.7263942270422
1041,214.82142288665585
1042,226.78533162694387
1043,267.432391900103
1044,248.70537093296363
1045,294.9810959514025
1046,209.20154318123699
1047,255.9875575007272
1048,228.52306398982
1049,267.90900356508496
1050,251.11512065086316
1051,204.75046260777887
1052,202.51456569940908
1053,236.48473760204143
1054,254.57438158363487
1055,224.19249412370218
1056,269.9296508066072
1057,207.8658150997515
1058,301.6485163515076
1059,231.17201925635618
1060,229.06383643260162
1061,245.36564023889156
1062,-171.3263586749468
1063,266.222527122257
1064,230.50063365868834
1065,257.4175393135098
1066,289.50113963679104
1067,313.71294176754776
1068,228.2569242360144
1069,254.63226951155318
1070,195.59460282895287
1071,246.93547308159424
1072,234.1847893668069
