0,-55.50149285239354
1,-80.39482393918648
2,-306.3375296167542
3,-458.69393777700776
4,-222.33120823459183
5,-86.69227510465043
6,-155.81490315600436
7,-251.36095395077453
8,-96.22215782083826
9,-206.9848769163387
10,-115.31486353837414
11,-292.79644592297893
12,-411.8099874654685
13,-148.9659272980128
14,-72.51258013214617
15,-266.1053802458665
16,-141.81710812980367
17,-164.33573983465976
18,-128.22566380199106
19,-104.27517970593087
20,-85.813798292207
21,-76.81826856306762
22,-212.90465400600024
23,-125.73059538948736
24,-255.1397122424555
25,-253.65398968484988
26,-187.04725405471567
27,-318.4985320463976
28,-338.54191205689153
29,-218.6426389146994
30,-81.15468392953747
31,-89.62015853520796
32,-93.20796679703696
33,-199.1648803612706
34,-172.58021052330176
35,-92.67757737102414
36,-202.32144532289564
37,-328.3274288074361
38,-27.42283411377882
39,-207.25985559378188
40,-118.82774555240772
41,-263.3840329387405
42,-155.96065362947974
43,-135.99335624149631
44,-266.3237555482782
45,-250.8646036307119
46,-199.74709074243466
47,-115.88858014903055
48,-299.3161482496903
49,-39.94715223013404
50,-239.91691801976657
51,-74.79591135530245
52,-98.89677957109498
53,-234.37863580039067
54,-160.0277322349499
55,-175.7873847511262
56,-14.880746859384303
57,-169.32429997786852
58,-77.2344594135297
59,-106.95215491957636
60,-114.16169363673865
61,-41.171097961943026
62,-244.32518390181482
63,-92.7345189155893
64,-16.80213943101664
65,-160.60704505961345
66,-127.47504815525912
67,-33.90305413454355
68,-373.6606920218482
69,-24.838093164001535
70,1.0813582296301263
71,-4.841521670773787
72,-171.32625021700204
73,-10.58465976770529
74,-342.0356383407957
75,-59.87087733523677
76,-30.413313400171432
77,-108.7304081460023
78,-264.7539141112847
79,-90.42714287458108
80,-36.075749287298365
81,-87.10137427453841
82,-63.44812018892941
83,-42.5294161935739
84,-69.91275543078737
85,-237.05112778866084
86,-104.35095063121302
87,-93.42968997907795
88,-70.09042350361983
89,-313.0711344021545
90,-391.44682513852877
91,-78.2076794325777
92,-59.815919538372846
93,-67.5264747860348
94,-73.76904713590197
95,-80.78730436533242
96,-70.9163109657476
97,-244.08233634484208
98,-50.234683897017625
99,-85.10823491589599
100,-33.27618873728985
101,-40.35450360493905
102,-102.53774050063751
103,-102.4315532400753
104,-52.55551875632314
105,134.17932441875232
106,-47.80246805836048
107,-134.33345322625237
108,-50.508826472372306
109,-98.62278149991556
110,-293.73349527386847
111,-228.41691090494
112,-79.39300698684198
113,-67.02992087052304
114,-40.2526127309037
115,-77.08189276709903
116,-59.217230793483544
117,-44.61028072912821
118,-67.38445833868344
119,-110.06909031367395
120,-218.71200143160988
121,-59.51514483829996
122,100.75901866122611
123,214.50027040451369
124,-234.20622990648192
125,-72.56834938467527
126,139.40087920919427
127,-273.52681883126434
128,43.32133191435507
129,-89.55792684755792
130,116.74530903341463
131,-37.64762966952094
132,-67.17390533951809
133,-126.94658415104047
134,-193.7578966943421
135,-84.17498796670057
136,91.66623315205132
137,-146.21759017526904
138,-55.06860460236985
139,-19.026701817675075
140,-52.24915721877355
141,-16.36570254463445
142,6.6394635693399655
143,-53.60186884034124
144,-125.98530765631257
145,-41.50307801696296
146,-134.58174458732134
147,-67.15687863369398
148,-90.86882895817803
149,-32.06141236021363
150,0.07372251177388356
151,13.36394603767148
152,-25.590531651451066
153,-14.47986464759734
154,-12.682239489064909
155,14.340211389152305
156,-57.85747035699877
157,-13.149157799439095
158,-0.36898956114022274
159,-30.69046377663358
160,-168.07935807190074
161,11.383437039671053
162,-4.545496175418239
163,-20.103731602992582
164,-20.56402522219265
165,-69.96500639514025
166,-178.20103222605658
167,-0.35378302260943695
168,-11.306791487490603
169,-33.00632370863062
170,-22.57969586530837
171,-21.74101035067542
172,-30.724998788949627
173,-11.537680050611096
174,17.35286882460955
175,-10.019309145751958
176,-7.628671024844599
177,-38.284082291326456
178,-45.04498472908652
179,-19.09276778947463
180,1.0057710186493134
181,-17.438521032892012
182,-29.67916847032281
183,-104.66224838512684
184,-88.50032404969129
185,-34.18450999346561
186,-20.50247205913203
187,-20.18008763071775
188,-55.86194145020099
189,-38.92527411305614
190,-3.4314535978723155
191,-2.601761905323304
192,-52.78683819192704
193,-27.117797725313295
194,-53.45455632032686
195,-43.745166183925456
196,-8.318788005405484
197,-23.39858321636143
198,-31.420820165891918
199,-30.70587728008898
200,-4.957299880229856
201,-24.79835244686846
202,-53.30615673269622
203,-3.4097911053535226
204,-18.07874182919838
205,4.217719250229273
206,-49.04489436428988
207,-55.616422811684856
208,7.421634740907509
209,0.7252970448473195
210,-34.78901292926657
211,-82.50125953706471
212,-30.050571172389745
213,-61.58479916560212
214,-43.94905103534218
215,-89.08140968389114
216,-66.84610983583568
217,-58.85131657955123
218,-20.313888120163814
219,-58.57218805306659
220,-32.663755709145576
221,-43.51151428746138
222,-96.75166466386366
223,-50.52739877050921
224,-84.20250737506503
225,-43.69356614591361
226,-44.024306792885326
227,-48.01708691129157
228,13.055064846849806
229,-41.067472239705715
230,-55.87417126894053
231,-38.553020630044934
232,-13.773478563351603
233,-68.66022278170753
234,-61.27319693733327
235,-36.62252685890679
236,-35.97724369795885
237,-36.397731065432595
238,-52.981860692913074
239,-22.96618119101924
240,-83.67267032908393
241,-67.61729339777254
242,-28.12075101365186
243,-61.42037995205876
244,-29.758090185163795
245,-88.58491025218815
246,-35.58191804960745
247,-87.09594217486874
248,-62.18023372266474
249,-95.43947842484776
250,-76.50095557860742
251,-48.975461693889855
252,-79.6149148043365
253,-34.23496311410421
254,-40.28530424199293
255,-82.50051900310396
256,-92.32992539943513
257,-90.42418748691776
258,-60.96562045630638
259,-60.050522168891945
260,-50.518635473320934
261,-167.53317075948635
262,-32.028634453353675
263,-65.90043560827058
264,-48.92166521542732
265,-72.63395800019553
266,-57.13688583044435
267,-64.68218234208184
268,-33.96592365292465
269,-62.41077227909098
270,-83.38978706061026
271,-65.79166137102527
272,-106.7264266764414
273,-58.88096590085078
274,-52.67425985655359
275,-93.54214593222207
276,-119.61941791635581
277,-97.44275034117385
278,-76.15109526612979
279,-73.88923980944666
280,-100.57637716511739
281,-45.988403949832914
282,-105.4357513908423
283,-15.343850388696378
284,-59.15244337440667
285,-58.963311942565475
286,-13.099809807801742
287,-87.83735049187065
288,-65.4604459628966
289,-74.3260800085868
290,-78.7965706569268
291,-39.35932187236781
292,-70.82487863980244
293,-15.868280849521943
294,-108.75828388519034
295,-90.36087882501447
296,-72.62036835441153
297,-90.99354688706674
298,-52.970440546528586
299,-72.53777541225865
300,-98.00298407400471
301,-90.13212984862939
302,-72.08298668560116
303,-33.556727646880645
304,-83.30237630542106
305,-88.38372168934507
306,-95.39174749835347
307,-28.698536410616715
308,-67.40312677904282
309,-94.80609285391533
310,-72.5590184368427
311,-77.7085293682681
312,-63.50915767237835
313,-90.42742853654178
314,-77.92257665670621
315,-93.29863673427674
316,-106.32669062112699
317,-68.44557809856612
318,-98.45115926655319
319,-94.4182614799875
320,-76.41073574856601
321,-41.802849528392706
322,-37.55358881052765
323,-110.29675110497983
324,-60.510785617071
325,-29.236246069978236
326,-8.01959185284172
327,-94.16290735340617
328,-22.772456548689203
329,-78.62433561997278
330,-67.01474628834994
331,-125.38551818618969
332,-95.61281133361946
333,-114.52579325440973
334,-74.4539925410971
335,-57.12820964326032
336,-39.52079421128304
337,-43.60866832299664
338,-46.86691437453499
339,-40.293258339666444
340,-61.8357352493536
341,-65.08900045816856
342,-47.96996870462205
343,-58.41095138525789
344,-74.88194507269898
345,-69.95321006195515
346,-119.30590431206635
347,-91.66981992503636
348,-54.576514760030776
349,-91.24709661525335
350,-37.66900653895951
351,-60.74592463086017
352,-12.328736161925429
353,-60.874956516505684
354,-123.74366264045435
355,-65.21410115929318
356,-34.20953306378424
357,-89.0388612068107
358,-118.8480772448633
359,-109.52152413957431
360,-93.71876823342399
361,-82.08181047221264
362,-83.11635683662692
363,-43.76230533071019
364,-65.38235071793866
365,-43.07018773380203
366,-38.09852467114256
367,-67.54743360292191
368,-105.3982669801333
369,-70.1148863191806
370,-94.41877731732158
371,-85.51378091724438
372,-47.45156899317773
373,-98.00155271463758
374,-96.72302451813522
375,-79.59534986413752
376,-29.676477088079988
377,-65.5408182396921
378,-81.94222572778484
379,-79.9991136005267
380,-66.64769785569617
381,-26.628410193908948
382,-105.15521660100688
383,-67.61160444633191
384,-81.1887316121582
385,-110.53058419519806
386,-89.18607944265035
387,-111.60341148373563
388,-81.7414343917988
389,-62.97461384570619
390,-51.19122433802127
391,-85.46406243423377
392,-80.67462451905455
393,-91.30733972030873
394,-70.21076207737593
395,-66.91496699241264
396,-93.5424978021866
397,-77.56678626075235
398,-95.05011947642967
399,-69.19326350514335
400,-39.2457874415727
401,-87.58333250263473
402,-118.62614227238436
403,-87.50101099575762
404,-3.633820923130304
405,-136.2337848219696
406,-82.95263337422452
407,-73.78013759216779
408,-190.48398843820803
409,-85.88535485708101
410,-107.28250833478371
411,-111.29678322190753
412,-161.46226272834167
413,-19.828547961018142
414,-390.3777814715503
415,-6.439182721964006
416,-94.0798499233254
417,-182.97201679772985
418,-39.826820650231774
419,-70.44667611343468
420,-32.90606584421186
421,-85.79506354253998
422,-117.80843385667737
423,-43.17206637480924
424,-115.74662561989193
425,-95.36839545651334
426,-46.681139113256314
427,-102.05496854630385
428,-101.28348766807704
429,-80.79962470600823
430,-90.11096669172274
431,-127.37498165149673
432,-61.23360885657661
433,-61.450334184436926
434,-53.92583931672538
435,-116.82096100205206
436,-125.35157202767743
437,-87.26174598740468
438,-105.38161873699487
439,-108.71612471264024
440,-73.47409441824314
441,-82.25204872991112
442,-29.099761261567224
443,-23.59170132412291
444,-61.98581949383329
445,-90.80056239321652
446,-78.14472949693382
447,-93.65752121321682
448,-70.50688605801615
449,-27.80412889223284
450,-62.1738127470811
451,-29.648643552703177
452,-39.528345483742484
453,-71.71701434459668
454,190.6862249356848
455,-63.28162460686099
456,-118.19825454727784
457,-61.7505322036984
458,-9.024787965274916
459,-16.31211581958777
460,-92.01270902703725
461,-114.313283399463
462,-122.78861654063552
463,-70.78089326583239
464,-74.6191838935666
465,-50.09936069165586
466,-91.42192975328499
467,-46.17720278393677
468,-106.97522875483145
469,-108.42154111415124
470,-127.82153377772707
471,-74.30256418137621
472,-68.74126661386738
473,-105.30459935483769
474,-63.7186923013722
475,-39.28040375268686
476,-70.34494527487159
477,4.110819826399548
478,-110.88887772768105
479,-95.20710127057016
480,-294.487909149722
481,-99.69678837323526
482,-61.59185889469138
483,-68.75912204556187
484,-74.8300230383542
485,-67.64036410675611
486,-81.70054771058042
487,-54.80029255494961
488,-69.70814509650381
489,-73.6139390819368
490,-104.368501290782
491,-111.3399662594083
492,-3.1317585939149883
493,-68.97115481427372
494,-86.06834252345065
495,-105.40311646359481
496,10.034650527753325
497,-137.13168744914148
498,-244.10192784612582
499,-8.787078156402183
500,-168.64210665062467
501,-97.60689023185058
502,-47.60776174046274
503,-45.41871477751868
504,-30.15307917536723
505,-96.04707421699761
506,-175.86066223884936
507,-22.765711814015127
508,-90.45997128070702
509,-38.69584756608343
510,-92.80155588627764
511,-37.67354993971875
512,-195.3928381405471
513,-82.04677940723879
514,-21.777495261424864
515,-67.85908833962253
516,-82.34998930988961
517,-62.70201927446496
518,-52.232482225383286
519,-91.88637630592622
520,-120.54451462119246
521,-82.36842826078932
522,-2.9000731565257745
523,-93.72871291038547
524,-5.0194708262275265
525,-132.8719762523881
526,-93.08414453473944
527,-92.92726289310666
528,-70.4297928294787
529,-147.12848982954137
530,4.031368916105093
531,-72.6312109176546
532,-79.3854709514639
533,-69.11047854376665
534,5.7691303432708025
535,-99.42470659062211
536,-107.33913176680457
537,-79.41612639512901
538,-80.46365678837071
539,-109.22923649882235
540,-129.6456549376166
541,-98.34712269259393
542,-83.3879638207966
543,-35.88162775248517
544,-58.73294889205705
545,-0.09593957765621774
546,-74.88938320371447
547,-57.32213853742287
548,-89.69777408275868
549,-115.34096341772597
550,-120.79003915335676
551,-17.43448782330388
552,-90.44246027196525
553,-104.67610149318736
554,-131.03997193996034
555,1.4130941806356774
556,-120.93916932549797
557,11.264614562653536
558,-119.9257015456
559,-75.91996055621786
560,-115.3864721733888
561,-32.1501641465531
562,-102.99991633844317
563,-104.85639818973375
564,-43.44246291097852
565,6.881531905052129
566,-78.73652007049449
567,-55.62099383911413
568,-91.95882643344893
569,-101.82517247196766
570,-38.35977208123682
571,-90.71144959761074
572,-42.143954426723866
573,-95.03330980137058
574,-63.33076870466023
575,-18.430619646287514
576,-89.80903200769369
577,-69.76166788095372
578,-96.47506291226897
579,-31.829820040942078
580,-112.08678703153402
581,-75.08932287547388
582,-57.798628343171856
583,-45.03332919210589
584,-80.6361460069766
585,-101.34215447157594
586,-98.69431886607717
587,-26.424369939648575
588,-54.46860002405073
589,-91.8343583762959
590,-54.74457468523392
591,-30.078471732572712
592,-61.42207620163856
593,-34.83053062511402
594,-4.829702052882465
595,-28.86771132272255
596,-25.491038776449546
597,-60.5158096161128
598,-75.96478827399524
599,-81.0845982791563
600,-52.36760600037785
601,-103.02769588965758
602,-47.76152909390745
603,-93.05151799993104
604,-101.77080008866385
605,-113.94698448516527
606,-62.94325897120136
607,-126.73605721363003
608,-101.48316285110225
609,-26.73597719503794
610,-77.4966828324588
611,-63.81586479963798
612,-77.43610269214608
613,-11.228201635493258
614,-57.562116453694465
615,-3.4687828778163867
616,-95.6957321076542
617,-82.73235256340602
618,-62.56907228592732
619,-63.362066446426496
620,-86.25439946319223
621,-54.70423201195669
622,-103.57422585408031
623,-66.1286982940734
624,-57.28404662178336
625,-113.19408604666731
626,-62.5885701935852
627,-44.47535839045913
628,-103.51639011357814
629,-28.357862023169826
630,-93.21933040645955
631,-150.0957746178438
632,-62.40544220188693
633,-66.50204880620426
634,-72.8283326649258
635,-46.3946371331908
636,-64.17420463382726
637,-46.548186581871335
638,-2.0015500843062357
639,-14.9706793445391
640,-40.517858197614174
641,-58.67433405912126
642,-96.64643380193905
643,-6.953483288385669
644,-59.598445160964374
645,-81.92441588733536
646,-47.804437430501906
647,-85.61962064954831
648,-30.21438175631823
649,-86.30500519863327
650,-67.1401802215452
651,-102.17024172589326
652,-44.38748407238118
653,-31.632878857281597
654,-255.25292166668777
655,-70.98514004703264
656,-228.37023343985535
657,-56.82519304984738
658,-71.61459229020835
659,-194.2488044580315
660,2.9799213753320455
661,10.421197356707117
662,-93.79525678988627
663,-52.62199297923625
664,-37.430657588271686
665,-91.18801145665125
666,-121.57824939366323
667,-65.78460428950653
668,-103.60022474523471
669,-79.84125382279701
670,1.3478421167312171
671,-97.93358683609438
672,-37.269291908962344
673,-4.972096227974858
674,-85.49291765076211
675,-70.24572537282245
676,-49.04297855503424
677,-94.74525881624785
678,-40.57607890777912
679,-102.41954648278953
680,-99.82796352570884
681,-55.65987601998721
682,-59.528316663405874
683,-88.05228807525447
684,-42.4512018479642
685,7.802753354848091
686,-58.70732446449847
687,-34.182583207384766
688,-45.97405468115436
689,-85.69965390214256
690,-56.435470724728226
691,-52.36230636511041
692,-100.67007816547068
693,-120.23580262399382
694,-20.010123843410355
695,-57.89820618373546
696,-71.51583714336788
697,-28.985115661723615
698,11.694365678862946
699,-87.00830485720641
700,-22.082537769273124
701,-29.744264929323993
702,-48.57876970448599
703,-81.34002372611542
704,-6.496145003191985
705,-53.48480156727034
706,18.372704851221112
707,3.4907543310718703
708,20.2589174329704
709,-58.992744484386876
710,-34.6326682351497
711,-27.85553264888904
712,32.532053106154905
713,-26.255954326950626
714,-48.92911958338605
715,-25.863610750767553
716,-18.961296815502784
717,-39.04660437074385
718,-53.68596311547789
719,-5.986797716240613
720,-40.35030861174535
721,20.519650596328997
722,-26.69716966583872
723,-9.017334258105926
724,-65.32606696384441
725,-12.317038834152035
726,-77.42178208175366
727,-0.6152104283643081
728,-29.603369460584908
729,27.944160197513572
730,-28.735969881753586
731,-0.7375009119618794
732,-11.500827691342902
733,-9.487905003214596
734,-17.16696593975727
735,-3.8589100182507563
736,93.33420613220717
737,-75.09205420307907
738,-59.39865669489154
739,-9.957737259472188
740,-50.555010998444374
741,-36.29142685168692
742,-13.240182645515116
743,-20.38670416225997
744,-27.303220515823952
745,-31.656918898615874
746,-5.756209109201623
747,13.766642728463525
748,5.554645201238255
749,-19.004868543767103
750,13.907994395849412
751,7.7152736119061
752,184.7659299132987
753,2.32289127030306
754,21.51527988505106
755,-19.769535090834665
756,-53.38745189763526
757,15.758776788692881
758,-39.01288163040635
759,-95.15852529735137
760,-8.056746227569695
761,-29.771072188460842
762,25.560815558642638
763,-28.416680361570585
764,-22.65019932006107
765,8.336401078922433
766,-37.22933530373785
767,-108.41239620499441
768,-23.218924828114037
769,-117.7757248197067
770,-1.242265890644929
771,-37.17765252379981
772,-111.97099734957447
773,9.573407320009608
774,-42.02405351309173
775,-96.92939484207253
776,-49.89954365666392
777,-63.96146314946385
778,-74.43664819548896
779,-15.36607186325509
780,-54.84798935982117
781,-10.862743632303163
782,-111.35652077771344
783,-61.278806091224126
784,-12.910996476530169
785,-93.07941554410371
786,-8.207014007797156
787,-63.515825390077794
788,-61.577613603585064
789,-88.87845306813323
790,-80.04015773184379
791,11.533888333121629
792,15.513847137665891
793,-35.07976403988278
794,-56.44901767487992
795,6.8954820214485
796,-48.79865564863947
797,2.6628655082776715
798,-43.922030091412026
799,-59.82457888942466
800,-17.004166776193326
801,14.907374703973113
802,-31.929570949134533
803,-47.39470308575273
804,-6.097637882940404
805,-82.1994396786835
806,3.6629839242053253
807,6.2622751855345
808,-20.951909035382656
809,-115.31129046888014
810,-48.267622725354094
811,-26.264344960136857
812,-1.8071168945892528
813,19.681073482932085
814,-51.55292218971389
815,-20.01402113029331
816,-32.63615099097347
817,-6.606685100089953
818,5.586174832167052
819,-8.267956706153946
820,28.930571916069606
821,-25.64724585238652
822,-20.82602882992556
823,-29.908782652052523
824,-28.79901873681685
825,-83.03061091772841
826,-14.153666331869882
827,-62.18313951125134
828,6.005284443617068
829,-62.44717227276327
830,-54.24593689299514
831,-44.611666316525536
832,-47.65549324705337
833,-80.0829425838549
834,-63.43600382005181
835,-43.14263578746596
836,-77.16804769282776
837,-78.01575598184479
838,-15.639338653815487
839,-48.116635765496945
840,-76.73101720034711
841,0.11962684414878288
842,-114.28840479084658
843,-42.421010031123934
844,23.63008962575698
845,-70.57757906286344
846,-107.42679522116143
847,-21.36852697177913
848,-19.727586580988618
849,-47.81942916810471
850,-19.01976417453102
851,-110.83111269347263
852,-22.364515200560508
853,-76.92556849155767
854,-64.68019237538871
855,-58.07693160957758
856,-32.32124267705146
857,-65.96363011771929
858,-52.453660437148365
859,-45.39198542069866
860,-56.911663425805436
861,-66.19505551853176
862,-127.05876400800717
863,-42.39126416286187
864,-42.14820548996779
865,8.953884180946673
866,-10.69310535351003
867,-32.19771195476284
868,-71.1739631989192
869,-85.86918505353182
870,-18.957094316555526
871,-79.98103246606087
872,-53.772152786368345
873,-34.112449270905394
874,-37.91896793937363
875,-59.767749204543804
876,-46.543286763885845
877,-56.781815515170564
878,-23.395430362429117
879,-95.92641202252702
880,-43.80026143394605
881,-28.67170503679562
882,-7.455052637749239
883,-26.30789768080193
884,-31.05848604983572
885,-33.53278479007807
886,-24.96623379352318
887,-13.661045542938941
888,-2.0194076694192775
889,-50.67584500122025
890,-61.25179918060541
891,-20.67124205090386
892,12.986146498683581
893,-6.466908872016243
894,-25.244051033891264
895,-88.80545039910277
896,-79.14974739383976
897,2.773782471376456
898,37.96985334161482
899,-46.914425920159644
900,3.740917184260568
901,-51.25542252710104
902,-35.60314809902266
903,-47.34667185622166
904,-78.88868483486652
905,-19.41287642601422
906,-57.276858832897986
907,-48.40847246792394
908,-78.50038445431346
909,-15.527795781088631
910,-46.47343825113779
911,-111.8943402913936
912,-131.29196562664737
913,-20.330580142841118
914,43.95390728511868
915,-36.17602952951844
916,-79.67974002103274
917,-61.45429893500019
918,-12.565637347138233
919,-35.01319568945514
920,24.685848318759625
921,-50.7756844316472
922,-54.41594169109112
923,-13.313565817131218
924,-11.535619181546945
925,-25.024662006080884
926,-18.727670638010743
927,-5.984419840330137
928,-35.18684616501054
929,-18.609723221224435
930,18.44998512214196
931,-38.00044863283878
932,-8.815244452585492
933,-36.837872012643246
934,1.6436995218974981
935,-23.388517239851467
936,-47.00460090962927
937,-0.4149542911243005
938,-14.311418620230967
939,-34.854773702219724
940,-52.901382964277964
941,-46.24268414852747
942,-51.19170569585692
943,-21.82700041937965
944,-75.35641399848073
945,4.089779873739954
946,4.616947668733328
947,-36.33326042161964
948,5.679968288715997
949,-0.5731789589055654
950,-38.00526336754098
951,-9.24822157122534
952,-40.53358376463512
953,-44.25086064757931
954,-47.2522388251485
955,-51.189819256140645
956,-54.7783828143741
957,170.42923061090679
958,6.0479006435489655
959,-0.25969355630008994
960,23.501739657576664
961,-109.76221336499623
962,-60.90735777122854
963,8.770520286383745
964,-38.71730860561966
965,-9.042429848635745
966,11.89901174757616
967,-100.5506509938827
968,-27.56612032862271
969,24.87339139778634
970,12.344312104127832
971,-24.91859006382041
972,2.7382571516594876
973,-17.64530957831225
974,175.0363559521473
975,-50.55842663612467
976,-19.290409592003154
977,156.49117157244442
978,19.86891713535223
979,-18.676783785476097
980,-31.748898256259952
981,-51.485743210257674
982,2.2579502465737002
983,1.6538898579024865
984,-18.576498259859445
985,-5.267658603286613
986,5.118211935430805
987,-13.105102976544323
988,46.05069257098925
989,10.249354209321588
990,-34.24676547039414
991,4.873777965544289
992,6.081057076716513
993,-35.59184473473229
994,13.103231330041677
995,22.347924384226864
996,205.13555206013086
997,11.727278243706959
998,20.497995114956506
999,56.700312263460106
1000,-28.167078751014383
1001,-51.83431555829938
1002,-5.026312027420956
1003,24.33566853967718
1004,-17.212133019986414
1005,40.082764415450136
1006,-34.78665394558689
1007,40.98629842043062
1008,-12.546394613102258
1009,2.639326645246136
1010,-20.081232146581407
1011,63.8005204634459
1012,-19.205336399420744
1013,-22.53729441816762
1014,-18.269139970165114
1015,3.0482081128170035
1016,-9.289158063345397
1017,-24.099996182075316
1018,-32.13742650255566
1019,52.31572868696137
1020,203.6913565844751
1021,14.224394189303348
1022,-46.99347170494068
1023,-26.30125063106067
1024,142.70356425052694
1025,16.73296403025841
1026,4.728443355050971
1027,-30.806627052543767
1028,124.46861640706453
1029,-11.289184401887603
1030,26.913512568670736
1031,5.8670409110007515
1032,-0.023948673077107907
1033,-0.2478421334758898
1034,236.6074571738095
1035,27.341513980778295
1036,163.89202374320217
1037,30.72488516188906
1038,203.0950420991373
1039,121.63450257846381
1040,230.08321695608655
1041,-18.36088565239798
1042,159.5062446831229
1043,-26.63390789250172
1044,-7.415045622497979
1045,-13.470508637320332
1046,-60.48032941303734
1047,76.10351223159353
1048,177.37942070797533
1049,170.38212772058225
1050,234.62794632421853
1051,119.24109923404924
1052,-62.00003365176564
1053,104.45009560353725
1054,107.95635843433222
1055,259.4569278505918
1056,104.33949344733499
1057,-54.10880874522219
1058,-23.752830090372875
1059,-32.39220714442108
1060,50.362637717620686
1061,246.4921671831304
1062,190.4025351571687
1063,-28.31252642082046
1064,168.6784772015289
1065,-20.41722963189651
1066,217.7437137909175
1067,-45.300111294580844
1068,-43.31178241037965
1069,141.2777100464238
1070,-62.45508271883553
1071,231.34228154907441
1072,-2.3049367418041946
1073,-110.35471506703533
1074,-34.4290315232321
1075,-76.73384702637372
1076,186.180319171716
1077,-44.21782448606302
1078,130.64791119776774
1079,151.97373978663052
1080,156.91842222653153
1081,146.80090927632506
1082,142.7818026288253
1083,-1.6339231129296508
1084,208.20857469909683
1085,-39.00675931369074
1086,227.01336903906298
1087,140.8477807308611
1088,27.245093151428808
1089,36.83960992313929
1090,33.96735623184949
1091,99.9135254495534
1092,-31.441526520980503
1093,-26.378571452952233
1094,-11.198367385287135
1095,135.3848139778513
1096,147.72961485829
1097,103.83238641077129
1098,230.91413465720126
1099,168.36820037640948
1100,174.09036072953862
1101,-79.54775661793911
1102,165.69708819052016
1103,250.04650415848351
1104,222.3156858723013
1105,177.0580038697346
1106,-57.05381499189234
1107,202.81878645885263
1108,153.5983311463982
1109,166.26615996064203
1110,41.83843664873353
1111,-55.68307029201452
1112,104.43468693435983
1113,215.84757195306668
1114,-27.90168477883675
1115,145.13240864006193
1116,139.28750370453264
1117,30.8969060634791
1118,-59.82560446829985
1119,218.8786739571089
1120,193.3368498641757
1121,172.98854762736892
1122,-63.99085404287769
1123,183.08169041550462
1124,225.96138571677216
1125,184.2935620023245
1126,-23.152619104982577
1127,128.62671087242066
1128,99.7887473479722
1129,153.0206191810228
1130,202.7542271924199
1131,236.17295544024913
1132,34.492129793464414
1133,207.97262164184048
1134,-73.16665965714137
1135,235.44986803247588
1136,223.0645378483966
1137,232.80686358250762
1138,-168.42702843320126
1139,179.1309018823381
1140,-60.47373867562642
1141,147.78281943576397
1142,-106.71647353548427
1143,153.73062444507167
1144,-12.240836060141769
1145,174.0740114263582
1146,252.05417973711985
1147,-4.576666911588768
1148,147.67714351703825
1149,250.93301780273805
1150,225.17257686600342
1151,-100.79655106172886
1152,102.04449440874333
1153,-20.86826960883478
1154,-131.73581051317933
1155,247.96539099164275
1156,69.58356644660448
1157,-99.54558167592222
1158,223.69480678619271
1159,-55.35713754127039
1160,248.2536506017538
1161,-7.433499728457889
1162,178.92024227861899
1163,-65.19769656503985
1164,148.87278465817244
1165,167.360678319348
1166,-131.15955761903055
1167,126.78214162394646
1168,31.281352337020948
1169,-18.225065111154905
1170,-132.67332381220058
1171,127.89851336586705
1172,-91.01146617645938
1173,-124.58422143895126
1174,-189.01315622016574
1175,-102.78581114618274
1176,-101.97426923461124
1177,-97.69991471769782
1178,-110.76278429017502
1179,110.93595540638137
1180,-120.76716893126103
1181,-116.1926451459262
1182,-183.54754755492394
1183,-125.96957856509997
1184,-107.27100655463197
1185,-28.07709177927812
1186,-209.2013562482393
1187,-138.68070694587647
1188,-82.54432621096875
1189,-87.30626517824012
1190,-137.64864282851536
1191,-73.11092807249207
1192,-33.6424632110094
1193,181.15423386467089
1194,146.94458164047637
1195,-20.90631106624454
1196,-76.29788807692117
1197,108.09311626534148
1198,191.4452448315202
1199,175.7773135341956
1200,154.2582875217303
1201,-8.769998307786196
1202,112.58256694006367
1203,-2.480240942476655
1204,177.36171264157272
1205,242.2692680739745
1206,-113.39020329023568
1207,-48.733866881933125
1208,-60.296800008889555
1209,-99.55269099064488
1210,-49.954753170697735
1211,183.71166816086247
1212,-22.0955216611269
1213,-21.720555857094332
1214,159.783579690254
1215,91.21880750989581
1216,5.091483547952464
1217,-33.63481713968377
1218,171.77336664420343
1219,-104.15368791383585
1220,-22.140844728258244
1221,40.52677675687107
1222,-38.10568018568767
1223,51.18543644550608
1224,-27.17899693488336
1225,-3.3812133046485524
1226,-16.78528327399605
1227,-22.62498242423427
1228,-100.01013540763188
1229,-37.380602110620416
1230,-21.1334922796939
1231,-85.75868540771697
1232,-142.72437371433733
1233,8.113822562995258
1234,-25.977621322238633
1235,-3.0884758999809616
1236,-20.66162142905949
1237,-4.5986163239997735
1238,33.798516575362925
1239,21.565861633392252
1240,-26.655207600778013
1241,-27.427816756596517
1242,-19.47434714501759
1243,-43.023117476152265
1244,-63.52454900654901
1245,-108.53758004243704
1246,157.9031125595965
1247,177.61201822514744
1248,-57.13950286402121
1249,218.89770781752918
1250,-3.4830353833379144
1251,-48.2920335344787
1252,-23.923373078116498
1253,-154.77183840988664
1254,225.70632675305467
1255,-130.69821218931233
1256,-63.529824332496595
1257,-77.228040326686
1258,215.01280147411126
1259,-19.081075762602122
1260,-23.02533070954572
1261,-20.92712367504523
1262,193.84292297835418
1263,-1.3504197797945576
1264,170.39498485441698
1265,-9.137304854766128
1266,-46.905967391461566
1267,1.8053764105660346
1268,-90.97331768997911
1269,-125.87228530865539
1270,121.63248155058852
1271,-34.982346060976056
1272,96.59382096478727
1273,-17.826427104915123
1274,-17.34197420930607
1275,161.93629561398424
1276,-75.32832877036105
1277,5.877049002198806
1278,-116.96374580559025
1279,-41.80233325410726
1280,-58.65301403716269
1281,114.97054373776093
1282,-214.53772695227624
1283,-21.648018096894567
1284,13.62332562335852
1285,104.14023680778594
1286,-41.674379621819966
1287,207.07996135748616
1288,157.00695687396347
1289,182.58458844913207
1290,207.31156193060224
1291,19.169401625412576
1292,-34.86171904025472
1293,113.75544161646658
1294,147.35893892318288
1295,-38.84960701148205
1296,-52.64410420734632
1297,-42.438112639371
1298,13.21952709483409
1299,-47.957952699102904
1300,81.95885920488084
1301,-0.45498350764561657
1302,24.15570986243416
1303,171.8647043171989
1304,195.96166111375
1305,-14.812243395378292
1306,-24.564994821965588
1307,226.3227534141696
1308,127.53410878716306
1309,12.264893288461185
1310,211.69864696838158
1311,79.03154544795433
1312,199.31473927097542
1313,-41.459612985936324
1314,170.1201600550176
1315,135.97499435968012
1316,69.00332270979796
1317,195.70784852066362
1318,-14.368160464392423
1319,191.05642547841072
1320,184.38018298988496
1321,160.34584411721596
1322,88.84242318666749
1323,100.95507182567977
1324,71.38591900182138
1325,81.4969580950866
1326,-58.64948699846142
1327,165.12749008884384
1328,130.78688908179498
1329,99.26877378855242
1330,168.57930365563192
1331,132.30324339142024
1332,105.56262943514952
1333,-28.6174209554732
1334,101.64809398334901
1335,185.7601656480354
1336,-10.266957993840647
1337,163.3305107301991
1338,-6.411611690417112
1339,207.11262003179726
1340,135.90996365674556
1341,-8.21456843138949
1342,-54.10401507317475
1343,106.695678462179
1344,82.18376286990129
1345,-121.52505099646197
1346,-43.45853230552426
1347,39.20789397753849
1348,-42.542885372927685
1349,193.727448163392
1350,-21.841769449550796
1351,138.08150471990677
1352,115.59971134244655
1353,5.575834641406344
1354,106.70493928181725
1355,168.21083893228308
1356,219.43234529972693
1357,95.8091976382177
1358,129.77043015396492
1359,153.22132286309684
1360,161.04132395571207
1361,-14.06834991258361
1362,79.68125709075585
1363,146.87473906267294
1364,149.48855736543837
1365,103.61565846075965
1366,221.31655631783406
1367,-123.86009230928687
1368,-51.07493448313593
1369,194.1970712927864
1370,45.50116055950825
1371,226.94111848998512
1372,260.2502724162534
1373,-38.752638309442396
1374,185.41504547469913
1375,217.29194823761395
1376,175.48959532327092
1377,160.2961383497082
1378,-53.35054877096788
1379,110.73498634890677
1380,231.6941499340123
1381,194.27064010497057
1382,157.31881603940633
1383,164.8107119866114
1384,82.95735930789759
1385,140.81335134850164
1386,227.34407541236112
1387,-20.632711229680908
1388,213.2000514894534
1389,-80.34729122058704
1390,118.67161350451421
1391,55.75069380828766
1392,-111.18813916496315
1393,231.01749912357386
1394,232.42358876752783
1395,149.18244748476667
1396,104.3022620750381
1397,185.9702464601796
1398,223.5915465155693
1399,0.720185315169033
1400,-117.59887127597716
1401,205.08212024630757
1402,-321.44549343765993
1403,161.44575017314042
1404,235.09941017639932
1405,87.91192855772285
1406,-49.58495398191467
1407,-24.743855238285867
1408,192.75679279938524
1409,188.28288548062946
1410,119.16914263112852
1411,-82.07773931247402
1412,-69.22608122445632
1413,167.3589765932742
1414,190.16865188472985
1415,208.19361080121922
1416,-179.72762738724185
1417,211.3177849224929
1418,173.16694097646774
1419,178.7361810100179
1420,-9.974572945033202
1421,266.7356563165798
1422,129.37982135194645
1423,151.10267475780242
1424,136.44633284996235
1425,-38.83213783412777
1426,-169.9275616588587
1427,117.37096965158715
1428,168.29775380969704
1429,87.30067177784119
1430,157.95359662518345
1431,4.151543547162433
1432,206.8523473668684
1433,-78.08114726470436
1434,148.12894720299937
1435,-25.11977863870122
1436,231.97020931934057
1437,226.4225809640442
1438,223.17239187117994
1439,-76.30914005708232
1440,139.6569168449106
1441,144.61186618666804
1442,176.94517463550332
1443,214.07788297015168
1444,137.4055197916516
1445,107.32019510854317
1446,121.91077239066632
1447,-43.08434721512157
1448,143.7658529502495
1449,5.630286942904047
1450,-219.78180839169738
1451,-70.86179206517414
1452,155.26659648389952
1453,184.12780515082432
1454,165.32372814583033
1455,149.55768519362869
1456,186.01409158764056
1457,170.09101633261966
1458,175.8843157493207
1459,216.37924884849173
1460,173.51055350735703
1461,209.46915657529735
1462,194.62195828905075
1463,229.27451430282275
1464,196.8302474358003
1465,162.1659548361233
1466,191.56106751303415
1467,170.16136307780545
1468,183.18130590565818
1469,182.29343761362315
1470,157.39305970505916
1471,143.82615939235788
1472,196.39004207181637
1473,178.5424028295611
1474,-57.25738381903922
1475,223.70632147560838
1476,57.386596937927685
1477,217.40606201187813
1478,203.23899367897315
1479,184.46172137862786
1480,114.63452105792094
1481,163.20543184079446
1482,146.16155566627782
1483,164.21708624843023
1484,211.2764207379242
1485,17.85635551200768
1486,17.017675903643543
1487,148.30394398113793
1488,135.69903724504428
1489,188.67049004378282
1490,229.0520080975247
1491,-63.43154850754895
1492,189.73953194415427
1493,-64.9927787702361
1494,203.47715097627514
1495,187.7902044388277
1496,147.38194620442772
1497,-58.165466501043475
1498,145.1327753933163
1499,-47.77084777963527
1500,129.1729706985624
1501,-26.199397873965413
1502,108.12539838894702
1503,-37.02363090232438
1504,148.50860640162176
1505,219.23580967083723
1506,-5.569685831494091
1507,114.65836794168342
1508,160.8701270384032
1509,138.81938038436152
1510,141.74270597680996
1511,130.28270598459562
1512,249.33761088902915
1513,268.8453403599043
1514,199.54161685466494
1515,153.5984755607654
1516,120.52117102512165
1517,189.88112607602753
1518,196.39868319268018
1519,151.9283104242188
1520,-71.2986763633119
1521,53.0330419217687
1522,178.18852798993865
1523,197.6996456431709
1524,141.9016331081973
1525,183.29938632903318
1526,223.24744573467785
1527,243.74523033065563
1528,213.05516530570873
1529,137.13758674736889
1530,229.96934872845813
1531,257.9076099232759
1532,163.6423439132671
1533,156.7112823444594
1534,150.07032560793425
1535,245.1444703365461
1536,189.99861783856895
1537,192.23018768291163
1538,235.0957448161525
1539,231.68463879672584
1540,170.6174813881312
1541,225.78928870150298
1542,253.71718688887512
1543,212.89237432750605
1544,236.02247623253427
1545,198.03956602115665
1546,229.74240646195975
1547,185.0945198590913
1548,250.03106369023172
1549,245.86682068470444
1550,240.41059565131317
1551,213.3520309153776
1552,196.155672516801
1553,255.43424468539274
1554,165.83781759506874
1555,186.32183302710837
1556,184.76443440248568
1557,182.46324438740623
1558,185.1878221939365
1559,223.81249683918202
1560,246.74387849757534
1561,167.70888675041388
1562,236.73248469398806
1563,265.2812990716947
1564,156.99796172003755
1565,207.85182195923116
1566,175.6236697054562
1567,170.41527634654494
1568,215.15267924692319
1569,205.4690922195106
1570,189.4349414028211
1571,228.49320874098876
1572,159.4707295838888
1573,172.18400381743095
1574,104.25813323156066
1575,164.4942335677423
1576,216.55712133506512
1577,206.78860240993356
1578,204.4901200519247
1579,260.1932515925149
1580,203.5832251166494
1581,246.37920088932884
1582,196.04067150116214
1583,273.18168744074956
1584,229.1197737268706
1585,56.109464550084645
1586,224.27114334786964
1587,-114.28910973987593
1588,221.80803297961523
1589,184.12771769525688
1590,218.25964243475045
1591,227.22526859825985
1592,178.35647195573807
1593,118.94962700057287
1594,216.1627478585773
1595,228.10775893670842
1596,260.4211175233705
1597,257.2451690364976
1598,243.81444741111974
1599,173.39724811042242
1600,274.83829708468403
1601,153.2760437576869
1602,201.02641599369542
1603,190.6040684569003
1604,196.8250295791068
1605,204.89005564324626
1606,170.71274705094118
1607,143.72970761618893
1608,201.12988284230775
1609,235.05690473434063
1610,221.43761126103686
1611,178.14081773109461
1612,205.35416618935278
1613,207.08385686429628
1614,233.5632776224206
1615,127.25476282439023
1616,246.4869492235893
1617,217.68215319362002
1618,197.64104900745295
1619,229.63236060759567
1620,161.04991661668697
1621,27.95613780467599
1622,206.76255765114675
1623,20.96219448087814
1624,207.24810192986246
1625,253.621886709677
1626,253.81099929214213
1627,196.9814170818676
1628,256.3386396365371
1629,47.163522197738814
1630,134.81549611085086
1631,153.73906228664856
1632,246.5897837172756
1633,25.588269013995912
1634,194.69581627300687
1635,-34.184463408948545
1636,192.95878493556717
1637,204.5327662583673
1638,240.1999166613497
1639,211.82237082928987
1640,244.02285087994827
1641,184.77664398824578
1642,160.89402344233284
1643,-35.06135517470386
1644,201.97377738673833
1645,202.57286074387434
1646,16.11702555134947
1647,228.53246486452875
1648,232.2639997775898
1649,214.18259476091205
1650,-31.683277692023722
1651,188.15988569569154
1652,249.91597647799813
1653,254.59620948589495
1654,155.64082589377963
1655,259.65549868728834
1656,234.94111327296358
1657,198.00902799617228
1658,120.58753702325022
1659,-115.54414141400188
1660,-45.93317824486181
1661,135.10546621051304
1662,148.71301390906999
1663,143.93561977939163
1664,195.90220775319403
1665,95.39565593636465
1666,242.85084790790813
1667,110.12142028068405
1668,131.326152497545
1669,200.2047451948913
1670,-54.10518322148985
1671,264.33226172056754
1672,199.17351097484362
1673,188.8721401806028
1674,215.58641591925203
1675,-74.38532772676616
1676,220.7997781385251
1677,279.1107160108629
1678,114.28903919895026
1679,254.86485237578378
1680,223.4317729092904
1681,139.98376736541192
1682,73.16493031577824
1683,241.13803524640252
1684,41.91790421349974
1685,183.50690116485507
1686,177.62906474334113
1687,210.98751404173473
1688,181.51216286589732
1689,171.9469007567535
1690,206.53594393384498
1691,-12.800573084087654
1692,41.639225315340944
1693,163.7090572724784
1694,176.91598411217322
1695,162.75951003920056
1696,175.96559812488132
1697,143.368270815716
1698,77.21974164604796
1699,153.05903554848186
1700,184.15384783581544
1701,218.7567488275572
1702,181.38585645628348
1703,-20.55939235978704
1704,135.15519499345854
1705,150.3568680013444
1706,137.9079677261425
1707,147.25288278695615
1708,202.1137547913564
1709,174.11579108840422
1710,217.2777952902686
1711,128.54155974721743
1712,167.21788142529095
1713,98.38321320833094
1714,123.55388969358712
1715,204.43359294965586
1716,224.83811565521157
1717,231.25170372835757
1718,133.20941731345005
1719,229.12096519455582
1720,155.90184408798712
1721,-12.797701271099312
1722,121.54447388489841
1723,181.72109785181857
1724,8.719703984594364
1725,234.35945216587965
1726,172.82831721190257
1727,263.1099949158586
1728,157.05887277469077
1729,183.97607070774603
1730,251.72261445822127
1731,-31.452055001751333
1732,219.02027068488923
1733,220.05961527880385
1734,35.5785372842509
1735,189.77174325615445
1736,125.42314147817399
1737,99.21763368407485
1738,191.13173637053825
1739,0.664844822173787
1740,208.48642621381433
1741,203.62106826983032
1742,132.9103691450154
1743,161.37953785742994
1744,248.44982466959635
1745,266.8889402418086
1746,118.82074234605003
1747,86.88645134752544
1748,203.57600514217972
1749,207.4144925415769
1750,234.21696021011354
1751,249.9955681230792
1752,110.50889262802767
1753,237.7555884481701
1754,226.83333220172892
1755,169.37159212268944
1756,195.2209176982878
1757,182.99243962301642
1758,140.12962850677442
1759,143.49262282278644
1760,177.7194040778892
1761,170.3692220335001
1762,185.57145334016747
1763,152.32098419072068
1764,233.43093326535958
1765,176.80889899552812
1766,173.0729059090861
1767,194.63583171182924
1768,171.06652710779167
1769,211.21446959075593
1770,269.6603323230488
1771,-13.165363454402804
1772,73.26626702112257
1773,140.3359935178318
1774,145.4970488066889
1775,243.23148548316746
1776,-48.449159431670104
1777,186.41025566167346
1778,256.84040097727154
1779,242.07477120133305
1780,151.32166361324988
1781,225.84815367595672
1782,169.4288127260929
1783,-8.80006223486528
1784,251.18387485900644
1785,74.9707305857969
1786,211.4727086200901
1787,188.19824470444013
1788,169.38880057883046
1789,22.550056337250226
1790,156.355948107472
1791,272.3299578107892
1792,247.24892540024697
1793,212.42994788642875
1794,158.68522642057482
1795,-70.09734664674242
1796,173.62380448822873
1797,-54.80554895791505
1798,214.9192224765018
1799,245.69446826036375
1800,227.5919770913534
1801,54.30526601224186
1802,143.65646499466436
1803,237.40064894738163
1804,249.5525296600786
1805,244.67151101554518
1806,179.5455786370748
1807,240.95384985971873
1808,264.2994874485429
1809,254.71254135229557
1810,201.6428969505866
1811,225.40825605028354
1812,143.8873928135056
1813,161.35993163077916
1814,167.22747342937777
1815,260.46015520649973
1816,159.35838874992328
1817,262.88389348874705
1818,265.32656461585947
1819,154.16104062388433
1820,187.8005246985179
1821,37.990959636037616
1822,266.9495071206351
1823,240.74718700886098
1824,236.25338971528348
1825,239.21041821022848
1826,163.81559877827183
1827,223.47835626852606
1828,226.03917749116022
1829,265.3295204244017
1830,226.29395323031673
1831,281.5703963713281
1832,-13.87816823174957
1833,203.54043598431034
1834,55.589629798900944
1835,192.3293166644746
1836,1.959523448320951
1837,236.11432592811198
1838,-58.52643511580539
1839,239.16321734588934
1840,281.2314663489831
1841,191.13482224704447
1842,-181.14550342599193
1843,220.84831368119865
1844,216.26724651167322
1845,233.13921562537737
1846,168.0384285923505
1847,222.00591484039137
1848,230.98862363720883
1849,220.46376121504397
1850,158.26554047482128
1851,238.74849027056771
1852,205.38875834029102
1853,270.98855706765175
1854,209.36982294215875
1855,212.6533492674074
1856,-89.68349932658128
1857,289.7914519806578
1858,191.5569241750316
1859,181.72283051491436
1860,173.1285027385481
1861,187.38337780996858
1862,229.22254802070427
1863,231.3775207147017
1864,263.69655913935765
1865,276.54855632769153
1866,202.38787211682575
1867,254.5778011066431
1868,165.78869210729837
1869,206.3532397797025
1870,222.11189292756646
1871,216.19747481360014
1872,240.24076527708752
1873,254.39168821391138
1874,251.2490595780318
1875,245.51475372528122
1876,190.2475759904631
1877,251.58002180591177
1878,136.0962760176356
1879,198.09780926189435
1880,237.9238727430478
1881,240.19738453542757
1882,225.34153347306633
1883,198.66186061372622
1884,220.98054960842003
1885,211.9773067109055
1886,199.81760922017452
1887,212.53969279452434
1888,219.14310391423015
1889,238.8587833669077
1890,221.61247755070661
1891,213.40693977549512
1892,223.91430524327865
1893,222.31250429098682
1894,120.35874962137336
1895,219.5729051617243
1896,224.6500773022377
1897,259.39082464267796
1898,252.90357992905146
1899,259.25104839819153
1900,226.09686347263596
1901,190.4353188923223
1902,205.86794968612827
1903,172.92400266787027
1904,133.88854048882592
1905,224.9652874870835
1906,204.58241294675406
1907,269.11117386055906
1908,210.13704957506027
1909,233.95268212093427
1910,225.40058398726944
1911,247.22943491662411
1912,227.3924415160282
1913,199.08674291974822
1914,215.9341082939163
1915,269.8894726142144
1916,229.5839273315926
1917,246.76627492557955
1918,186.1000291964487
1919,212.98082124865354
1920,267.4713023144077
1921,222.14168081736074
1922,227.8811666166992
1923,249.43031349577376
1924,219.7525870143101
1925,224.98863390385975
1926,220.37418748926962
1927,176.78721802493374
1928,220.15197493118507
1929,204.0007367895509
1930,199.05723999265416
1931,219.09245813969716
1932,246.05567139143133
1933,198.79365107764772
1934,228.62577423214066
1935,259.1936218697229
1936,241.72226020240788
1937,222.44881134047282
1938,-58.82888609844015
1939,210.67968677681284
1940,204.6938905212428
1941,221.36113869531113
1942,245.94291586335368
1943,275.76662467590995
1944,207.5436294205332
1945,210.28490954487754
1946,209.35625694641098
1947,251.16182274459956
1948,209.89307790554773
1949,260.37577255708413
1950,212.2229383146661
1951,227.16418293589464
1952,221.00304914211492
1953,188.58006904576013
1954,238.51772176531867
1955,222.5808087422574
1956,203.5760277612406
1957,265.19847919228994
1958,163.19045905605856
1959,109.88594619323696
1960,251.72745056911492
1961,148.97506926447053
1962,249.13146481116783
1963,177.7191946639021
1964,196.56538673893212
1965,277.61730011232686
1966,216.49388178363887
1967,203.36647150161792
1968,269.63293361252863
1969,264.69129420285145
1970,176.09702380749943
1971,224.7813469397208
1972,203.68701971948923
1973,264.0070859993465
1974,270.5660361631162
1975,16.584287357043138
1976,232.05908527752536
1977,276.4745608850351
1978,193.5768962403174
1979,237.00949599131445
1980,206.56674643031164
1981,264.8770725405452
1982,219.4501996204467
1983,219.21158076472756
1984,196.48990124285538
1985,225.5189983133609
1986,231.528204739179
1987,166.68573202429172
1988,149.80054526654197
1989,206.62133665684414
1990,147.35607716115715
1991,212.82068050982727
1992,200.30030872346782
1993,236.30331037343842
1994,281.6617940188985
1995,219.4941870716725
1996,236.9208434386067
1997,212.60945095356675
1998,229.74928943962414
