0,-49.42759158580667
1,-214.5900306524943
2,-108.18054262850154
3,-185.2126661837131
4,-113.80718457860533
5,-8.402206706280253
6,-330.6376699836072
7,-109.58261310761158
8,-373.1123862543422
9,-137.21169688787154
10,-81.78345060247923
11,-154.2412953631145
12,-310.00114939942205
13,-338.06924248777216
14,-287.88811917353985
15,-127.70718797895331
16,-252.80371302954077
17,-65.58353095529252
18,-228.3295673614101
19,-296.5365311483285
20,-95.00351381232907
21,-117.09141765062232
22,-71.04481624413462
23,-38.70195138791344
24,-146.92168727169837
25,-79.6863768808742
26,-321.0238982172044
27,-152.8140075924876
28,-326.90320184662914
29,-337.7118562998902
30,-174.40158672970978
31,-206.84823970263284
32,-299.5301003675643
33,-77.54655001122367
34,-207.99007296272998
35,-151.97082706546087
36,-73.38307473511628
37,-148.31748995426597
38,-352.843861526707
39,-97.75842116558586
40,-346.7891003887462
41,-333.4288300732672
42,-256.91281708461395
43,-102.01949002726518
44,-169.8095496061647
45,-144.19964176800067
46,-98.25088726689116
47,-251.60598509815674
48,-94.34408247503053
49,-371.624996209635
50,-167.73247004329488
51,-84.4547773105931
52,-162.8624795121683
53,-237.17680335071978
54,-228.0189861010095
55,-109.45152090209679
56,-175.2898322617028
57,-112.32536128015106
58,-262.4985877882608
59,-44.1739316710953
60,-286.3030993137236
61,-97.09750841988217
62,-102.82233310322782
63,-133.84348442193016
64,-107.68909276488357
65,-425.16449091365814
66,-345.1774278112673
67,-108.75994671382722
68,38.01859944608037
69,-63.11111065735243
70,-137.74653199396658
71,-95.59109307757112
72,-74.19249556988467
73,-99.83556574329185
74,-140.92252447908328
75,-18.31187739145429
76,-137.2179348529109
77,-59.18821555081978
78,-106.33017960841586
79,-173.49470022802132
80,-38.63262594988771
81,-35.75568114661927
82,-178.63291369065968
83,-269.59762833242394
84,-114.2830352082298
85,-42.318455163393054
86,-115.98992682746326
87,65.5878727311628
88,-242.86361777295883
89,-210.95109021738392
90,-131.24958981231282
91,-204.45235470848365
92,-72.35802766685104
93,-60.866577278729075
94,-33.19342860444108
95,-38.164854255308
96,-153.06944987251367
97,-101.10297529531097
98,-78.84357657466846
99,-223.28648052616774
100,-74.0262256507656
101,-62.68868264119965
102,-71.88645580316404
103,-52.17433814763892
104,-78.83774948191402
105,-23.721334037188285
106,-51.387105001166105
107,-30.79031600309548
108,-69.393788598894
109,-132.4475609242868
110,-33.24895000899846
111,-2.486304926712535
112,-61.54171277700704
113,-57.77409276481204
114,-49.88713598839592
115,-100.3981706515666
116,-83.53538941746238
117,-100.06366989572669
118,-94.54028926136732
119,-57.32389754131091
120,-58.10069812630118
121,-73.27233476319647
122,-74.5019783437966
123,-54.417710232926915
124,-27.954200232268764
125,-66.45403401249834
126,-112.83776122575667
127,-62.2660219682631
128,-49.52068758933505
129,-113.64920009012161
130,-73.47712643855255
131,-40.01374124580868
132,-97.22974686829608
133,-64.2813522002835
134,-120.36877317841937
135,-107.68637102851434
136,-5.08528708010991
137,-85.30267553247809
138,8.889331717643383
139,-59.949590465326914
140,-0.17098492769212825
141,-0.19187945067597684
142,-17.3223010703846
143,-42.57403494818297
144,-134.0827661441626
145,-53.856191844582774
146,-57.77449779390202
147,-35.44335385769494
148,-85.38315631663656
149,-41.10738276150469
150,-138.89090089738286
151,-46.982283514019976
152,-66.86000864173043
153,-155.43264351591748
154,-54.78235328512816
155,-70.59878190186596
156,-50.999661922400605
157,-42.358495134971825
158,-14.398199852003467
159,-126.72887201370239
160,-58.78948612119125
161,-84.24679968365962
162,-120.3292191250168
163,-60.84248323959479
164,-68.57808525740866
165,-17.56545731947058
166,-38.41367617937653
167,-29.060870363476937
168,-123.80630887739676
169,-239.9739356542192
170,-1.9073613236304128
171,-170.34329490994315
172,-33.44829632924093
173,-23.309353290970773
174,5.012734783867025
175,-62.57901307477026
176,-98.04559780406038
177,-176.6496139135093
178,-200.2091252733052
179,-77.1652995768448
180,-192.6390031521348
181,-184.16585922825715
182,-145.1460094478777
183,-45.48002574211815
184,-74.88306043180532
185,-185.7812188016821
186,-182.53727178511014
187,-80.66441371370206
188,-200.95643625817075
189,-190.74934697675272
190,-137.55056860323973
191,-215.4882749822902
192,-197.68361208625493
193,-188.0199651692866
194,-96.97603394121032
195,-166.46987757838932
196,-113.20018003083494
197,-179.202114054183
198,-104.84888979364229
199,-89.36036304305284
200,-131.28929215047026
201,-40.454379191602854
202,-47.56432914816185
203,-60.04582761042099
204,-98.56033385404149
205,-41.38117939226825
206,-92.39200698170946
207,-30.88156102013143
208,-15.690882834201503
209,-6.980028873497921
210,-55.44266995462792
211,-58.97983861857186
212,-27.331991477825053
213,-3.1936885926859144
214,-36.47998820508982
215,-66.79662265649107
216,-51.164937839755325
217,-32.39567721265186
218,-12.088452286556706
219,-11.404139479680229
220,-48.15255249493542
221,-9.78224192651588
222,-11.488942247976404
223,0.31436771452002965
224,-70.37269713379295
225,-50.8779756189451
226,-46.795429383370156
227,-55.57197705618709
228,-64.09758324182205
229,3.7340453602302044
230,-39.001939954141356
231,-68.94614286577568
232,-30.22965080632194
233,-74.38478950126256
234,-28.46962715567216
235,-58.727731927954586
236,-69.26051126169872
237,-66.1914215751596
238,-86.5069766068119
239,-35.791136953461546
240,-34.2222499855359
241,-44.41354026977908
242,-110.17672140111159
243,-18.44922312779176
244,-58.348070025245654
245,-47.454919233662544
246,-79.61403131793456
247,-63.99880601117236
248,-54.177024139985605
249,-48.044085717177346
250,-59.697612019451206
251,-35.18912109153121
252,-31.134472624208797
253,-43.33437013488403
254,-105.1916039013561
255,-38.982021346723116
256,-56.82648411413867
257,-84.82166182119828
258,-56.87533298894057
259,-35.65265725307625
260,-37.60910332089815
261,-3.242404501581425
262,-10.15821513049977
263,-30.103268080881854
264,14.085307373693677
265,-17.167452973527954
266,-60.45135661219355
267,-67.13378833601831
268,-63.72060699897355
269,19.096286258364525
270,-90.36007350261993
271,-33.32647735607324
272,-35.96672312158875
273,-48.866991891379506
274,-14.284282493299418
275,-94.62423676282789
276,-28.11443333200902
277,-56.60786177761042
278,-74.74704297178283
279,-6.827116092684415
280,-5.820499105965699
281,-49.69925807372137
282,-50.13839074374791
283,-96.64503600295347
284,-72.6554258913041
285,-93.25194250034174
286,-56.539611292759396
287,6.68212818900785
288,-47.46491516112127
289,-25.605218952785535
290,-107.78367243248356
291,-64.32270630419112
292,-74.72209779150619
293,-49.53459576709817
294,-74.8457001281175
295,6.287206028562721
296,-27.09752460327589
297,-50.53683873404424
298,-6.443462951880655
299,-47.859688676780124
300,-17.74700746695419
301,-62.98782494791767
302,-28.191642935261136
303,-65.78527778536699
304,-65.6502489277047
305,-27.64707354337477
306,-23.81426665680725
307,-40.13446195341224
308,-67.92080796384967
309,-33.095939017772785
310,3.4152364574995664
311,6.70028908905827
312,-3.7648185999164676
313,-11.210191285732435
314,-65.03118813094402
315,-21.034595826194202
316,-38.82206554013318
317,-65.39069422025902
318,-22.174718890082357
319,-17.883923899129044
320,18.949126516829242
321,-7.208567083720636
322,-13.439997904169639
323,-74.2122445585929
324,-9.603278442673652
325,-34.527188867815426
326,-20.441217608132106
327,-16.813041869903444
328,-25.89249244735111
329,0.6169404835742991
330,-40.208061117421906
331,-36.22308862898452
332,-19.85811896890158
333,-5.841764371661165
334,-34.58589472389184
335,-15.338607439631257
336,8.992557863002514
337,-36.02025823128108
338,-26.400900696476118
339,-69.70256701524583
340,-24.194420064175233
341,-28.305006445212626
342,16.748787669740604
343,-14.216510052883606
344,-46.32063766419135
345,-38.1323825271026
346,-52.2344492474085
347,-5.438464997310896
348,-28.280908443427336
349,-65.16137670243387
350,-44.40779526669888
351,-51.64171626861529
352,-5.042509978376528
353,-11.099857455218011
354,-36.588090509677905
355,-37.79261022207394
356,-24.31053455818713
357,-69.69612187319166
358,-46.144313455072094
359,18.089271885216625
360,-44.965677640563
361,-3.9185360810866987
362,-2.553017526926584
363,-22.751388662450708
364,-4.2044975526050745
365,-36.965956177005125
366,25.867466432063573
367,-39.99970623895627
368,-10.974610272436513
369,8.14919441883383
370,17.009502713475033
371,-9.962798617953913
372,-24.135487889426905
373,-28.768306551879533
374,-42.224049645547765
375,3.9091568684963174
376,-14.626625868217944
377,15.99529587551339
378,-1.9213755216974986
379,-11.498402159598237
380,-31.697426518639105
381,0.06882723449025674
382,-42.42893517440348
383,-62.05803572042291
384,-16.391826403614704
385,9.487506456150633
386,-4.740796607580737
387,16.91615983545404
388,-51.499750723193905
389,-7.829666314284018
390,-16.848721022498594
391,-5.756025606021254
392,-13.925445886853934
393,-19.239693677533193
394,-35.25182961270652
395,-1.0362885278615162
396,5.535645353781282
397,1.2637005432629766
398,-18.00428704013203
399,-41.222873716309245
400,-20.519592003267604
401,-34.62428650019529
402,-58.934177622405855
403,-20.40542625340614
404,-34.6280950485073
405,-53.22264890676428
406,-10.067153711876177
407,11.183103797469407
408,-33.579152989370826
409,-14.473326242618633
410,2.7372305909240966
411,-10.869346072876548
412,-11.19663301610344
413,-6.433800085020537
414,-55.86451291158424
415,1.5907534554332896
416,-16.526706796475754
417,-8.350309172294278
418,-25.711432835093273
419,-9.031743198937374
420,-15.309601804072914
421,-27.179030952991678
422,7.898168115958921
423,-7.935994859667645
424,-26.411207556888275
425,-44.5488064590093
426,-9.273224397422883
427,-9.123963146022291
428,-18.743706327733133
429,1.8308342908410373
430,24.186332846156958
431,-35.56368049509883
432,16.118578338914844
433,-24.881893449825476
434,-5.300933465019357
435,-12.960155032068231
436,-22.119853504019776
437,-36.98605649036521
438,-16.955203003735665
439,34.071094367573565
440,-58.685923579643
441,-59.58068679344722
442,-36.78045388908529
443,-14.731213754529234
444,-24.427069317243383
445,8.157414605948889
446,-14.714743736157573
447,0.11213012244918108
448,9.169210586196419
449,5.799777380965086
450,-8.980083512757789
451,-11.60356753478047
452,-39.13799389950033
453,28.312298341001497
454,22.06657456642721
455,-24.160162310961116
456,20.793661260687276
457,-40.80657751794471
458,-36.28837721633254
459,1.5552021552755828
460,-18.00929171935304
461,-30.27962927201541
462,-17.392400416475688
463,19.256230745752603
464,-39.493082966007655
465,9.450353156040148
466,28.81236829261464
467,-24.481003614094092
468,-22.648893131164836
469,10.45561079856075
470,-18.446276728361433
471,15.904046632161755
472,-28.880764437161854
473,6.796053925227019
474,-2.875424535708948
475,2.662614605026474
476,-43.290309304380735
477,-12.220557308717929
478,21.812378022061623
479,-3.2501492242203147
480,5.00617466637057
481,-11.030001897344633
482,-20.224819558904805
483,-3.3179984919745302
484,-8.028742085740864
485,24.768512179286375
486,29.875387220550014
487,-162.01172362786178
488,-7.501538649058276
489,-44.89410208496683
490,-23.651899219960892
491,7.905873441981843
492,16.54638753165976
493,26.15636146936401
494,-11.414070101963581
495,-38.17581999973602
496,5.371391477301878
497,-33.0169105737755
498,-9.165324978249291
499,-22.796625452567092
500,5.382375246558315
501,27.555626393898816
502,-20.16729766923358
503,17.65208921482598
504,-21.273150231123434
505,16.581096795864067
506,25.829360960131567
507,10.676722452322679
508,-10.648563509298803
509,170.31425842157086
510,151.67350741035122
511,-50.71226478720568
512,36.92655192958392
513,-15.855315671684004
514,23.927315301226614
515,-38.9533401813371
516,-30.55039365763609
517,1.8150646063498888
518,-25.325248317667693
519,-15.568242169259928
520,258.7518492156572
521,259.0397359251542
522,211.02987963799728
523,154.93895413443283
524,-39.35692734826337
525,229.44447627030974
526,3.6807669625180637
527,173.17110604538848
528,208.3467821175664
529,-2.5722760314872195
530,216.9377911701188
531,161.5052852377479
532,-26.331899566872888
533,187.99114444002117
534,138.40431181062496
535,59.46717480236546
536,209.28217358200232
537,-4.683132376871014
538,-74.22725569728317
539,207.6760437254535
540,200.44618408445643
541,239.47388032042386
542,232.1652636142258
543,223.80551595837323
544,248.8507900868323
545,227.8402241158226
546,-6.585089442452112
547,5.844193648996209
548,249.7694260926534
549,216.89357236979777
550,141.10632106360373
551,243.63083174548922
552,-20.008906518966857
553,188.77550642724094
554,157.8955737664905
555,252.74093090453388
556,240.69659801444502
557,225.5248787105778
558,255.0097002122752
559,3.6606161706197877
560,261.87163925497293
561,-35.640879032312114
562,211.77202992440698
563,174.52464352920327
564,164.8152007944053
565,52.324100621813145
566,-29.551453293130706
567,165.21978120004567
568,258.08232337241145
569,228.52512198627676
570,134.17116344703433
571,6.3321887677545
572,208.91779385615223
573,215.2008196259149
574,266.54223072523644
575,209.51160485003066
576,183.5393929303915
577,242.23108773708353
578,262.8144336959899
579,197.11013498958079
580,270.88328477315633
581,-29.023539262737195
582,210.2187547248418
583,120.61080999866871
584,229.36561533383414
585,180.7643901791351
586,263.0259993204297
587,213.4534696629105
588,213.17470638098683
589,-35.09239167477645
590,165.24181171581122
591,241.25346044867763
592,194.84826981711637
593,214.50129392056823
594,-16.299213966124753
595,218.08434297162958
596,229.4231160894197
597,276.5466623071003
598,261.0126051455353
599,153.68824653472416
600,200.79896250739847
601,185.05451468541204
602,-73.31570028846005
603,272.8206129057056
604,144.566923392126
605,255.58935065999202
606,216.8102452949794
607,-21.621900975387273
608,-53.27029596368522
609,272.1202102694782
610,-45.5013741755741
611,283.64253511020354
612,243.44838627816958
613,243.76407192740197
614,255.22912581493947
615,250.356404695868
616,248.9888180144676
617,232.03507724321318
618,237.9421255413
619,246.383788956092
620,18.449576773908888
621,204.4081677777762
622,229.12032636382915
623,243.48716402375268
624,270.6838140412526
625,171.7610568300495
626,225.8454848381528
627,264.7132323711506
628,208.01615255626473
629,-72.75673627500316
630,230.47355670817564
631,262.3039553209644
632,241.46333476307254
633,-40.353125514095744
634,234.35145137811557
635,212.26348941121023
636,263.4554918956327
637,193.69634041487876
638,214.6170193698679
639,275.3701834166752
640,230.6172101369279
641,261.3220962377544
642,274.145938402252
643,-31.49576358608472
644,198.8113730527258
645,173.5825093191222
646,213.40929386946854
647,197.41476613927682
648,-10.199918796041501
649,207.53709899507976
650,245.03027320208474
651,254.73208392676014
652,187.94612110119238
653,253.63102455989096
654,261.78245857196066
655,-14.151342619044527
656,237.9463446228886
657,176.9226298371854
658,198.0339932013244
659,236.57205896499178
660,261.94841233399904
661,169.45187572358532
662,-80.94307725817183
663,224.48935853171784
664,-166.31834389847768
665,222.73166865896815
666,232.50139583038504
667,240.10285265468684
668,192.2264246607434
669,228.8418642115218
670,-23.937906353897176
671,259.7456816755848
672,-58.301857612025856
673,199.71538889510109
674,-40.54203903922219
675,214.18724152745193
676,185.3080000668367
677,177.5272199116526
678,230.00835438520895
679,-15.189307543436755
680,251.9373182794242
681,-24.008434582596678
682,-105.56841962743985
683,240.06199648512893
684,218.5033072663714
685,203.8206338367883
686,-5.608945139789995
687,221.2275713560162
688,-72.1267528555597
689,133.76799665752378
690,217.19713168279122
691,212.82205082324109
692,230.0959205206051
693,182.0513566235547
694,284.9605861878365
695,113.8985337991548
696,-102.68285702984028
697,213.25133649534496
698,173.13224461111602
699,297.9751197690796
700,255.40608354065742
701,204.29096259755826
702,-9.889283082726621
703,263.25701560844516
704,224.61810433144632
705,234.48747389182424
706,208.53345293632984
707,197.58903659178205
708,7.470940860281786
709,244.9998683844915
710,191.51298214892182
711,241.2487626155508
712,235.34663736529964
713,258.58683274436237
714,243.0628308653703
715,197.42458946563647
716,212.57315713231154
717,181.08091613212952
718,214.79351565354278
719,231.00366030923206
720,215.68519085955074
721,277.24089410122514
722,-15.981118716981214
723,-14.516816024404264
724,245.7667145397741
725,274.70357156099476
726,219.50322051997955
727,164.9719833807147
728,244.9602292211031
729,198.85415419544006
730,162.54637864581485
731,216.44546706539515
732,-36.96219463444898
733,-115.28194594872392
734,-9.968308324837523
735,242.87303303336142
736,229.4876541132993
737,238.9488532346585
738,233.68107433165656
739,-60.952617905378645
740,294.98487080516446
741,277.7086051924398
742,239.7613225919829
743,230.38786761114176
744,210.91844505460875
745,251.07880086341532
746,194.57106499865466
747,249.4253933967063
748,215.8320680229869
749,233.0479510066806
750,-61.52925567898471
751,250.21281212275662
752,206.55238499181246
753,164.93673727320697
754,-99.81395377377729
755,172.2216219010549
756,-25.006165443328584
757,267.7323433339054
758,247.68950461133585
759,-19.357982473673943
760,184.9914221786794
761,261.4142099205404
762,277.37605055471585
763,-56.36264921240606
764,236.3619265475652
765,16.010906917942492
766,232.04106461876756
767,208.71325234823482
768,258.76163833298756
769,276.59344619723515
770,178.8777847350196
771,-12.7139752545242
772,294.472025163131
773,-1.1323194584614384
774,10.2411604921393
775,233.19041657476686
776,247.57170477565066
777,225.87028480356594
778,212.14420015431574
779,253.7695486806041
780,196.8399635223109
781,208.4830497782297
782,227.11152029386403
783,242.8934343163986
784,83.38821647454802
785,-39.77006951917555
786,237.74849951549783
787,246.30476226969185
788,241.4579677495974
789,91.46202133423627
790,252.06024941656509
791,188.36765666716948
792,21.789276763770232
793,281.0256300892614
794,273.6244848441975
795,265.56837076625584
796,234.61847269983193
797,234.83149986555878
798,269.9163328405126
799,269.67781998082955
800,236.62275606602637
801,290.0867690467654
802,199.42967697615742
803,248.49526618314889
804,226.14304272442894
805,258.9334251019094
806,253.18293823729437
807,9.335130012854137
808,243.04742494871758
809,299.30439613546037
810,276.59288874411396
811,281.7171278451181
812,240.0478253686391
813,240.67446793171447
814,252.43312840710485
815,232.96811566472658
816,239.90494902480182
817,278.03417092286406
818,282.7132912822161
819,33.60935686844161
820,262.3018142513664
821,256.9928427190473
822,227.18684645468994
823,208.9816990059362
824,-45.04851760688992
825,244.2918920486693
826,268.36320111791963
827,-12.910029264437028
828,251.95121524716626
829,270.7771681699272
830,241.7740186294098
831,236.521521903175
832,276.08988203972433
833,296.7391529924244
834,287.56990465161357
835,223.61743856161053
836,278.77931623281256
837,43.02661786848529
838,271.9952357444175
839,242.9881494480531
840,258.94937328369576
841,264.68342324463447
842,259.39231205600873
843,10.57528751132294
844,248.4078986474411
845,236.95834910239688
846,193.69148756257073
847,7.281942981612232
848,239.98726876857944
849,286.828021180989
850,225.8253575498632
851,275.07938792010555
852,238.03491881391895
853,234.01046694604497
854,288.4779688068479
855,271.0448314326973
856,27.705741173148866
857,231.93295197600779
858,219.06106529714924
859,301.44804628626935
860,262.6486331744752
861,289.36079371555866
862,234.4232370889333
863,260.13061203411024
864,279.7933249930034
865,259.20286571370025
866,203.2717380341359
867,258.66259054587874
868,223.47333213408834
869,200.94929763510865
870,247.45529408371138
871,236.2167601105695
872,272.8869184012546
873,242.79864624554415
874,253.53624888669384
