0,-218.50134006356194
1,-158.19368088669273
2,56.06301070401551
3,-123.13139087065277
4,-109.23225741264972
5,-62.69224864171646
6,-470.48721246198426
7,-146.29948022621917
8,-145.47573729604304
9,-107.38989846213553
10,-152.77191844710723
11,-154.22034387818655
12,-94.0692903927139
13,-354.08605884152115
14,-8.541517515105454
15,-409.74875296008724
16,-625.9533709076973
17,-83.81616958210343
18,-318.5106354142003
19,-260.63808564641823
20,-198.96223667266116
21,-194.56947290817118
22,-103.72572036841952
23,-55.33576859068358
24,-102.31723425493465
25,-418.6208418193783
26,-178.73087973987498
27,-451.4856607380815
28,-280.03603843261317
29,-244.94672223290033
30,-100.9801608895114
31,-178.63066340943288
32,-143.48804740095696
33,-50.86727910732712
34,-132.3700163423987
35,-79.08609218305699
36,-43.276403168632356
37,-230.44590254644157
38,-122.50866573848356
39,-248.18205594908122
40,-103.81384213479606
41,-336.1299288407548
42,-329.3226609969794
43,-278.79923086566623
44,-258.981317483721
45,-461.3003492960195
46,-316.91776893291575
47,-526.0007033962316
48,-238.88073404900368
49,-51.15089314095671
50,-14.97516206760018
51,-75.85315285904157
52,-292.2590401088926
53,-92.4391518419883
54,-135.88769846258202
55,-83.00391908605553
56,-23.36808381534533
57,-25.473259069145044
58,-247.3774402388633
59,25.549694774698267
60,-45.47108901134672
61,-324.5227391398121
62,-142.05537680872726
63,-281.4150748516918
64,-124.17029956149662
65,-260.86895018858263
66,-275.3732116476653
67,-446.9416241325094
68,-224.10894423191985
69,-500.8358535628676
70,-279.0397859371425
71,-105.76277951793328
72,-499.4179220536511
73,-180.447977093414
74,-259.40229869961627
75,-70.7390023503016
76,-72.90821321046072
77,-227.83367960579
78,-120.27554792665615
79,-113.79833694942211
80,-69.17268504995434
81,-200.5319636054628
82,-108.57490424860151
83,-88.00865334668516
84,-124.34893565142465
85,-188.26627696504752
86,-236.46673608711754
87,-92.60351532436653
88,-68.79420887214302
89,-183.41974522810824
90,-131.64525829583042
91,-105.11775252076671
92,-191.5358988294742
93,-293.8390357133379
94,-330.0535340189696
95,-48.59454774495425
96,-147.9548981650437
97,-285.12582139542394
98,-208.30705627616308
99,-225.43734409971125
100,-192.68727636868402
101,-270.58850585600146
102,-234.57003739402433
103,-280.0791395642741
104,-79.91647754190959
105,-174.34521709460682
106,-156.19971654766226
107,-327.6067389697604
108,-212.75671900738473
109,-185.96487343968323
110,-156.87750294142222
111,-240.03664509315655
112,-876.9794833024472
113,-161.56705592069795
114,-596.6122521484665
115,-414.6753308288813
116,-353.5001748074163
117,-189.95500274336734
118,-202.5725964926166
119,-174.03041985004432
120,-100.86244188394579
121,-189.10015109428346
122,-205.00012175957443
123,-252.5450063858292
124,-17.724722848186573
125,-158.09949311980847
126,-121.13140964222343
127,-114.52496301586986
128,-158.8049126697122
129,-127.29406489561157
130,-124.45083747402833
131,-79.26326460119068
132,-104.68728696193773
133,-115.49921710858494
134,-100.68689268561543
135,-113.85366850451429
136,-38.73364114769298
137,-114.80759238684223
138,-116.4601384628315
139,-79.39619139937493
140,-88.30896350024753
141,-99.11448411556961
142,-56.757362996435404
143,-94.96916195269787
144,-57.22397018964427
145,-48.06907341533978
146,-65.0436839901102
147,-31.158134904653267
148,-39.53626555672716
149,-80.56467559285781
150,-87.93192480729527
151,-57.92881032691113
152,-82.88853773515963
153,-70.92589910421158
154,-85.8302847588158
155,-61.60460419212754
156,-50.76713699950083
157,-143.0083023512759
158,-45.68985874171811
159,-110.50084196057182
160,-99.12245013141236
161,-126.00002015242846
162,-197.1190999141833
163,-113.95980277783347
164,-57.29330198672812
165,-131.2415073109004
166,-157.02426543995514
167,-141.76165086309751
168,-156.24913077873327
169,-14.195521908212292
170,-67.60451500924084
171,-108.12233047313886
172,-90.41396789798502
173,-83.06052246551683
174,-48.51080083187378
175,-111.4635753257911
176,-32.05694613591431
177,-98.1492256543931
178,-65.67779877006639
179,-185.2004903647894
180,-70.45116056228197
181,-72.17898564249901
182,-29.457738075487818
183,-103.4678505378072
184,124.33669882576038
185,-122.42141346036337
186,-184.82082136642924
187,-196.27512036899566
188,-35.989086823165486
189,-63.2219493387243
190,-118.66595477928942
191,-194.62711657298297
192,-108.69793881084223
193,-115.37025392452075
194,-54.467691445218684
195,-114.2777943056799
196,-209.3530266845998
197,-75.14641283043613
198,-234.028067513546
199,-72.41418783865828
200,89.04873974711928
201,-196.6073088819341
202,-177.39937883365675
203,-88.13552889695872
204,-160.8086491206093
205,-108.39618381966652
206,-116.89674766958206
207,-65.63502984816562
208,-256.97860657608396
209,-79.74956777895629
210,-124.32161605198993
211,-238.27173666875848
212,-92.47102064774346
213,-82.27904915159988
214,-198.2345207374499
215,-249.0575206914198
216,-199.8352325038585
217,-113.57556690227149
218,-74.42023999774273
219,-172.30713207684119
220,-116.31723256124553
221,-111.19921836028519
222,-195.2704920475377
223,-216.25022675737242
224,-238.4907226579588
225,-189.72354476558067
226,-166.90536817397106
227,-94.22402183531827
228,-194.24777366505185
229,-157.87234907889365
230,-268.12401352560505
231,-137.71744290770204
232,-76.14129444741222
233,-158.54552551873002
234,-227.56596385655138
235,-120.28620064496594
236,-238.4250661349038
237,-204.69597595011308
238,-217.82710491671656
239,-142.29553800276503
240,-120.79110434334874
241,-181.14744020194468
242,-155.75347712825675
243,-186.85522327914515
244,-262.91712983678576
245,-112.5968913793181
246,-172.10952586585012
247,-122.69453479355944
248,-188.4503441336225
249,-196.02576023465772
250,-374.2582822017029
251,-149.11984329523
252,-129.04704615810266
253,-138.0737884425084
254,-88.84104629564354
255,-78.75834707965521
256,-149.57274603504084
257,-144.00269639839664
258,-143.90158729229432
259,-229.3653801748232
260,-134.90068249679157
261,-107.9961570939801
262,-189.4701280564783
263,-108.48495666417566
264,-110.15605396437647
265,-171.64158515286329
266,-163.43806469394028
267,-167.36124605919525
268,-195.04063598605092
269,-84.38938735064973
270,-143.2045892079412
271,-213.35276464571808
272,-196.304540659398
273,-91.5204277535106
274,-139.5650953890518
275,-235.2951577500363
276,-204.45804525227038
277,-187.22254885479737
278,-50.91527202209598
279,-147.78784766956227
280,-198.22318734053343
281,-183.72324779075848
282,-230.14822334946342
283,-144.66320456140858
284,-107.74516916189435
285,-215.32727383814918
286,-210.4990048995483
287,-157.34335545509478
288,-200.01509310405999
289,-170.92770775047725
290,-123.00956480306388
291,-170.5728607442004
292,-144.68540120365088
293,-159.21804207877005
294,-120.84376810050328
295,-192.54774332726663
296,-152.50916186526223
297,-166.33619575125473
298,-178.0614109783197
299,-165.33440596696033
300,-219.45886455657802
301,-198.70175012685255
302,-187.34772850510132
303,-127.8270999687679
304,-164.6711209166781
305,-185.4094989983326
306,-151.99882890775828
307,-157.94953339425086
308,-152.48936148448118
309,-183.35145223551598
310,-146.02670594330698
311,-95.78808167705517
312,-175.3604584259819
313,-124.49642856793628
314,-184.17166953507507
315,-96.72124079465935
316,-170.6828954544342
317,-114.44921122422807
318,-186.63858799655134
319,-162.61851269180116
320,-188.8725883249873
321,-107.85077909578365
322,-196.7279992282653
323,-176.41145847772196
324,-159.71529488582993
325,-181.21216531790114
326,-202.47094456977584
327,-169.1060534359719
328,-24.744566469311096
329,-180.59171209577153
330,-155.56809407513208
331,-199.65076524744177
332,-186.7285638220531
333,-70.98933820459132
334,-225.71907793837931
335,-135.19504527028914
336,-133.53948797715722
337,-111.40968696492365
338,-182.8039858081631
339,-194.6562029701995
340,-149.03749490830432
341,-108.85762033345989
342,-196.54762840155857
343,-105.15937581317647
344,-120.90443418423428
345,-191.88002614762348
346,-196.88019907853254
347,-187.9435789801006
348,-200.45532573947978
349,-147.3810710522273
350,-141.19475537219762
351,-165.95925495337968
352,-213.09685041223295
353,-168.21658681952505
354,-151.89997146954448
355,-173.0222062294671
356,-128.2952423305361
357,-193.6819741373463
358,-158.69842473786898
359,-191.09612454879303
360,-105.98048092814842
361,-139.32516354624946
362,-124.835146194507
363,-215.38278641237957
364,-84.77448955386201
365,-226.0098461626879
366,-175.68171741439147
367,-82.45224754386531
368,-103.12400631719062
369,-223.40929684743276
370,-231.4119992496536
371,-163.18404731773649
372,-190.4917632227739
373,-209.25575925591164
374,-110.64174674669317
375,-198.0720239164177
376,-176.06999955113594
377,-215.51955119993426
378,-162.8202137707529
379,-231.72927882701154
380,-91.20570714879095
381,-184.04048897722544
382,-99.01386996628437
383,-199.0941183968331
384,-82.11225501454594
385,-103.86166153713927
386,-110.78301329774662
387,-129.42913261522463
388,-208.05448797530983
389,-195.11498513135007
390,-121.70918524754073
391,-192.26017048431225
392,-229.70685732314212
393,-84.85784822828369
394,-234.87483036458752
395,-90.48492355970741
396,-109.73549150826618
397,-212.45463395509296
398,-194.35894579425656
399,-109.55855162240135
400,-181.14011802555495
401,-150.66598096934612
402,-129.96808599256607
403,-185.9482066142133
404,-121.67798679806361
405,-176.56688486668546
406,-110.80873093273347
407,-59.530611958608645
408,-121.05444793910785
409,-113.72518205036457
410,-91.52835450861964
411,-80.08683301309263
412,-121.38999177291068
413,-109.43691151790847
414,-152.45963093682764
415,-143.40784946621807
416,-82.27013742976482
417,-130.9352387310176
418,-126.27049729508765
419,-243.02803650234495
420,-143.57658986894248
421,-188.20618434672946
422,-99.83417992984522
423,-108.1029292680016
424,-22.96914853751767
425,-115.60603566252026
426,-199.32583883999285
427,-75.62817698646757
428,-88.45950898582831
429,-95.81255886576164
430,-142.67122989576006
431,-122.33436826347899
432,-89.56908921340893
433,-73.45730021936099
434,-120.89655720286422
435,-157.95764696344446
436,-91.48574719465961
437,-80.07425182650252
438,-92.32597005588089
439,-96.7332093646861
440,-88.71195091328019
441,-97.4537289753635
442,-87.34517206711368
443,-122.19150951173461
444,-103.84572312684564
445,-97.24033451935499
446,-136.46422806855384
447,-73.78057305462109
448,-121.174316508494
449,-126.19398700390467
450,-128.06645866477515
451,-98.35256938001619
452,-119.58010505293505
453,-103.22344613918136
454,-111.04701896996254
455,-129.3968172255132
456,-111.77418771029069
457,-153.9079299100202
458,-154.48764896050736
459,-168.6174481565902
460,-97.45249072598398
461,-105.3589629032005
462,-98.54987944367062
463,-68.09107573193988
464,-112.72181838109907
465,-161.1388883680522
466,-77.23723690911176
467,-149.68927384965335
468,-140.857186375018
469,-94.876878630285
470,-132.78588435948762
471,-114.19587903741045
472,-171.63243722561097
473,-92.144351139116
474,-150.57474451255487
475,-153.48084692307066
476,-172.19767513321167
477,-134.74626622205196
478,-142.5702935384562
479,-153.5189220025953
480,-161.6555810706567
481,-157.2269029497373
482,-170.58169575157487
483,-151.77151977394863
484,-157.1611364788102
485,-89.96685412288653
486,-145.09327830010687
487,-118.26906984424984
488,-198.1323884468012
489,-175.03977302009875
490,-165.2170802846586
491,-115.78467617917167
492,-150.4886622482603
493,-141.6890785662058
494,-136.59670134187294
495,-155.8965059610659
496,-127.05322530095364
497,-186.20625459119222
498,-118.66105159146692
499,-152.05901623502788
500,-153.4990098306696
501,-153.72859972285718
502,-154.07551306555655
503,-157.93429119248356
504,-161.56528131958936
505,-138.95165355211057
506,-168.82660913617605
507,-85.15175606828258
508,-165.97682001221392
509,-91.22482667678293
510,-88.9535649245221
511,-120.30163199742834
512,-122.48729912854814
513,-112.90505455295092
514,-146.75616267561693
515,-144.02874307741828
516,-132.93002220867095
517,-133.36692217821377
518,-110.87045648540716
519,-122.91670092049971
520,-158.4659518821401
521,-118.43265422607236
522,-142.01540862612205
523,-125.88048242582396
524,-151.45920019613123
525,-90.40090886454058
526,-122.89353087668654
527,-144.48490224359495
528,-114.86472859977425
529,-115.39214369706565
530,-114.39834752188575
531,-120.9358408203614
532,-131.33040499483567
533,-128.90394134559136
534,-155.81243609397248
535,-135.57349045646936
536,-99.53974730324097
537,-98.53558999666622
538,-125.2242363999022
539,-100.82987806281206
540,-111.6573997487763
541,-142.24799159763694
542,-92.73529652327251
543,-127.89610619368004
544,-128.07845024017786
545,-105.45406379079033
546,-119.71536874560947
547,-131.53390915844616
548,-124.56268961333596
549,-103.07380199653139
550,-92.97447209337749
551,-137.4636846349596
552,-142.42624704279137
553,-159.88859911616962
554,-88.59692796357932
555,-141.3518438143358
556,-159.20702593216012
557,-160.82417958066054
558,-103.59266629299333
559,-159.10501783927032
560,-137.03525653848564
561,-113.79794944278443
562,-151.95797797208556
563,-130.85584965420918
564,-144.28664711040898
565,-149.86961057783145
566,-140.25285887619782
567,-137.7264454308659
568,-171.5888307383744
569,-167.7724378839422
570,-131.15784653911493
571,-144.81065476863753
572,-123.29875380716375
573,-496.8012597368238
574,-179.9893286457998
575,-85.65220975658447
576,-81.43421416710056
577,-180.28401137694684
578,-129.25831404091332
579,-305.7700611692994
580,-147.8296608122811
581,-193.90829687397414
582,-492.86833406431066
583,-91.120420772626
584,-80.80711184535605
585,-183.5499846720458
586,-177.76975075985715
587,-451.8214036297396
588,-139.96914136784028
589,-138.11603339584553
590,-220.94081274041784
591,-277.61121276875497
592,-154.25369190200215
593,-560.7215350988802
594,-147.35264504980307
595,-117.30555896242545
596,-115.8811957356046
597,-166.0401133579475
598,-113.32468343122818
599,-114.21238111581403
600,-115.11996778813473
601,-107.24657869502626
602,-113.8671390336323
603,-127.9432484597484
604,-156.40059491521174
605,-141.22693734487882
606,-76.89070811147909
607,-107.59485000476778
608,-89.54217327956493
609,-161.5983303547227
610,-83.60120045178472
611,-156.6000920658521
612,-83.73123718338599
613,-166.9187750297471
614,-99.6139695252716
615,-92.68942877165313
616,-102.01668179165374
617,-129.36011997028427
618,-187.86748314919578
619,-95.96313881821015
620,-87.41307708749426
621,-159.12666406377758
622,-90.83142709632467
623,-108.40564002039471
624,-135.3232316953979
625,-125.36554441588102
626,-181.24512983688777
627,-133.39629507765483
628,-197.2089677710089
629,-142.80595885068195
630,-87.33488822825967
631,-147.12961340702608
632,-153.0939446600341
633,-131.48195904186494
634,-141.8293488627301
635,-103.4229271774818
636,-119.05391150172967
637,-118.69098594911272
638,-139.90753965623063
639,-115.43826608680386
640,-92.30366403438904
641,-161.5761387031755
642,-124.2243411455295
643,-84.0486575212333
644,-165.26395670963126
645,-129.7808614968468
646,-132.53161464712178
647,-104.42416444316738
648,-164.59287106684292
649,-163.25577756840988
650,-140.15105615635358
651,-183.899804149004
652,-100.94169515285985
653,-129.84557313412552
654,-113.79611142606721
655,-87.82832471698326
656,-147.6960266825736
657,-140.0766754542694
658,-172.08357904046883
659,-162.65181256968992
660,-170.35046829221235
661,-134.30620399471513
662,-120.27308160310379
663,-169.53150326785067
664,-155.80795493365397
665,-164.81866362811297
666,-152.24601493513657
667,-124.9693853721809
668,-145.5652173897177
669,-114.09162879935067
670,-118.62420085604994
671,-171.78661064567046
672,-130.53444942292208
673,-138.60626557995118
674,-115.3896614998623
675,-165.41112346135424
676,-148.64012729373812
677,-142.77350546349956
678,-143.50285785705483
679,-86.45353870643375
680,-152.95404296687846
681,-123.90412849994239
682,-169.26711761923008
683,-94.21809041393269
684,-148.86897134227974
685,-145.96697721670142
686,-140.3248827614221
687,-121.4086992290315
688,-118.56955391405239
689,-125.64560455340307
690,-176.43690654883974
691,-144.38317822623318
692,-126.22415710521746
693,-148.8269887701585
694,-221.72951574133663
695,-128.22708790680784
696,-190.79866374168586
697,-122.6779001901161
698,-110.8155180338567
699,-161.32246419801066
700,-139.13436456828185
701,-152.69917105753336
702,-163.3684132000559
703,-182.55389948652805
704,-192.5666709477837
705,-183.87416279113899
706,-123.47430717050715
707,-140.30487938780126
708,-128.74986757253117
709,-144.40734491735768
710,-214.11219428927302
711,-173.6442418961791
712,-151.79164326570051
713,-184.49879388330058
714,-182.22926291837453
715,-149.68383119186868
716,-148.20379516542025
717,-163.05681995358685
718,-156.4710805417648
719,-152.93898360287653
720,-217.37929318634656
721,-168.6470351542008
722,-139.9204306949352
723,-155.96910588666756
724,-226.7493971286753
725,-138.1498010495266
726,-160.48190962652657
727,-195.94369108444522
728,-181.4428196154867
729,-201.79994817809583
730,-141.41226170927294
731,-165.02081313092535
732,-202.47360290445764
733,-159.67726595978792
734,-123.25728871272536
735,-200.2347902438072
736,-137.20276212189677
737,-225.62696149012163
738,-86.22327906347535
739,-131.35806840598391
740,-154.366907874498
741,-167.1567561351784
742,-167.12974092617543
743,-158.78912512817516
744,-168.34220902982
745,-131.91440059458327
746,-147.9331594714377
747,-155.99827124797122
748,-148.8039183501438
749,-160.2079966350861
750,-143.2515244477035
751,-131.7475743955209
752,-230.05388163586738
753,-235.76630370497656
754,-160.37195266887667
755,-133.003629981099
756,-139.11374335030408
757,-131.68618002847091
758,-125.59912337388454
759,-177.32336816554218
760,-125.68670029584443
761,-152.04424054864398
762,-138.50735490584685
763,-123.93469771798749
764,-113.70065066844259
765,-154.65590155567855
766,-146.15952566768803
767,-158.77017669936504
768,-107.17835177545143
769,-161.42864551780983
770,-131.48146752360773
771,-127.42794780189006
772,-128.25368884073848
773,-118.58256859280836
774,-130.72328371499177
775,-126.81656489304687
776,-141.32493365358326
777,-140.0704659304491
778,-128.26272555007552
779,-109.1126320395081
780,-175.51119913423315
781,-115.43184564531714
782,-208.69491010626393
783,-99.52120124513205
784,-123.84370823100616
785,-113.17841188345928
786,-122.37448277503168
787,-116.55235992806882
788,-140.51632885697023
789,-117.46414487100446
790,-173.21781049145122
791,-139.14448343253906
792,-108.05024274257569
793,-116.00922783416895
794,-139.80460585973384
795,-116.03103582084017
796,-126.68323615352706
797,-144.984595064204
798,-107.87267623915294
799,-109.10540508960791
800,-158.5228468692535
801,-125.01423219982682
802,-116.20010881996133
803,-118.38678908021434
804,-150.35288238981735
805,-138.95952074285114
806,-137.7176044110792
807,-131.5975110146093
808,-90.06452545420815
809,-107.78315747790282
810,-98.9288903151238
811,-121.67180286749937
812,-146.61050306044152
813,-56.29518548046935
814,-122.67579273855509
815,-135.17913867388603
816,-97.96297076996565
817,-135.11817429838658
818,-140.7097686479062
819,-129.1307924843929
820,-117.00084269055192
821,-106.61819801738476
822,-105.75750027639239
823,-108.71051369111002
824,-95.63418852757643
825,-106.02833858305854
826,-103.71026723034598
827,-120.63491227743512
828,-139.5202401713414
829,-130.6672247638881
830,-77.75275872801568
831,-209.06547199279373
832,-100.04942823007303
833,-124.41678888338804
834,-122.58146814757707
835,-130.26693321015503
836,-98.8325990511232
837,-114.66321848740861
838,-164.9086229573253
839,-124.21081084593335
840,-145.76810901403758
841,-137.97173445413102
842,-122.85145147199135
843,-147.47352447531418
844,-153.52968590846692
845,-127.77310918426001
846,-119.7560999680615
847,-136.88288800094145
848,-118.91446535894163
849,-92.11602929258437
850,-99.10379142312021
851,-114.34457043712789
852,-122.72131504583571
853,-141.2389711092513
854,-101.17958347610069
855,-115.1586869359744
856,-149.8098442697214
857,-112.64688212596452
858,-85.11968999666252
859,-125.37452267581214
860,-124.73727719001424
861,-133.93032666811345
862,-79.15111176912704
863,-112.8038991729265
864,-117.7875385383455
865,-159.70113030616363
866,-149.21638630338637
867,-150.17708657659531
868,-99.11848914606584
869,-93.77074473778399
870,-144.25298176535108
871,-127.27569460463722
872,-136.676077801608
873,-148.42688405402941
874,-165.48681980501087
875,-132.27104502521135
876,-125.23865069198295
877,-143.47163187822147
878,-82.4044749494743
879,-130.01907982207487
880,-118.53280353205852
881,-89.12452298815936
882,-135.31988889661
883,-91.7861651866544
884,-96.77386699530653
885,-143.95672393995673
886,-117.83937306895346
887,-103.67121542292779
888,-99.04233684940621
889,-168.28667963148612
890,-91.40898313190912
891,-159.1784418532016
892,-117.70346854721024
893,-156.98885988588825
894,-121.97985660806972
895,-120.43087503461793
896,-60.37290012135876
897,-141.38039608307716
898,-115.30669083731811
899,-188.5456138406116
900,-125.21174088484165
901,-102.45440572729807
902,-138.75103780190318
903,-82.81427716899479
904,-119.80942663691597
905,-118.05467379729333
906,-149.74307802074486
907,-94.05995219456305
908,-120.60425987197488
909,-99.45337939750644
910,-144.5364464586192
911,-91.93004039190609
912,-124.2113433954237
913,-141.19340722717635
914,-129.00691834645934
915,-128.51870276076474
916,-119.89588803885466
917,-96.47845106703508
918,-91.31898970547176
919,-164.42288195205688
920,-116.29295986651731
921,-94.55808845741146
922,-74.09971515984589
923,-139.0820345445871
924,-117.73641317327674
925,-148.92617899742567
926,-79.18011383350962
927,-126.06041244092991
928,-109.64414853722651
929,-129.42374303802316
930,-128.71922922191865
931,-113.22179853852754
932,-78.76888477524541
933,-91.39867549680753
934,-151.4948166213923
935,-107.69855847606395
936,-101.20260629396243
937,-138.74957358620492
938,-157.66615410237623
939,-143.34048869684207
940,-107.39703401393336
941,-121.04256562002965
942,-90.95099245627544
943,-110.68158051374924
944,-84.29583966644584
945,-136.2762138102968
946,-100.30842728581838
947,-121.14386263742301
948,-76.61368495073276
949,-103.39925654129294
950,-113.04160953825915
951,-110.92106078662883
952,-127.6376358165727
953,-134.16421640011623
954,-69.88342406074315
955,-121.2754141515621
956,-120.02904773671752
957,-81.30161657640696
958,-87.10411785945541
959,-100.10506325994407
960,-135.91332331436905
961,-152.26151084750697
962,-105.22854044358536
963,-74.3163756114891
964,-73.02876008049407
965,-136.63096072210897
966,-116.8324544361325
967,-128.77816819921065
968,-98.35608015357688
969,-80.5009366337418
970,-76.40010174154521
971,-127.40619129698747
972,-103.15979536591523
973,-76.56455668085981
974,-124.65966161481157
975,-72.89110616497007
976,-150.07454430957134
977,-108.55885130849077
978,-87.70421690898873
979,-93.47840814861972
980,-114.11353529116666
981,-155.15205599353268
982,-148.6584574816719
983,-75.53412925828009
984,-69.89534693582333
985,-122.20155457660086
986,-78.4563601765174
987,-122.25113842873925
988,-132.5872419272421
989,-86.34797311016918
990,-117.67361343262084
991,-93.91525119291178
992,-67.50705910557521
993,-81.10642622210686
994,-121.22439996645
995,-131.27875000486583
996,-167.54741498850345
997,-104.27242069449518
998,-84.57542819593853
999,-152.89669296557972
1000,-136.5156663293487
1001,-132.46472535960422
1002,-109.75574655745577
1003,-117.6447955724739
1004,-72.5964478810478
1005,-84.12348843103983
1006,-80.46894943608982
1007,-91.19613217646311
1008,-79.63326898616342
1009,-145.81457474996765
1010,-120.05781196060721
1011,-88.36585110512286
1012,-120.32841533702569
1013,-145.51872571137923
1014,-112.16611908040943
1015,-109.22216536014002
1016,-120.00218270960686
1017,-80.47056293306939
1018,-94.92332579808313
1019,-95.17143201452754
1020,-105.00625557515069
1021,-103.39655967477371
1022,-68.34807607635162
1023,-111.19299793003232
1024,-150.07452699979234
1025,-135.65798820149203
1026,-116.33233013455526
1027,-87.4613896772297
1028,-90.08207968141181
1029,-159.26248182615663
1030,-143.6424128422222
1031,-128.8988731241552
1032,-132.3526443732455
1033,-125.5437320593076
1034,-86.06531159907959
1035,-86.23600402259162
1036,-75.28706939288524
1037,-156.70361211830928
1038,-136.50560323958106
1039,-135.03492116717905
1040,-103.65424209893403
1041,-131.01620168769875
1042,-135.8693287581503
1043,-78.80427757970918
1044,-103.65973457227008
1045,-146.54805374978676
1046,-138.62489390404593
1047,-57.07467683720334
1048,-156.60081512724324
1049,-132.35227841638502
1050,-150.00451015768826
1051,-80.20116566989412
1052,-123.05299599800047
1053,-165.29560661779428
1054,-77.03624105276604
1055,-145.01689440301388
1056,-68.83457679410431
1057,-105.51814807803183
1058,-153.51148535861407
1059,-53.0357305404476
1060,-56.76819962610902
1061,-125.96985826981738
1062,-60.13488704882683
1063,-126.66797845513919
1064,-139.82887507192166
1065,-103.71769872575531
1066,-100.49914097186974
1067,-69.69216365590744
1068,-115.32984073044747
1069,-99.9968069672415
1070,-160.37744725001252
1071,-91.55805913185087
1072,-71.87396342254115
1073,-102.5317205879382
1074,-115.46053554638492
1075,-133.8853005675004
1076,-100.93176942997833
1077,-104.74901257598306
1078,-103.94697663804604
1079,-87.24488024265737
1080,-87.98027583639251
1081,-68.09702249320584
1082,-132.77757755726284
1083,-54.29901629151912
1084,-91.80763236866137
1085,-107.48297310372543
1086,-152.28821376729218
1087,-120.8047262144123
1088,-93.58539574126007
1089,-109.57218640182408
1090,-79.11124814751949
1091,-118.99153491464341
1092,-138.28613856783886
1093,-102.46865050594585
1094,-45.04179136928373
1095,-101.15963376374755
1096,-107.9018217038211
1097,-94.98788004339437
1098,-151.4605551564608
1099,-84.29683696041359
1100,-105.60890492599272
1101,-149.7103884369626
1102,-144.70223253324465
1103,-73.82473570825678
1104,-128.74234123945217
1105,-73.84152213379033
1106,-133.7311166732783
1107,-82.66806889885262
1108,-59.66408764739164
1109,-124.16233307908409
1110,-114.6920469177594
1111,-75.02978762372969
1112,-156.8595069563849
1113,-148.44539694558924
1114,-41.97432482733379
1115,-71.11273567516461
1116,-74.82256043312704
1117,-77.13877169670565
1118,-59.117158806713846
1119,-102.0944621035656
1120,-115.09816191230887
1121,-73.00899097684984
1122,-122.49464562148137
1123,-75.45129283196535
1124,-31.32400245782518
1125,-145.5865149344847
1126,-148.18863742144427
1127,-136.48470662045634
1128,-159.27165996746368
1129,-114.55251170483199
1130,-58.27652620248574
1131,-122.33996398610081
1132,-20.53575867473822
1133,-91.81067541421126
1134,-90.63800065792587
1135,-121.94581338700375
1136,-145.6247232750963
1137,-114.31455026564196
1138,-122.63773210891256
1139,-128.73502683050282
1140,-126.31921391890756
1141,-153.52251478534868
1142,-142.92070823671028
1143,-124.50887437236376
1144,-119.04586800538416
1145,-87.33071006161683
1146,-90.81063400791467
1147,-137.2778510484278
1148,-111.91548956826904
1149,-113.84649320957101
1150,-118.8137463314926
1151,-111.42737781611167
1152,-49.604403413654886
1153,-21.606361342199627
1154,-124.38968172294527
1155,-73.2480868716831
1156,-68.57591776631058
1157,-26.726740954188035
1158,-120.59917435907151
1159,-43.248723268495176
1160,-101.31629824185602
1161,-129.7549423637453
1162,-108.51375358990506
1163,-139.65236428986015
1164,-113.99157707173363
1165,-90.49982070209289
1166,-75.4621150532179
1167,-97.96592590176292
1168,-74.35854286580226
1169,-71.3165679029682
1170,-70.33613679666827
1171,-109.72736598347858
1172,-149.7139782329227
1173,-63.883345123212024
1174,-77.20146464772942
1175,-91.33374285520182
1176,-72.87019878807351
1177,-82.61722550292507
1178,-139.2580975239925
1179,-128.26084132704383
1180,-80.97160687464788
1181,-134.12778889455802
1182,-136.76053269856325
1183,-73.27819639709585
1184,-86.24937508308265
1185,-72.90078296216868
1186,-112.94704533595205
1187,-108.85855570514674
1188,-60.945262337912126
1189,-84.6533064663588
1190,-114.02204706671452
1191,-108.50776620391842
1192,-129.7112408134952
1193,-130.22349595613224
1194,-97.6749771325802
1195,-55.45400206433703
1196,-150.95140406783634
1197,-141.92234520583597
1198,-78.41758001496719
1199,-98.68399327364246
1200,-116.76694105554806
1201,-69.89110433651405
1202,-61.61039504197889
1203,-140.86236841756926
1204,-158.34314505234278
1205,-104.83807061810624
1206,-102.21489157357605
1207,-103.47743767771276
1208,-92.38495740169984
1209,-98.71923511120937
1210,-152.58776881920127
1211,-118.99727660695012
1212,-82.96679812892363
1213,-69.56072454479514
1214,-83.1232552216529
1215,-89.48769997920321
1216,-81.88235186260282
1217,-91.81945477165846
1218,-126.3908685066007
1219,-142.8737554995395
1220,-125.5299864356895
1221,-97.11978400965968
1222,-135.01452895440454
1223,-111.91813067961439
1224,-117.58714684181551
1225,-75.04203768230217
1226,-82.76802325864477
1227,-127.94077894147055
1228,-140.98372255721873
1229,-119.13650868113876
1230,-82.17456791703721
1231,-155.46982532478648
1232,-126.95083781122112
1233,-75.73510222892375
1234,-152.38382803676393
1235,-68.663955775053
1236,-133.0298247036875
1237,-67.81315532776318
1238,-60.36515652673879
1239,-140.66374637591332
1240,-66.02466155392561
1241,-113.76315484336733
1242,-62.98759616360613
1243,-64.20079874509292
1244,-73.34562572466086
1245,-105.51762980718456
1246,-94.1148173818139
1247,-129.00735401042905
1248,-64.9937104843502
1249,-113.46318922591426
1250,-141.21859089805594
1251,-77.31604102726428
1252,-41.31284826719762
1253,-73.51508261070968
1254,-140.65470058433104
1255,-66.1125480529728
1256,-69.9734301518284
1257,-124.96570954930638
1258,-96.46151072094845
1259,-70.32831451030039
1260,-14.150314840775751
1261,-93.32245497891836
1262,-48.695782344200005
1263,-127.90755167445822
1264,-73.17444335941961
1265,-105.44168759054332
1266,-64.58644054933087
1267,-121.23629869696923
1268,-95.4620273561257
1269,-74.99409865459135
1270,-115.03897705334332
1271,-67.91462499022958
1272,-133.4281032454868
1273,-77.592612529858
1274,-43.67131982304061
1275,-114.83621849851433
1276,-75.27653835057995
1277,-134.2184755783532
1278,-52.16231442626463
1279,-103.35293371687385
1280,-89.10626061631326
1281,-76.83423136915529
1282,-77.86989792579038
1283,-144.11657390522512
1284,-81.50088990404834
1285,-123.77599453797764
1286,-126.12440151850559
1287,-59.415026516982685
1288,-108.7011245961261
1289,-85.46320183425834
1290,-80.56617124140803
1291,-101.74823476248277
1292,-93.04705090304451
1293,-68.76456055589794
1294,-66.34286290350076
1295,-95.96781732658029
1296,-76.20474352950096
1297,-42.99944211763504
1298,-142.64260424087314
1299,-70.87107706132895
1300,-88.0175048081616
1301,-122.74415825937808
1302,-76.68519891254392
1303,-108.71132110674873
1304,-40.07379067865424
1305,-107.81569464039424
1306,-130.24755771585623
1307,-127.543208563562
1308,-130.97225638832677
1309,-116.87979526041319
1310,-36.024807929139
1311,-141.5982453494798
1312,-100.48742692525676
1313,-94.5775862420774
1314,-62.122744512832014
1315,-61.59571067628635
1316,-128.96809272684865
1317,-69.94885144299464
1318,-67.78588827722652
1319,-108.96275313008962
1320,-88.13792931894926
1321,-42.445826778219924
1322,-76.8310797080393
1323,-88.48502703387214
1324,-44.50829510678356
1325,-97.93266281184512
1326,-48.906102957248386
1327,-89.95276394844994
1328,-119.13588105715344
1329,-131.6977375318063
1330,-70.2428443726076
1331,-128.18289349621534
1332,-107.12235533256874
1333,-76.38099281162339
1334,-137.89030267458546
1335,-59.081967637575886
1336,-44.6415626149478
1337,-112.04074717034152
1338,-92.08704510883494
1339,-47.53859157629604
1340,-115.83054734842304
1341,-128.77196365961981
1342,-78.8328636251854
1343,-57.7731111951357
1344,-111.61689095183021
1345,-123.51847396201967
1346,-63.53156075453522
1347,-75.4800367956377
1348,-56.50966895993145
1349,-69.14174388361111
1350,-127.10932262268577
1351,-85.44053508829526
1352,-110.22151233150208
1353,-102.9725716760067
1354,-86.70502166845685
1355,-217.30301894498453
1356,-85.90650430563065
1357,-116.72804960822398
1358,-109.36130008288978
1359,-135.3464345973006
1360,-123.60237333983885
1361,-54.1398203647973
1362,-99.22105664767028
1363,-62.32144946058238
1364,-129.9063964271629
1365,-74.23437103577506
1366,-52.54803423106464
1367,-69.92163410276403
1368,-62.17561157411346
1369,-159.79388087133043
1370,-63.323289842005146
1371,-79.62549444677973
1372,-102.79570730784228
1373,-58.5378019340528
1374,-93.6224856476558
1375,-66.12480109131282
1376,-145.2186601828994
1377,-111.96933432598097
1378,-71.46843175669828
1379,-59.86263208622139
1380,-100.35020268759517
1381,-124.05725978612932
1382,-93.02302847068871
1383,-59.248525095524954
1384,-58.86547250886255
1385,-80.85932770018012
1386,-72.14803933343022
1387,-157.5363093746929
1388,-143.1372818376147
1389,-64.64807797138822
1390,-63.740010532394706
1391,-58.04711799292499
1392,-108.40614497764628
1393,-118.78288382398517
1394,-95.15280897959772
1395,-78.76639314666413
1396,-64.7545048611711
1397,-122.0175643641735
1398,-86.6928202764848
1399,-39.380906018030174
1400,-76.69431588501763
1401,-101.89460607348633
1402,-101.94267343107471
1403,-53.27951477953217
1404,-39.09586251648598
1405,-128.2420824571777
1406,-104.0795718906987
1407,-171.99441697952665
1408,-77.38082979797177
1409,-62.496510133992345
1410,-100.97130851670106
1411,-47.568235302299925
1412,-122.24768740517128
1413,-61.79106339453955
1414,-51.628221853926625
1415,-137.01649414754823
1416,-39.80879915300458
1417,-109.5389498300076
1418,-107.15284077865195
1419,-89.29770830472694
1420,-115.15278153280529
1421,-72.51235396605074
1422,-76.62772649329007
1423,-134.51908740895422
1424,-52.17765495974214
1425,-125.0323414753424
1426,-64.40107740432083
1427,-119.30454656292261
1428,-79.27758311223127
1429,-97.63751990356171
1430,-47.715409617617496
1431,-69.53973501384641
1432,-91.46825825480084
1433,-85.9220839383184
1434,-227.82554496383767
1435,-85.8879466232977
1436,-75.91206466425723
1437,-86.81368759126863
1438,-114.5745237071587
1439,-126.47106127711882
1440,-59.47202042183048
1441,-65.71536946305719
1442,-42.06243341113818
1443,-36.99280806773193
1444,-80.53501231730067
1445,-64.19197092360918
1446,-80.21041520521561
1447,-77.94653775779747
1448,-99.10432096756514
1449,-57.65269019266974
1450,-61.17145677695987
1451,-61.14331188381483
1452,-100.3441056356255
1453,-80.04952309693594
1454,-74.92101718058744
1455,-67.45992175973046
1456,-36.2609196153689
1457,-96.32053532899262
1458,-60.64890827786675
1459,-80.51316972322275
1460,-99.56078126184134
1461,-98.94821915558592
1462,-66.01649328099762
1463,-92.37303288005047
1464,-40.617630594773246
1465,-63.95768981805812
1466,-102.6188593644211
1467,-44.29231233255628
1468,-52.90375315099242
1469,-110.78262232212664
1470,-78.17355925107735
1471,-107.76656422992804
1472,-96.53559247327577
1473,-52.82719581321702
1474,-54.063718673518956
1475,-92.00481907110387
1476,-65.00431650131759
1477,-54.78617318823993
1478,-70.3339511244504
1479,-91.19205773808481
1480,-91.46609191981818
1481,-89.60037697410574
1482,-127.20794791940516
1483,-108.02066222642841
1484,-45.71648923088161
1485,-92.12273831602907
1486,-120.714049599861
1487,-56.16226876830302
1488,-19.759310050913665
1489,-118.10643472628495
1490,-25.39555170707376
1491,-34.45672675404457
1492,-55.95206982031039
1493,-81.20352634202675
1494,-47.09234761846073
1495,-136.69330182566821
1496,-96.63349721972617
1497,-118.26080867421146
1498,-104.8269163389656
1499,-69.74352375993426
1500,-46.18114227721536
1501,-75.31454119862813
1502,-102.0666640765547
1503,-48.305731695835405
1504,-56.82942673410062
1505,-80.6240464124896
1506,-39.246406993408506
1507,-76.95329139598265
1508,-70.25816808383384
1509,-34.24664392030017
1510,-59.31947840554838
1511,-63.98358356125902
1512,-57.2712045319799
1513,-53.801002001084555
1514,-91.12895234259315
1515,-120.04635815760203
1516,-84.6094407581756
1517,-79.01763427810215
1518,-60.53325618694253
1519,-99.09225952185359
1520,-96.78589162939326
1521,-67.83166568626265
1522,-59.51304513135587
1523,-78.75483091397025
1524,-87.67671917061875
1525,-40.43012341203408
1526,-48.29981758972941
1527,-66.91611599667813
1528,-81.62503293566812
1529,-50.297207849588524
1530,-43.951736389129586
1531,-101.61478344712046
1532,-17.160308546296644
1533,-46.945965326321435
1534,-73.97454050225149
1535,-109.5302727565021
1536,-64.82848255700586
1537,-48.99321878867405
1538,2.8898436561233707
1539,-52.69182406400355
1540,-100.42794707823677
1541,-70.78894133416651
1542,-66.69907568345586
1543,-90.40569905423241
1544,-77.9384951342589
1545,-136.51227041263576
1546,-64.46777677999086
1547,-96.96287694123184
1548,-42.39308408514632
1549,-13.263319847659782
1550,-103.97536012034503
1551,-70.1073028113542
1552,-46.33473085684145
1553,-42.13963379916762
1554,-54.06336482439794
1555,-34.16033862407332
1556,-88.63248277177328
1557,-52.766958064435585
1558,-43.48181558496005
1559,-53.11315712049208
1560,-67.03928262499713
1561,-54.25582880300335
1562,-112.82367358845441
1563,-80.74170144374962
1564,-96.61508558522638
1565,-54.42530006521402
1566,-59.44436957627205
1567,-119.63303911056101
1568,-58.7701442639542
1569,-90.33751771985364
1570,-17.42478297343768
1571,-48.02828824579043
1572,-96.32542645314572
1573,-115.10798705262533
1574,-52.41273535203549
1575,-97.29747103362756
1576,-85.79925822969601
1577,-72.50306597357641
1578,-66.45314346900778
1579,-92.45981856584557
1580,-65.36801222902473
1581,-88.57647055322586
1582,-98.91854050971595
1583,-88.16492534619516
1584,-50.74912545556104
1585,-20.651978577248528
1586,-12.408999651700467
1587,-90.55362625665097
1588,-71.77326561328037
1589,-90.68291299704158
1590,-104.34522806162931
1591,-100.23971710290668
1592,-52.350133961965696
1593,-43.46067426697489
1594,-111.89929200135857
1595,-57.70749015740572
1596,-105.10097479360405
1597,-71.72653917694821
1598,-77.5153089558429
1599,-103.46609590859259
1600,-92.59510283101756
1601,-37.247320887869236
1602,-45.71655646946578
1603,-50.72319662782927
1604,-77.29767843513113
1605,-100.24751624142435
1606,-107.01940685118183
1607,19.76567855882063
1608,-71.8057651528401
1609,-49.921281324224324
1610,-46.31209872832248
1611,-19.167924137580325
1612,-59.81049839503202
1613,-104.75111538665173
1614,-38.22136266642012
1615,-76.53380215067605
1616,-53.556017477766154
1617,-93.28065681988814
1618,-75.03750010465548
1619,-78.89720757813464
1620,-28.253289323483553
1621,-46.217638001621985
1622,-89.64222616940526
1623,-51.57135579614764
1624,-101.10942480096851
1625,-81.3563694343436
1626,-62.42138249104546
1627,-24.644153095274195
1628,-87.55529522361996
1629,-62.271525603977125
1630,-72.45608421577872
1631,-17.169379294909135
1632,-124.6435827677152
1633,-86.7758817372709
1634,-16.240391384750012
1635,-93.75451272345573
1636,-22.270304937780796
1637,-73.02491521771846
1638,-68.05023945854074
1639,-79.32923718449022
1640,-55.885808061408106
1641,-78.07071490409164
1642,-69.88360115816893
1643,-99.83021694682381
1644,-69.36289986943183
1645,-124.74096939734967
1646,13.640468926809152
1647,-64.23515741655895
1648,-93.9707556837213
1649,-50.486029561378345
1650,-99.90213881286186
1651,-100.35216250491438
1652,-92.78735653197757
1653,-66.4889640693726
1654,-69.34809167766001
1655,-99.85085197304932
1656,-59.11631250366514
1657,-69.33207096497614
1658,-77.76921822231026
1659,-66.45735392864698
1660,-95.91448425630674
1661,-93.30641130281174
1662,-84.78332025059794
1663,-74.45488796989977
1664,-100.64822006072733
1665,-119.1337673247678
1666,-94.66175563099013
1667,-18.93667995096264
1668,-81.31126960472217
1669,-81.65710911447407
1670,-70.33897447479652
1671,-100.83153342115268
1672,-75.97981541098979
1673,-32.92981952379467
1674,-71.70401164506784
1675,-58.383548870483565
1676,-82.88078662882272
1677,-102.65510565726863
1678,-99.74247544497746
1679,-55.25690054178978
1680,-34.68187237853307
1681,-64.53365002423908
1682,-47.88935282121411
1683,-56.967195580664466
1684,-115.25415184593966
1685,-110.74612647129402
1686,-64.57693066803432
1687,-56.323258245079074
1688,-52.01425121382532
1689,-60.19022764937661
1690,-100.96853964252979
1691,21.416499241451632
1692,-72.39457383696258
1693,-82.19182385754137
1694,-87.49476725426582
1695,-76.33667733912867
1696,-29.397675159483292
1697,-48.50021966718634
1698,-58.5958084828184
1699,-96.00838822357491
1700,-66.48718962933678
1701,-64.78762710694023
1702,-67.92094758178307
1703,-56.863409765492605
1704,-35.24289282546315
1705,-88.2951783516214
1706,-70.5816443618497
1707,-85.48204156761904
1708,-80.71554561012154
1709,-35.856131904349326
1710,-61.629098299887325
1711,-80.89197165699686
1712,-36.28031933794458
1713,-132.66136087038853
1714,-104.51937305988079
1715,-36.621692452179474
1716,-53.62526519642418
1717,-93.9251239481911
1718,-54.86731185834561
1719,-103.22767828972727
1720,-85.75105462030196
1721,-57.31116293735036
1722,-46.2531498753141
1723,-62.71042543277326
1724,-68.60763564051614
1725,-95.9307020263437
1726,-52.925512614980015
1727,-99.95662594549538
1728,-100.9194737661017
1729,-84.01759898858955
1730,-113.23246366304882
1731,-58.09324118791447
1732,-95.40656263383507
1733,-78.45950069585714
1734,-59.44209312541837
1735,9.075429512660413
1736,-73.83794438293633
1737,-61.90411358413803
1738,-115.46647349792468
1739,-56.84928348746134
1740,-86.78818806305891
1741,-67.71822021318326
1742,-57.054091497725
1743,-117.15499720233335
1744,-66.35542513604562
1745,-52.509507984746946
1746,-15.345799218315095
1747,-76.88160446556319
1748,-84.450719074963
1749,-77.4533702267195
1750,-65.6757450252887
1751,-74.3588336392573
1752,-46.33029037919284
1753,-85.67360337407526
1754,-43.6587484102204
1755,-34.78371425290944
1756,-60.51159137820193
1757,-19.595809519438088
1758,-61.719004251870906
1759,-71.82108526801173
1760,-78.33173271186841
1761,-54.07231501036397
1762,-65.27723250004559
1763,159.08248690644507
1764,-53.093733876710274
1765,-19.534070830805803
1766,-16.125469815421834
1767,16.613679973062506
1768,-67.65228956514068
1769,-81.95884957052706
1770,-94.34512317972683
1771,139.22843305686774
1772,-81.18792969143563
1773,-90.39346824183096
1774,-59.37988364885528
1775,-21.18526433425221
1776,-42.94854863083553
1777,16.038483644665938
1778,-44.93124224851813
1779,-70.62208208460497
1780,-75.64345530524871
1781,-84.69293778674718
1782,-11.540431847873439
1783,-95.19597844895839
1784,-86.64047535161691
1785,-7.18467859393517
1786,-51.05740207166333
1787,-20.964316966225294
1788,5.647796232574348
1789,-94.44121427250737
1790,-67.5385662334966
1791,-63.201398410432944
1792,5.503932306583154
1793,-101.2871185565503
1794,-82.4872413157419
1795,-9.545188533537045
1796,-40.15112935116262
1797,-62.57911712814787
1798,-65.19639199966628
1799,-111.98684890934615
1800,-74.67070072615344
1801,-64.81417635258234
1802,-244.84460461247295
1803,-72.16078024166508
1804,-94.6398980078448
1805,-90.51066229572243
1806,-83.12992490095205
1807,-38.83676153193376
1808,-89.68034270019174
1809,-113.34553840265114
1810,-87.3502292731476
1811,-42.486348132303235
1812,-118.31204011991255
1813,-57.04652151478156
1814,-33.93458081516206
1815,-102.20742140209376
1816,-88.48036428370813
1817,-0.2597379020137389
1818,-95.45833883051476
1819,-63.4118088670523
1820,4.408985813645034
1821,-103.64887905297361
1822,-113.81417470365182
1823,-85.0425631751679
1824,-83.06008312755975
1825,-80.68738510979945
1826,-110.33284901373248
1827,7.8100931711089325
1828,-12.204716195821069
1829,-19.661868940556506
1830,18.321214807309932
1831,-105.63733474056097
1832,-42.28693748191078
1833,-46.07590923983285
1834,14.557510184847755
1835,-71.57931735089932
1836,-82.36557899507065
1837,-43.88347737035368
1838,-77.05038611206908
1839,-67.81692767557315
1840,-70.16391596057917
1841,-111.59359817239802
1842,-82.45215629586062
1843,-105.69967621028344
1844,-59.00675032988183
1845,-75.21140646792615
1846,-6.447500298819751
1847,-115.40970528356425
1848,-32.651178555581225
1849,-62.6544497291451
1850,-60.35246315668793
1851,-84.06816014377195
1852,-19.875978534895975
1853,-78.4903365988166
1854,1.249025266647326
1855,-10.359025097315115
1856,-24.183319979920626
1857,-38.18694118799731
1858,-31.058941286345988
1859,-22.987372188221684
1860,-80.72890065110195
1861,-64.26767794976921
1862,-70.51702646650547
1863,-107.98207826895197
1864,-18.17076260548381
1865,2.3136042227444795
1866,-59.70743289730551
1867,-53.127660503198896
1868,-67.6242063108997
1869,-37.462797310260434
1870,-32.85030770416013
1871,-12.685271066761317
1872,11.34099774137016
1873,189.63724636542443
1874,-101.20623980061626
1875,-87.59937368405731
1876,31.263359935333437
1877,-7.130184842894139
1878,27.748761745071725
1879,33.82445602498032
1880,-9.749747766772524
1881,-58.96353559627944
1882,-52.618073990921
1883,-6.2180141539719145
1884,8.563456741970457
1885,-56.43343528102138
1886,-49.36564238739943
1887,-87.51222190746111
1888,32.7484347771271
1889,-101.05811700396639
1890,22.918560291434193
1891,-81.79274966243345
1892,-41.140835089397434
1893,-17.17743130673499
1894,-8.515846336845254
1895,18.975487770932528
1896,-84.5237066138017
1897,146.2995514712264
1898,105.70491275076229
1899,-54.91609584671236
1900,160.2389672789503
1901,-0.8826526432650665
1902,-37.26982045877917
1903,46.610123513896475
1904,-77.91377734958809
1905,-77.14737765344334
1906,51.96352428535954
1907,-108.98772408384323
1908,-5.2771224117786115
1909,-99.88010487932588
1910,-28.69821102939263
1911,-30.779266347647173
1912,-0.6123833986733516
1913,-26.546591981730543
1914,-52.47128948034719
1915,-66.96620945025646
1916,25.87541380692491
1917,-60.00614814929491
1918,138.2943055849769
1919,-76.09312811886296
1920,-79.91158903934605
1921,-91.54318636957497
1922,-4.9034234438999516
1923,-30.3195965596185
1924,128.69579484070056
1925,178.0563608876592
1926,-43.03259593628317
1927,-20.27710447608498
1928,184.30182897596802
1929,-69.70876285306706
1930,-93.12759201639537
1931,173.64998619548217
1932,-77.36399991007417
1933,148.88272061015536
1934,181.42200125227478
1935,-68.71215899568696
1936,-170.31392132045124
1937,79.55305417537524
1938,-57.80312831891496
1939,-48.63965810846081
1940,249.45470996369986
1941,171.46211727558088
1942,-1.0500144242753748
1943,-54.857044982417676
1944,-94.04397495247007
1945,162.24450377448173
1946,229.47274617154923
1947,-38.7318258130464
1948,-44.02014262972131
1949,-39.53545913934282
1950,-15.6882444007062
1951,-19.259826215772797
1952,-91.4518323373083
1953,1.631483254785361
1954,-50.025763807328275
1955,35.07977310196205
1956,6.474273064299902
1957,255.84337406593005
1958,-9.995527713046403
1959,-5.672733729884279
1960,189.3681687350393
1961,-46.34647398775965
1962,-44.498502848847615
1963,17.618945482592764
1964,33.89207102630539
1965,173.34564745581207
1966,-16.329893249613228
1967,163.98089263978824
1968,160.94496964231163
1969,-24.822056182064767
1970,-2.0438108378200246
1971,-11.269894752159576
1972,-86.00905883741171
1973,-55.10777755145911
1974,151.68730481607173
1975,-19.38111456001742
1976,177.8550597234339
1977,-58.67016610758634
1978,-11.845654328848156
1979,159.72304586903695
1980,-7.496294877536102
1981,-58.14381803163846
1982,57.77659779506803
1983,180.9014568130492
1984,194.8717922106099
1985,-85.72500090368264
1986,-17.62488798541839
1987,-77.30694183074114
1988,-34.51552619053985
1989,144.71439814015133
1990,-19.375661541810175
1991,9.96715825154898
1992,-77.55154653303512
1993,-20.851257617448905
1994,-80.74262704974987
1995,213.26229900505592
1996,-66.61460203283944
1997,-25.978241649059438
1998,177.31197398539177
