0,-95.36744669987077
1,-106.53963644383767
2,-97.67267237734474
3,-247.5348538484019
4,-52.22903738010727
5,-185.79650932741578
6,-98.42223114197978
7,-60.18503158697762
8,-90.97793036591302
9,-105.37862698411148
10,-47.82262686089918
11,-151.49859273806248
12,-61.180999632704825
13,-317.4353917235235
14,-203.1884752497561
15,-107.3868770782101
16,-169.88294674734172
17,-86.42178311625385
18,-153.4867505155944
19,-78.42253870285361
20,-364.7272705402976
21,-134.8210261155493
22,41.27373729723868
23,-83.0081535892643
24,-197.17200249011876
25,-68.38557272706171
26,-466.946275836615
27,-95.09044339807289
28,-414.30736663350797
29,-28.309091207912857
30,-212.6690194424884
31,-197.55792699123117
32,-336.58363980823117
33,-66.86442759379143
34,-217.7383559945913
35,-60.065668854949735
36,-116.90403015139626
37,-226.13474388601253
38,-111.17792390528653
39,-182.31571453183147
40,-105.95249071549053
41,-210.56164831011773
42,-147.56235638282965
43,-7.571643556137644
44,-64.41787140215959
45,-192.70905260579514
46,-138.5384385196382
47,-196.88498109874598
48,-211.96578142739838
49,-87.3352280132611
50,-161.4960795319957
51,-152.96660313760532
52,-161.16357590088558
53,-126.2242247571017
54,-149.4434578473523
55,-147.51222592406717
56,-125.62379489484304
57,-104.93992817171049
58,51.344767393177136
59,-95.2874865477887
60,-13.744959032516096
61,-74.2490672029447
62,-4.5822447829106006
63,-222.52538552296932
64,-70.65943716085593
65,-8.715526370214704
66,62.669145911051814
67,-178.14916171994315
68,-45.58426810651616
69,-8.234897187435504
70,-227.58259353053603
71,-26.434839377480472
72,-71.05129264447034
73,-50.26128043758537
74,-76.40879642633767
75,-157.9813281450257
76,-129.9616290634274
77,-73.80165103560967
78,-51.37490253851369
79,-94.8482383365982
80,-79.954084391375
81,-20.0630890599433
82,-64.12882820912534
83,-78.8559139866055
84,-83.03817653285263
85,-76.66080574749766
86,-38.9670787531399
87,-87.4051186153461
88,-78.86863622525011
89,-87.5567947472525
90,-35.80531771358687
91,-41.0078169955748
92,-46.138648454679846
93,-58.34147635335339
94,-29.991766310920042
95,-42.266463573181866
96,-46.419297189977236
97,-37.96956949773451
98,-92.4597760618359
99,-65.04084983309966
100,-57.479975116328916
101,-87.97963514400277
102,-57.628569318637105
103,-307.84578209780324
104,-77.30332644529602
105,-14.816029344164521
106,-61.82723162930195
107,-57.35131566534246
108,-6.560206357310614
109,-18.350746914904736
110,-40.739061336292
111,-56.191630928847374
112,-26.25595173325484
113,-53.2383480437103
114,-30.939344798139327
115,-168.79045535349775
116,-20.714185939164437
117,-25.901948938486488
118,-39.40278112294562
119,1.6194583395802515
120,-80.284279036323
121,-47.16362125041081
122,7.786324005600258
123,-44.354644601096304
124,-25.38700553780258
125,26.964367530896908
126,-42.211190128724496
127,-28.836336083279626
128,-17.96423598732176
129,-35.45620100131257
130,-16.818265102686052
131,-132.52542097324607
132,-25.48225591661883
133,-58.070102723484794
134,-70.15396068103897
135,-79.44521700928031
136,-28.63997329111492
137,-61.77084855741777
138,-17.726597070689735
139,-16.486404975858292
140,-12.358354108454755
141,-63.22704421399913
142,-22.07915187429528
143,7.879052187486399
144,-56.76219905472095
145,3.6397173800309135
146,-38.65789351651798
147,-64.63552811806247
148,-22.041674250522316
149,-67.54328490755843
150,1.02447117188065
151,-79.76842393016445
152,-55.73006628191718
153,-30.384805262625825
154,-60.82575041741758
155,-25.941688267181554
156,-31.75791199042811
157,-42.10203254003417
158,-36.79356096325712
159,-75.07578951567359
160,-78.19946375655215
161,-35.234369635425104
162,-25.414298335318428
163,-20.073297162198486
164,-44.71106088547684
165,-75.93747324992194
166,-50.08909709829811
167,-7.130014257033445
168,-32.9977769778534
169,-14.81190511395018
170,-0.8762928901729017
171,-18.462483094974207
172,-56.80379214599343
173,-22.654865137576664
174,-56.4431527850426
175,17.55408032794006
176,-45.78101324630063
177,-68.00600475764406
178,-38.28873856833651
179,-137.71531827216467
180,-52.968172138803794
181,-7.052467164908424
182,-19.09810468685019
183,-109.60997902006874
184,-22.815510291936327
185,-194.02054112890545
186,-44.170244819195204
187,-73.40530755486179
188,-15.309014952529996
189,-53.33511729170462
190,-67.77620643502736
191,-10.613104301610123
192,-24.411541422466176
193,-27.018557846293707
194,-34.88653073006573
195,-29.19989945935804
196,-10.550128052568207
197,-15.800995576240162
198,9.977135317925251
199,-58.48246140933071
200,-28.90486134067874
201,-62.07773854830318
202,-62.44908583152692
203,7.114516381351081
204,-42.679701871416846
205,-5.526901959346606
206,-21.463781233048962
207,-48.38242398014412
208,-7.4070328181576865
209,-18.301605000703926
210,6.965390954113965
211,-26.6233088051473
212,-36.03754400603205
213,-0.18577582476844934
214,-13.730799197745775
215,-65.35564416963935
216,-136.00376448657977
217,-13.217446285888606
218,-36.15917946322335
219,-73.94074813789427
220,1.6460151054109529
221,-18.373510811671935
222,-37.00149032370906
223,-36.49931086426715
224,-58.53859767588965
225,-28.98027356724795
226,-57.38093308257107
227,-156.8411956157671
228,-139.43876657893406
229,-37.014710424197595
230,-46.96256394681176
231,-78.6830910243044
232,21.062526594824952
233,-29.491817465128527
234,-17.730989025721907
235,8.742462306420776
236,-14.012500174669677
237,-42.11529707768339
238,-24.40431565863889
239,-9.175848554596113
240,-14.126860362781319
241,-52.84512428324707
242,-74.62797980474377
243,-47.44584952123694
244,-7.550555200044955
245,-46.89759486969529
246,9.122715442799914
247,-58.68695935705161
248,-75.61975161697697
249,-57.32189083243552
250,-60.86688759916779
251,3.4193878998168845
252,-14.823506785766867
253,-46.14793515395555
254,3.9256467039363407
255,-34.178495099736466
256,-67.34994663206105
257,-75.81068777897464
258,-48.893475125590896
259,-48.006521741820464
260,-42.20619694934715
261,-19.21160823180393
262,-25.306396737718966
263,-69.43157729065359
264,-47.60224363653294
265,-40.76459038564585
266,-14.854133809066806
267,-95.81294235206967
268,-39.48647971909419
269,-88.78151438336998
270,-35.69298789437735
271,-176.58186978603158
272,-2.092730779464751
273,-38.811342311418876
274,-64.99678591969705
275,-36.27147002369202
276,-53.12056320590267
277,-14.711191108929349
278,-11.557329452067961
279,-52.00764313669406
280,-23.804398109467577
281,-53.79318809754736
282,-45.40741514395618
283,-31.47624716506024
284,-26.10927154522812
285,-23.260312200371327
286,-55.18207563995583
287,-30.503001699370778
288,-33.983950695154526
289,-8.510082456520976
290,-17.807816954643553
291,-14.849927975290264
292,-58.224188627351346
293,-11.274215747599106
294,-0.9974922281092651
295,9.522579406467933
296,-16.13526326187031
297,-36.07266475024059
298,-59.81874990195964
299,-65.96483422719257
300,-61.25025327794401
301,-26.83689849550941
302,-34.70795027957364
303,-30.52297994094881
304,-6.323193328222759
305,-29.157248090107107
306,-12.657240109379803
307,-43.82695051648306
308,-63.6913971808428
309,-16.737932693658404
310,4.488840079764628
311,-61.02947255312478
312,-44.52318956332435
313,-45.990343655477794
314,-11.045128634870744
315,-11.352941754268233
316,-31.518736915826487
317,-41.9341863286442
318,-46.88345163911454
319,6.133462905250743
320,-49.099757609497516
321,-9.932830800537634
322,-21.423425217589728
323,-38.687849900673385
324,-35.17895361615835
325,-3.155265042565408
326,-25.923406267359965
327,-17.857218592462523
328,-26.60246108826089
329,-28.151421786811536
330,-0.20064355653155275
331,-29.006804136982527
332,-6.525671876812615
333,13.716494540198383
334,3.8530246484655004
335,-13.80947913112991
336,-35.749066308654626
337,-58.47718097017598
338,-25.03761042399314
339,-24.581233328277218
340,-10.53151007761196
341,-39.02533357059878
342,1.1175730859126445
343,-40.28976898087675
344,-40.01058598797513
345,8.270226099884667
346,-52.126127472533014
347,-31.20987026244375
348,-22.16904335958449
349,11.507092393532853
350,-14.230458845822174
351,-0.5344904312307777
352,-39.150521454801805
353,-42.49923189334741
354,-41.14725379412452
355,-44.22382818838551
356,-62.98645191718195
357,-15.328258176901102
358,-51.33532250684724
359,-48.59106476294837
360,-96.74481407930439
361,-35.43982331573197
362,-29.975303275557998
363,-45.64916803165067
364,-50.371837488380606
365,-14.310802616239986
366,-37.91142885682405
367,-83.65057547550093
368,-105.91012336725142
369,-69.70993505476766
370,3.7471188604021473
371,-98.52285409618202
372,-73.28463884987028
373,-86.25430961208919
374,13.433174098376588
375,-91.34644967406675
376,-65.61447897111528
377,-45.04198990118438
378,-82.20475405920718
379,-1.5646371634347365
380,-23.146135406748396
381,-16.230712861609284
382,-80.49443665510117
383,-38.22222517577612
384,20.537814423883106
385,-19.38469758543779
386,-10.061936698774163
387,8.302283842758422
388,-112.91354693294498
389,-18.38385159433782
390,-15.046631350048536
391,-87.30091516404389
392,-65.52974019646715
393,-89.86753440625418
394,0.052417892682360634
395,-87.62594104855391
396,-182.8987783072609
397,-24.75756917977345
398,-15.384945482523886
399,-76.19185733675567
400,15.932266664226038
401,8.884427404832469
402,-135.91106824870806
403,-56.32047083719048
404,-30.244875006592252
405,-79.27637175026344
406,-30.35700704159492
407,-5.149679555111225
408,-56.48591002686058
409,-315.5125069174925
410,-93.31005464537407
411,-94.75265378586322
412,-59.97722391126829
413,-4.605575911855201
414,10.207289309030394
415,17.178017708030893
416,156.1681367883142
417,-115.95462214399177
418,-115.30345538271294
419,-125.96310723664223
420,14.561494455446462
421,-30.50896940942044
422,16.099115312872975
423,-20.636943681796954
424,-15.495694305213405
425,-34.65574837250415
426,-47.27653037189038
427,-29.296065543492936
428,4.077976155225952
429,-51.89977955641104
430,-24.58702914660217
431,-10.010929363346909
432,-59.37158486238939
433,23.292682395388898
434,-15.647854806178845
435,0.3639676318879932
436,-146.34979091980944
437,2.4419988687033385
438,-29.689900823854277
439,-19.39167325151911
440,-19.788294712895365
441,6.883891728206863
442,0.7284261584577267
443,-34.619893489867735
444,-9.509999405172
445,-19.077514361141933
446,-51.987226696784695
447,2.122800933585662
448,-7.4816951082166305
449,-7.493093965290902
450,-42.78834430253915
451,-14.775092982367266
452,-6.680188396531762
453,-29.788093255958714
454,-8.960578657264492
455,-62.527206102370755
456,-40.87461859448546
457,-5.3592570009274105
458,-15.659961705826408
459,15.754059128295541
460,-34.40897833607797
461,-61.69074894487627
462,-17.303197267113543
463,-12.566189967350345
464,-8.843247084627073
465,-36.12322030228245
466,-29.279129207381047
467,-20.548845931789288
468,2.831603088129352
469,-50.033002118274425
470,-48.93764742832556
471,4.032825266680843
472,5.961544567811493
473,-10.04142175793071
474,-31.133113949511777
475,-17.466741941640443
476,-27.622847363522173
477,-6.045584887046291
478,-50.64410462037361
479,-7.084394005716578
480,-27.356672147540156
481,-12.047098363128562
482,-22.76111449100815
483,-34.99869581647655
484,-33.68360434192231
485,197.25611258607944
486,-106.1937782114752
487,1.8715130521668435
488,-54.73449717908614
489,-69.41026193591556
490,18.621584418008233
491,12.679909264079823
492,-10.628894514344916
493,-1.9687942854433136
494,-15.343313720318037
495,-56.78687160000258
496,-29.0950141364164
497,-10.001635036741925
498,-34.362743243539626
499,-16.564563622267933
500,2.1376758312546134
501,-3.1611904876992805
502,16.967529049462666
503,23.03219568479572
504,-30.226872974233704
505,-29.31603020524106
506,-19.642503029388305
507,-30.128685835014057
508,-7.362731463545951
509,127.14343027504745
510,-213.10113006728687
511,-7.484638919880737
512,-173.13597809837916
513,3.2509806412277458
514,134.75611667679757
515,-10.757335549461354
516,-2.301840209484565
517,-14.69899832354761
518,-132.87135821643548
519,-12.825396518666977
520,-21.987736884622308
521,-106.89219137763038
522,-136.5741751909165
523,-63.36959345661516
524,-112.33705442971875
525,-53.053630220361825
526,-1.7466144326090354
527,-30.4617881632645
528,-66.08923470494834
529,-7.818952382666487
530,-19.496172924194543
531,48.51614289484783
532,-11.404142386095357
533,-12.344567162074508
534,-28.52219893828094
535,-19.88247803313517
536,47.955181045952635
537,-29.599071890373846
538,15.194391683961728
539,-0.9677795378909853
540,-4.466903047427204
541,-8.666143751647807
542,-35.339282997457616
543,-4.289574303067129
544,-6.844286936411771
545,-78.66630400799795
546,-1.4831914908072596
547,13.689977638306816
548,-39.90892782561354
549,-42.66669862567234
550,-17.696194300390022
551,-54.19883072548801
552,-29.982193677989514
553,7.13171842601455
554,-44.006564240428396
555,-74.17830453990854
556,-7.845859874969429
557,-89.6789822554554
558,-26.311650842612735
559,103.60477967332861
560,-70.90042875405106
561,-22.66585628937725
562,-85.44691295380873
563,32.06181269512499
564,-98.12429814700936
565,10.292072417353792
566,7.580703484427587
567,23.205415658038394
568,-18.467582939931038
569,-29.93474063166226
570,1.0597642988050404
571,5.492889776077522
572,10.283791968286037
573,258.2719341001489
574,-78.92501169659518
575,-23.702455369990194
576,-15.060927133153012
577,-85.80965712158925
578,-36.90865709512588
579,-34.045384372940234
580,-76.17007243421538
581,190.38163960841536
582,179.64422168861984
583,19.289347024368784
584,-2.609889322693185
585,2.2312105295797
586,-10.287192054138293
587,-38.5052085223831
588,206.676184838379
589,227.19466356896905
590,17.80776456655641
591,-41.34922268460525
592,-32.4436046462726
593,20.998680173581477
594,-91.13484287875289
595,-0.3190281477083614
596,-53.7833633080358
597,-66.91231264235631
598,12.916154208834703
599,70.38496035922051
600,145.81850346618884
601,-87.31200095457156
602,159.97484529694088
603,-6.89011808361362
604,-55.8027893138476
605,-63.530244866583615
606,-32.94612264627117
607,183.83534336821327
608,145.02769108253932
609,202.94757340786788
610,-19.90038096740598
611,23.452313463010846
612,171.5616540564161
613,-1.2822795470247652
614,-32.35553738625015
615,219.8229771850444
616,-7.474251945608796
617,171.39693542748577
618,-45.00457956318957
619,225.13739031258984
620,169.29534047658694
621,-57.07216578537969
622,-30.215820378176414
623,-66.83816198131734
624,-76.33872370539744
625,16.51589005537415
626,-46.172371555464146
627,219.130052741496
628,-28.958237499085243
629,207.43883743911195
630,193.28657229172353
631,-7.631449654608676
632,218.93477955396747
633,241.2619646485043
634,178.1880008507838
635,177.92166848703968
636,163.0554674390312
637,258.33503430525275
638,240.54000121994181
639,-3.0963003305608034
640,211.69746961288774
641,150.22424851319653
642,255.0011510266633
643,197.04332536154453
644,-55.7093102962388
645,166.78359291232715
646,-2.038404752508248
647,244.22207600328977
648,36.24475421670723
649,248.03952600994788
650,218.45699307858922
651,147.5278067289315
652,219.57363434513044
653,-16.943625517547225
654,12.574304091998759
655,229.06946127407252
656,192.53561342199197
657,-22.127565661194808
658,251.27565397952458
659,173.07017334298763
660,166.68891395400144
661,200.36658433407166
662,-44.27097028566603
663,177.50625632110996
664,233.53463975603887
665,95.79205062077631
666,-31.98960445993712
667,187.61195152972118
668,237.2634996187733
669,251.8484691594979
670,-32.90417892790595
671,162.1416914433209
672,230.93097496705673
673,237.73509903471495
674,180.41223461261114
675,224.08502691649363
676,238.6337276197045
677,174.0275320926782
678,176.9597947224958
679,192.40717121544628
680,-85.82887500053735
681,236.91771384192737
682,239.14764087768515
683,130.02198467939633
684,154.8723607411673
685,248.44645538134432
686,190.4525404211454
687,-31.451149731960594
688,183.21768231254686
689,246.7830649371793
690,256.8562662423555
691,248.82268533223768
692,-46.467620285576906
693,198.7000840140076
694,223.57460091813252
695,5.804558166793951
696,205.3567971689833
697,72.67779290870952
698,94.28500776867725
699,149.9228935146851
700,251.2070913834584
701,158.3050613789503
702,-15.99157619610638
703,250.1857083038942
704,71.33285641611921
705,-51.998260355613425
706,-53.899852638192655
707,242.34167074866954
708,177.19572361157833
709,229.80520007200136
710,-53.24084446158241
711,-7.985412272729881
712,199.39340126733254
713,275.116812616304
714,-10.376250088743344
715,242.2603398279697
716,-52.45158084900714
717,101.16775077425788
718,205.39452830192124
719,207.81307309489634
720,5.268095820066628
721,-7.994863284551425
722,244.95966596782455
723,219.33606440651627
724,186.1446371607121
725,192.14941930401233
726,227.19241981480772
727,171.7352883998982
728,-52.813686432546845
729,163.79950519132743
730,174.31003852625216
731,282.3263944795516
732,239.51588338103974
733,141.36207879484607
734,206.43512551416813
735,265.89744968693293
736,122.96881396473015
737,163.83400741514583
738,241.11331625407107
739,-7.559552209065582
740,241.8575046244602
741,194.78694965093226
742,202.68079278751512
743,205.84132704506882
744,194.10315195987405
745,85.17538599784088
746,210.2843529806247
747,270.19323521635647
748,163.6493755062974
749,186.35983294879904
750,208.91259791481295
751,184.20534226891314
752,235.098976116119
753,187.20149753299143
754,203.27818140779613
755,238.8852640244674
756,238.99161702084135
757,-28.8573918243221
758,204.8606375403512
759,-24.58675792744908
760,-53.28524583453556
761,-6.8352573044979295
762,237.12203873175744
763,-22.295549338761532
764,-32.91618602834193
765,247.6449434767112
766,-51.12458404476099
767,203.79697489383156
768,284.2354668634406
769,190.03907599982116
770,-28.565578714857963
771,269.61158631180115
772,193.85514428343595
773,-53.48558447425823
774,254.0700917034575
775,275.3366758673228
776,-79.81007576919684
777,269.4868243880692
778,250.89399751571355
779,162.40794119030463
780,213.0362592292206
781,233.16491766037973
782,174.68093195494737
783,195.8172709316774
784,172.64965195738733
785,265.74107180297074
786,257.2836341002087
787,84.66623765616599
788,199.21007211034802
789,234.53116113597076
790,227.48793259410223
791,190.13449127112295
792,120.90482167743716
793,155.94860415515544
794,227.86162203310252
795,157.41720030033824
796,248.93291139080137
797,223.45979790493425
798,225.6147223738043
799,-46.739333523577656
800,161.73798854621919
801,198.58859422514166
802,255.16691425599458
803,262.419195392147
804,-15.112183762030732
805,181.74526523678534
806,165.15216768072912
807,246.9555581824423
808,-100.83230102007035
809,140.82353518922028
810,235.78011011938275
811,79.34391848286042
812,269.1851235896671
813,-25.255321291225584
814,239.60134819889336
815,257.9480546377863
816,189.0238972552204
817,269.1985152233335
818,131.54806757753377
819,149.7894481916996
820,120.52311433983512
821,257.65508131188017
822,223.56923740236576
823,295.689922103293
824,178.84350337586488
825,188.24962282834048
826,219.4061363182516
827,198.6920055130938
828,-23.25733186738583
829,232.76684288555163
830,167.70551453587788
831,178.8801187096656
832,190.06247108505
833,248.31351844661356
834,194.4067390333914
835,188.34092091025275
836,268.68411666403586
837,238.63529115888264
838,238.76265477736547
839,204.1243436309254
840,215.08812657158717
841,233.82404351233095
842,21.921280490988373
843,253.15410533766908
844,237.21594814407845
845,214.05815209133954
846,-106.64281731024758
847,223.04219847686952
848,24.277956267997155
849,159.43368434041122
850,170.4518201608011
851,207.2158932089676
852,256.7684769002147
853,209.5726566656177
854,178.1171171316044
855,197.7859451556078
856,174.95138664474686
857,190.48684367361335
858,176.44870473199245
859,89.94736350454889
860,203.6140765740351
861,-126.73906090967411
862,182.51234544697786
863,-30.769552547798412
864,185.72312788787383
865,219.44679717032434
866,169.92278248500574
867,194.4219908208206
868,232.8877035061065
869,156.06055427745085
870,147.35170332174476
871,171.13842360902862
872,186.15056138819384
873,239.00485427203478
874,229.35902369875447
875,271.65083704362723
876,260.40680073635315
877,261.843193196946
878,247.00390922607644
879,229.44022422096097
880,169.8112051823457
881,214.20973657180542
882,280.41288027236715
883,167.47504486897867
884,231.4580898458232
885,213.1042176401084
886,291.220683321607
887,214.60103296236406
888,189.11892114159028
889,243.21814158498347
890,270.06387034392947
891,227.28398774498135
892,226.6180332296002
893,159.99599433241477
894,188.49601709416402
895,223.45311682238855
896,-36.04678911969184
897,182.1095497803929
898,184.8395663846286
899,246.6386111749409
900,192.12355311688412
901,258.2096469958317
902,227.07708889140636
903,144.72736592749095
904,254.7101439547461
905,213.9954854605026
906,213.79937864972942
907,222.06768123975112
908,225.52399783753873
909,233.5374273080166
910,262.6183702701451
911,191.70276362445253
912,181.89790273632167
913,217.36081311955328
914,211.4402875801593
915,176.9615137977451
916,243.6923059663886
917,230.6516744691797
918,275.43981010452575
919,231.86208789098768
920,279.38270957655646
921,256.5834849246297
922,223.07585604280865
923,263.90319467293864
924,233.29793420583675
925,306.12431762063864
926,220.5337359958189
927,220.64589098680574
928,218.89961861524938
929,210.873844929151
930,274.5344020863291
931,202.56681769248274
932,194.53490309886558
933,282.72787650838507
934,254.81106853294156
935,203.17877862369122
936,238.97888428001696
937,116.7655887373936
938,187.75589163949812
939,281.81121174642885
940,245.46563883755775
941,281.21458671845096
942,-15.255736055641663
943,263.6285724361247
944,254.08053563447487
945,242.0951445723493
946,270.1253266392081
947,215.2487776151563
948,304.9908325626709
949,214.4284457222709
950,257.3712280720773
951,261.2137338964317
952,244.7745147590926
953,198.5132316492874
954,213.5362667604614
955,192.7196776075886
956,218.22292854458993
957,190.13647765194102
958,174.67834527781065
959,294.9249985523063
960,192.73449643336625
961,216.1008632035577
962,8.31202150476696
963,202.04873406947152
964,255.97304496699024
965,238.69249099609507
966,248.92719852549686
967,235.2571298797948
968,260.4959075252392
969,239.13084952336985
