0,-170.31449109149963
1,-244.3652790937265
2,-149.94984883622072
3,-319.36895939512107
4,-201.9305235417566
5,-179.39086267934024
6,-514.2274395918631
7,-127.65565553912998
8,-293.4506528956758
9,-243.46355775756552
10,-291.2807409080996
11,-377.25999613509873
12,-249.18729443638054
13,-181.04991466414532
14,-53.10420221582826
15,-176.56644834733157
16,-86.40916367836093
17,-195.25921409754574
18,-73.38367667766167
19,-81.7209836718341
20,-328.9993526880695
21,-229.02606407150066
22,-317.11881083675587
23,-91.47686385965693
24,-73.2367191651786
25,-438.9450067701024
26,-142.4410780432914
27,-270.6655424173548
28,-184.62930297968933
29,-112.67235126822442
30,-115.80767379506263
31,-283.4504986690357
32,-268.0749938046065
33,-245.36536571296602
34,-402.550410163753
35,-174.2335021523068
36,-329.39475866947134
37,-399.3223909312902
38,-212.9683932694873
39,-130.43387853147325
40,-196.8196329415161
41,-221.31115642406235
42,-262.4531519845723
43,-140.75626007408607
44,-59.89333477345669
45,-49.24209005672304
46,-218.63268521221642
47,-297.2577525286874
48,-297.38439163220096
49,-229.99228480209345
50,-199.87369154988306
51,-117.35377184890854
52,-276.6682639098375
53,-209.60059288014924
54,-41.732609193781656
55,-146.68819353594904
56,-203.7702619240644
57,-212.87437153732174
58,-48.7036021769338
59,-98.8317731763853
60,-185.607290669886
61,-83.38831871727287
62,-126.45240146179997
63,-174.29598082770107
64,-64.53948718578613
65,-179.81944545945106
66,-124.58438065455408
67,-215.502648084034
68,-64.57362163534597
69,-62.884503841239635
70,-200.78982780433617
71,-78.92737550088688
72,-125.51835425895291
73,-98.55484255053108
74,-101.82642943398238
75,-163.98568828065163
76,-124.62194507628399
77,-142.0087763491581
78,-44.26780086268705
79,-226.14503381969763
80,-133.61931308484566
81,-81.98010930869675
82,-193.9250114903021
83,-135.25793684371817
84,-178.08836247991135
85,-77.50093557790937
86,0.2054997331637196
87,-59.54879606544194
88,-62.75709408684229
89,-113.62842698386338
90,-122.57642152741721
91,-93.78790905316104
92,-104.34963173122834
93,-113.81285651690352
94,-103.66573981591253
95,-42.58008470851515
96,-91.02240999139141
97,-110.94517261664424
98,-108.17933598060014
99,-68.66381271787263
100,-141.82790722596718
101,-119.28984001839531
102,-77.92898254046047
103,-76.11985373409942
104,-82.86897748199938
105,-106.55491908329137
106,-164.06851533888107
107,-207.83426390106598
108,-95.63845011177499
109,-101.72886133312112
110,-88.23594086225697
111,-119.2674580027836
112,-122.53475940581356
113,-217.05357091979448
114,-370.75130739447144
115,-86.30461856534869
116,-342.13769799212713
117,-88.34473491397726
118,-106.20923665748471
119,-79.10158969385343
120,-339.2253114877386
121,-95.72755513235647
122,-114.04200558580551
123,-244.4005106123219
124,-99.22354149940608
125,22.69577769508284
126,-124.75656922452748
127,-54.70577990861149
128,-96.72448811036283
129,-276.1773095788901
130,-119.71413990697896
131,-40.67825954505486
132,-82.71983832187942
133,-85.74366946946752
134,-172.78954957548598
135,-144.29968039516024
136,-64.7195308845042
137,-88.92804908609673
138,-81.7582693672872
139,-113.29540280315784
140,-75.39375710849973
141,-95.48585635029356
142,-28.257470898778646
143,-90.23469393398257
144,-153.43929010257256
145,18.774938262479495
146,-93.20421542372391
147,-46.2343070591412
148,-337.70205321081664
149,-49.570706695493165
150,-125.85070440760127
151,-56.07697920250747
152,-76.31851175700255
153,-81.82621416116774
154,-55.11995276056133
155,-224.40045332785814
156,-177.68939082138309
157,-107.007140608452
158,-429.038245000411
159,-308.3436031046459
160,-142.91851948679272
161,-107.75357514429669
162,-141.0227642832427
163,-62.50258853242049
164,-108.88783263055893
165,-78.03967712980206
166,-126.10510686891175
167,-242.8409879120873
168,-63.57573366051331
169,-35.64466439345221
170,-77.49738670825167
171,-50.17407408337772
172,-226.1324604420593
173,-26.060640421544917
174,-89.01380698532488
175,-153.86517760568313
176,-135.39884899122202
177,-185.0159346426961
178,-107.90536337351405
179,-102.06698193699104
180,-75.92382112315043
181,-87.587559199338
182,-250.91601698690783
183,-141.9902158203775
184,-351.1702548110843
185,-194.53780406964287
186,-239.0629967557536
187,-229.8341759111562
188,-259.3042441033641
189,-74.35984554383347
190,-61.21849211781994
191,-435.1461716116801
192,-63.95522887839697
193,-61.641175954817484
194,-54.72612514769964
195,-30.584432951223967
196,-285.6371350041734
197,-57.47148200916979
198,-307.592770282208
199,-66.56830373781277
200,195.48175138463984
201,-250.95043546519054
202,-70.23334953189323
203,-29.731053621824582
204,-75.3221369322851
205,-66.66366579253531
206,-184.42512775551592
207,-87.80239222961131
208,-46.158623672515176
209,-183.98634623629317
210,-58.42203860694121
211,-97.73482976672787
212,-102.84897039289064
213,-83.92249257038841
214,-62.845385311959745
215,-35.98643818478779
216,-92.63645432662958
217,-251.83304528589184
218,-40.0668657991674
219,-71.17692395872892
220,-105.01797704317163
221,-250.09363572985987
222,-107.97279110244972
223,-50.10524037038157
224,-72.48825508276468
225,-251.54572217151525
226,-57.794081396322454
227,-77.2367294421989
228,-39.13306647025074
229,-44.67545782094817
230,-275.1617861212574
231,-26.948905055499708
232,-8.787453273371355
233,-24.521252858198192
234,-60.61561122614023
235,-55.64903508822894
236,-62.91506001217913
237,-37.077495859397274
238,193.87105875163283
239,-67.3057326369591
240,-42.042668140550866
241,-81.96513991989602
242,-101.5830025045966
243,-80.89364535484494
244,-70.403533965429
245,-69.01527866773314
246,-35.46460884388938
247,-29.760720914486424
248,-27.841930057463173
249,-198.1925960402649
250,-72.55346336685763
251,-50.57273776557626
252,-58.68242871582266
253,-69.75674511018309
254,-15.483452383123115
255,-31.673989762712623
256,-67.74061610013186
257,-71.61741257896831
258,-19.879972340927292
259,-72.72269232298092
260,-11.165002627299684
261,-22.991957572993776
262,-65.18588769146471
263,-114.93262305820087
264,-51.831565559484126
265,-15.533158451712112
266,-11.710655426176322
267,-44.64374916263049
268,-65.93927273868525
269,-62.09777834501043
270,-39.92581053659079
271,-41.68489991588504
272,-50.7463060990027
273,-61.858295734800706
274,-49.68473003228222
275,-46.65170342106477
276,3.569033299328945
277,-35.58906451693341
278,-15.856150742162434
279,-41.0399064229368
280,-18.26562832472413
281,-12.864938040901599
282,-29.001453544033993
283,-23.9168493077923
284,-14.923071811394394
285,-23.278056225655792
286,-40.90808579578451
287,-46.298919097240145
288,-55.706466080227365
289,-44.853460796028045
290,-39.879297533286845
291,-0.1074295122711022
292,17.26306809437461
293,13.299021767483584
294,-9.83375070610061
295,-28.907663836867247
296,-23.494221288455105
297,-22.51758190015196
298,-30.260862928000932
299,16.033556151508513
300,-37.68748162205532
301,-71.14425526579883
302,-34.406009265756715
303,-31.053536853325173
304,-25.56638461331234
305,-50.838088024394565
306,-65.59120380382095
307,212.15716786817896
308,-58.29479495640602
309,-17.497936757862853
310,-68.91786309927222
311,-50.295672250946396
312,-48.44366958228311
313,14.14440922393085
314,25.755940069158584
315,-41.53061535170222
316,-80.79707780298547
317,2.889025844069401
318,-47.94965912555415
319,-36.873450934418514
320,-55.291846852953675
321,-13.663170416313639
322,-63.360531421240644
323,-45.31740741114702
324,-13.276534705553395
325,-12.598094476154072
326,-59.91905306692909
327,-42.33744134346805
328,-24.14469228682098
329,-76.10098709198441
330,-56.43961655368163
331,-10.405257453085422
332,-66.01562680934767
333,-31.663905281897083
334,232.38541992981163
335,-84.51818565810389
336,9.841669964636461
337,-53.983264706143885
338,-62.84640877053057
339,-96.15523806792186
340,24.715430525678435
341,-84.37769244064575
342,-55.464089336870686
343,-33.562878839230876
344,-27.786515437627898
345,-70.57085050474757
346,10.607943916474646
347,-71.93312933064865
348,-45.175680898620584
349,-60.79930101392909
350,-55.92357536507325
351,-82.82485240733543
352,-55.7995551199024
353,-64.76609807198672
354,-44.72092231813744
355,-23.79215430812249
356,-0.9698716824797899
357,197.60690720876627
358,-19.76086632360777
359,-63.54994690991116
360,-48.35047964889318
361,-16.470998211834075
362,-36.47286637908006
363,-21.17876943015453
364,-56.135625303888105
365,-25.57825603656028
366,0.7557170296337703
367,-22.281622645633934
368,-136.98894044986218
369,3.57964161196044
370,-0.6460491910168624
371,-67.32637810027703
372,-70.09997183033023
373,-55.89164717652554
374,-149.91923700546675
375,-25.726608360284132
376,-41.990974490214036
377,23.936979457198788
378,139.55367600802796
379,-69.14982070085696
380,-90.91686871920069
381,-16.698012552349994
382,-79.22887901637564
383,-85.20093368460176
384,3.813243523709991
385,-55.609591062287976
386,-50.03675033009101
387,-37.31251403022044
388,268.746233250416
389,-53.3265658588686
390,-80.71529517010616
391,-74.80736979632044
392,-211.992630385369
393,-73.37189319112132
394,-22.040684257634652
395,-66.61764209530989
396,-58.67118525003703
397,-84.66503925722745
398,-44.70448297655333
399,-62.906956649552484
400,-62.96271500275811
401,24.356010152804902
402,-61.446430857533876
403,-40.48445741445806
404,-74.88254094927017
405,-14.408511995591478
406,-78.47985695421707
407,-78.20909234945395
408,-82.1889645571866
409,-95.424412606792
410,-87.84204688143627
411,-66.62344469404526
412,-0.781829247486399
413,-78.93223750453578
414,-40.36209429981043
415,-26.90828957429815
416,-89.80540839412744
417,9.514969584484945
418,-57.746720444147904
419,-87.24032362084594
420,-56.56846977591026
421,-28.222864294963173
422,-53.285020399102265
423,-60.80156356445615
424,-58.352304266160345
425,-42.352682601904405
426,-65.53348993693511
427,-53.286045351815844
428,9.011597276923574
429,-35.34118316005291
430,-23.965343375696534
431,-57.980162960676786
432,-91.52204104800263
433,-81.0346984598191
434,-50.75926066068827
435,-83.15750374166291
436,-10.071632415500746
437,-56.50553619987171
438,-35.03063171812206
439,-39.37960150065796
440,-47.56391383361735
441,-253.64197951233007
442,-93.5408649565937
443,-90.57654255813563
444,-56.04207191909728
445,-77.0546224137263
446,-91.55501965898976
447,-33.8575866629786
448,-79.92001700176871
449,-75.74912523989173
450,246.05267373328587
451,-23.124955894236294
452,-4.859511134907774
453,-96.27490099879641
454,255.28681212350995
455,180.03711732616907
456,-34.77529794826502
457,-51.628073522582724
458,-93.62125603294564
459,-93.67270754952789
460,41.57358640664242
461,-86.51433176351271
462,6.575314440949427
463,-67.47984732679848
464,-45.27383365588012
465,-9.425614967733395
466,-85.52517683301025
467,-59.926848953156586
468,-46.65898582435317
469,45.20323116245146
470,-63.843104940395484
471,-72.90848049301394
472,-178.96345041343062
473,-72.61705885822509
474,261.19172287835306
475,-104.85394353212708
476,-62.35611429700418
477,-40.065148243674386
478,260.95031779054653
479,-17.1888044110454
480,-7.070880138426531
481,-13.964321456824441
482,-28.959313572090366
483,32.24932920858191
484,-91.75136065941501
485,-34.40692600077247
486,38.34722389721634
487,-38.89940903271935
488,-49.42259717493681
489,-64.81368938870224
490,-69.99855658674915
491,-84.08579672364012
492,-70.35171006226125
493,253.91140919769313
494,-72.49957363705109
495,-162.50545775086454
496,-115.7395877771993
497,-44.679394068018695
498,-43.74686246130932
499,-81.43971168268632
500,-21.202374692057376
501,4.31408249037824
502,21.031799853476414
503,-90.3398639751417
504,-63.17396899090214
505,19.02415014103498
506,-48.23877705403981
507,-98.91359337815422
508,-73.70600760863242
509,-94.8205498485048
510,272.6702436497969
511,-65.90152503326338
512,-77.39928117320372
513,-69.83735825111042
514,18.578822682760517
515,302.416122220959
516,-169.93871196040664
517,-62.02756744311189
518,-172.02699940626866
519,-74.99528105746916
520,-102.4808583138535
521,-55.4590145723864
522,-18.056193496022516
523,-78.91144692531634
524,-71.83608777171554
525,-49.71127686311474
526,-62.82938966256758
527,-25.07922749161424
528,1.5764467652902425
529,-84.89026799700827
530,-54.03927582129444
531,-55.20372263517358
532,-93.11489549275424
533,-166.81868134491032
534,-141.78248287456697
535,-89.7310163332418
536,-99.53949821012635
537,-94.55234445494798
538,22.297385572295994
539,-85.73872637405871
540,-89.39345557461122
541,43.428893935512235
542,-108.56960045050211
543,-55.97737046097051
544,-97.74053115124718
545,-94.57307391679538
546,-93.41074817476546
547,-101.30130911710701
548,-70.2232742688541
549,-93.82815943758267
550,-81.95624024690984
551,-66.55170782010963
552,17.862230856675097
553,-79.57036195288053
554,-80.39947974595299
555,278.42083741242243
556,-69.49296514671671
557,255.87712340226986
558,-76.16254469445136
559,-37.76699946270442
560,-86.13586583766849
561,-82.83970335096623
562,-40.81957279019303
563,-90.11971188767683
564,-103.02515394388082
565,-35.66508138302099
566,-154.4662668279477
567,-80.89539786321797
568,11.30860826932502
569,-68.91047142895712
570,-59.87079209839549
571,-60.11590575214009
572,-80.96406489683639
573,-93.63650542583319
574,-89.69256702418626
575,-179.38900992412124
576,-95.76288316697001
577,-74.11591468401475
578,-80.12172555251965
579,-68.30231814075746
580,-67.73017915804122
581,-47.4284799842717
582,-75.22237794484667
583,-52.66645021064748
584,-83.01021802466565
585,-37.38944921411026
586,-80.15855796773515
587,-73.93867429653059
588,40.44322307484114
589,-61.95997160652274
590,-80.21456962512653
591,-66.04579566280752
592,-89.75179400510599
593,0.06992759297070195
594,-50.85331647264025
595,-104.9869615290917
596,15.512839273374482
597,-72.0880864051816
598,-60.134702145047264
599,-109.32089498050512
600,-105.50529447944751
601,-108.57834817875045
602,-88.24793975149807
603,-109.94053127629927
604,245.75897995533316
605,-57.615226604074664
606,-78.30123559522451
607,-61.839828660565544
608,-98.97585691698944
609,-58.4894689473674
610,-122.9632476629632
611,-321.1197251806404
612,-50.289605000763515
613,-53.78759798590324
614,-124.07071729481031
615,245.7371679484276
616,-99.60831963553207
617,-47.419423776983194
618,-110.50929622885108
619,-102.04392064623256
620,-111.70560767382429
621,-64.56622413992145
622,177.67176388990652
623,216.65312819181082
624,-99.78809941150894
625,-79.23330824822204
626,-107.02989204858252
627,271.45305082569047
628,-75.1971674185393
629,-35.419924025159375
630,-211.16728066619962
631,-32.22407717577126
632,-28.422881498154545
633,-38.4750887991797
634,-101.14628016331753
635,-91.51671284880096
636,-77.03186567813111
637,229.88299180749414
638,-56.68787926853068
639,-122.44150446188883
640,-138.76786943755027
641,32.752218286642034
642,-61.59097373669633
643,-100.32432183992226
644,-109.59608698955205
645,-138.307013218776
646,-73.96728774759154
647,-93.54375973431328
648,-304.5793005986725
649,-128.47320899054077
650,-85.70044559812621
651,-99.39907209216132
652,-106.09324458266941
653,224.03759739567482
654,-127.82907561928667
655,127.13492344041038
656,-85.71639825307044
657,-6.305362657873729
658,-69.13065985189908
659,-102.72465907212882
660,-89.71411253159943
661,-111.35837209062815
662,-88.46912216191312
663,-75.37633978911424
664,-128.34117715182924
665,19.29480510350686
666,-191.11522007691292
667,-106.41239824393205
668,-121.86395946666937
669,-47.03406826735838
670,-80.83375402251262
671,228.72323867150664
672,-131.57158263320557
673,266.6582720773333
674,-123.13351791670048
675,-77.63815844307287
676,-80.86874289745012
677,-20.071031039682765
678,-120.44793387533562
679,-27.733283474963095
680,-120.10453873873418
681,-54.644759432223935
682,-28.698605629471665
683,-67.7932537982244
684,172.5787953377982
685,-109.17448633707015
686,-87.96138080653272
687,-79.49375944982626
688,-166.53108131410295
689,-31.23936050244994
690,-52.0170865911882
691,-20.46755186967495
692,36.18521015505189
693,-53.77532230883885
694,252.49335299558496
695,-121.78634487362538
696,-88.06999270910791
697,-14.394891353226171
698,-61.94435366922669
699,-39.466278120513635
700,-175.83836372775045
701,-103.77692384125403
702,-95.8649442070243
703,-79.71845163322756
704,-70.81924741224356
705,-83.04376902342801
706,-105.15205718742162
707,-89.2945796085322
708,-62.29231656990903
709,-111.56234803875996
710,-69.82844577137689
711,15.222146722625695
712,191.88829289694968
713,-80.61683122835944
714,-93.21181993996468
715,-36.050379316641454
716,3.3553490535269503
717,-110.29973578827183
718,-59.31909610626177
719,-110.55036294691467
720,230.65517428672453
721,-53.50004241063695
722,-111.50572859532868
723,-66.90801450705942
724,-194.12463400129704
725,-37.97298253146248
726,-313.6040286736752
727,181.4483172939767
728,27.29518236655018
729,174.56761577452056
730,108.32440684343699
731,-270.6098312426619
732,-6.236694768383842
733,-235.68537347288
734,-174.62521366812322
735,-56.428425409919775
736,-116.14483136447323
737,197.57130272481157
738,17.066242222562735
739,154.82255357970462
740,-40.36422258863625
741,-88.14939292170496
742,5.1474783177161925
743,-105.24157229490064
744,-61.484439986788914
745,168.79463793910267
746,-62.38857546774204
747,-202.97182256499065
748,-67.12956515502594
749,192.91289260801886
750,214.17086713996392
751,-89.70876300476604
752,-94.48105089385835
753,199.35643516968275
754,-18.160437784382726
755,-238.48495176083688
756,-160.05851173029885
757,-59.55530286230074
758,-281.20669038117217
759,-173.339858615084
760,5.782975471569316
761,183.89765482269485
762,-79.38482772885446
763,-73.05843332880006
764,-8.425855415474274
765,252.97501259175013
766,-35.45239942529737
767,177.6472468119761
768,-60.735925208281614
769,-84.31191978582979
770,-94.81433389318423
771,40.03112076269116
772,193.91275626660263
773,21.41494158470107
774,-79.88325450840033
775,-68.18822324661075
776,285.21479158763407
777,2.7563670710239165
778,62.52510065047147
779,-23.373773746854763
780,-45.67666595552286
781,28.7257240005531
782,-13.18593781410624
783,-39.98984649916753
784,-251.05376548621624
785,41.80057536291176
786,-141.25635606456245
787,31.001290097179606
788,-37.56200247519771
789,-84.98750466573438
790,-58.37654696310339
791,44.6912881390509
792,-84.3452295901695
793,-49.16326221105129
794,32.53709979039314
795,-116.40695526355128
796,-35.857433175310575
797,-23.666657642950995
798,-45.3445601708416
799,137.8577714489024
800,-15.784276925736208
801,251.09535331593256
802,-35.01205610617534
803,281.4701568081522
804,-258.9830621340893
805,-78.16061785654225
806,-51.15352114637642
807,88.77598856748142
808,-54.59806898735951
809,-65.89704353603234
810,-19.990150726888885
811,-51.33699415039875
812,-42.98121540789368
813,261.15819234722096
814,-58.11351145093154
815,305.84157122828464
816,119.61350158271254
817,-14.306003055230804
818,-21.08698652956126
819,-16.926735862785392
820,201.97396797857795
821,-2.2285816542961565
822,-28.763816458513727
823,7.939113563693011
824,136.46146320178144
825,-34.22618502797782
826,220.432124850518
827,-34.65820136277184
828,191.60145456756948
829,124.98640179609347
830,143.42123938789257
831,136.29752829840547
832,163.58890823456917
833,149.99987029544934
834,122.5607330012566
835,135.76668409045863
836,53.03905603929532
837,79.26983649820649
838,117.2624870127616
839,-127.95669456231337
840,198.8853657340655
841,-135.46726479907196
842,158.14600399600795
843,-66.89904814316702
844,153.12343374774247
845,-32.796693449997754
846,-62.975918687815515
847,283.3606290459511
848,258.70677925330926
849,-27.943404069559143
850,135.99878894831124
851,180.05302072678109
852,199.43232996766068
853,-300.2163676103397
854,165.06562632288848
855,132.03448025245513
856,-38.659903651169586
857,-34.549412253758845
858,-57.22766168167372
859,-13.985586049756444
860,107.50506558432028
861,183.4176658382151
862,-74.13687147357122
863,227.5203643680967
864,-30.252580065193953
865,-46.4511099377053
866,-87.50219545875217
867,-80.70356583156152
868,-10.98887379128185
869,-65.71487680241763
870,-19.47383710746878
871,-101.09364619395754
872,-51.00608029249275
873,-76.12209371237967
874,-63.37437588322983
875,-49.046743829953265
876,-34.08724726241709
877,-81.97569939761223
878,-50.79336003743952
879,-68.63943300950869
880,-120.41494725621979
881,-56.80273046847711
882,-68.17711221402776
883,-30.566087859303032
884,18.869101852578225
885,-108.27310217171744
886,-91.24748815517941
887,-89.14312762906765
888,-77.20578451453778
889,-46.95328543502332
890,-69.11721259741827
891,-68.88264594000863
892,-115.53578475203715
893,-82.38326527715425
894,-92.28716761950352
895,-10.367512115335806
896,-108.0952789629009
897,-43.086800394998946
898,167.64654596046833
899,-57.822798611351885
900,-101.7267736132592
901,-44.837557493163644
902,-37.34773977495413
903,-55.99228201805789
904,-43.30102960223312
905,-29.49023519930328
906,-71.92706735025621
907,-103.09318598782984
908,-9.245597138081951
909,-31.74525891926556
910,-85.62413807598942
911,-79.26769598293589
912,-35.44750371124483
913,-57.00572990555912
914,-48.09726489580737
915,-103.92461618606346
916,-69.5496805259366
917,-89.77531416797733
918,-109.84742463573058
919,-52.50694164575585
920,-60.833223082356014
921,-98.94137709129443
922,-94.8415813949696
923,-101.31577712817658
924,-34.046643709236974
925,-83.76194530336481
926,-31.928325518543478
927,-48.99355440313447
928,-47.60469301855075
929,-43.675908509777955
930,-48.51007685787409
931,183.53650928729917
932,-30.24095184329447
933,-67.7518195673499
934,-106.4597081792365
935,-67.24347512148337
936,-70.95889164242159
937,-60.41074166656678
938,-99.82525887390373
939,-28.26116881477488
940,-6.674658453752479
941,-78.72618409301313
942,-101.06647923819862
943,-9.42484579816263
944,-49.13358097248031
945,-124.677443631587
946,-100.56048617913928
947,-90.0982216338341
948,-73.71341932087977
949,-70.34969309339886
950,-36.358363005860824
951,-33.71792299489143
952,-52.449246138906524
953,-68.99199096776219
954,-50.636240284864364
955,251.29728135586288
956,-99.3883633188547
957,-70.10080292366065
958,-91.82028504125408
959,-60.804850966476806
960,-53.300674745557885
961,-53.26193149109927
962,-55.0605151651869
963,-70.19766588691101
964,-91.5785657012155
965,0.2934779232016149
966,-78.16004707863874
967,-31.88547218493991
968,-73.41739496943352
969,-157.0745455693777
970,-87.10586935961562
971,-89.33042400008217
972,-87.10204012089608
973,-49.42262304364835
974,-68.49270022631298
975,-39.420392836784956
976,-45.94843318826045
977,-34.19455782058084
978,-63.52059919256993
979,-73.14663115195142
980,-71.13272246927868
981,-97.0674408001617
982,-40.7719710071285
983,-52.94280781164362
984,-37.69828307522171
985,-81.20530894850219
986,-9.43188724976385
987,-108.17766970408316
988,-88.92613922814836
989,-111.20983291580092
990,-81.55978834717766
991,-98.66187243353349
992,248.2353510853766
993,-53.95004278067747
994,-72.1148310501681
995,-46.24245841554135
996,-123.35627768144782
997,-65.51988555416962
998,-82.36947540378769
999,-66.94890707448576
1000,-93.54436195956451
1001,-78.08637166736727
1002,-93.75134542168666
1003,-47.866604725201036
1004,-3.190117745559939
1005,-79.73648913854363
1006,-64.53012696227218
1007,-76.9812029230719
1008,-66.58096885401179
1009,-82.10277830351454
1010,-109.7478331929266
1011,-104.26312592714847
1012,-91.77970862579694
1013,-71.50735639167193
1014,-54.313790447103116
1015,-73.2069238520102
1016,-92.4062820873568
1017,-87.69666080355773
1018,-63.2698241195136
1019,-50.23652636175228
1020,-40.379958117920665
1021,272.22632183813187
1022,-95.86350718846529
1023,-117.75390476238555
1024,-85.99581971405918
1025,-60.53786361916439
1026,-49.56368331369046
1027,-65.71593217869912
1028,-106.13995426506447
1029,-96.2838004912261
1030,-76.09357235295501
1031,-39.17714730465879
1032,-45.33135926603928
1033,-40.12284573750637
1034,197.88789739182326
1035,-98.73413105362134
1036,-60.350060839191066
1037,-59.20603195818592
1038,-89.45803077000974
1039,-59.089925720792806
1040,-96.17004172937146
1041,-70.64976158220574
1042,-79.07735496417446
1043,-79.39102087788011
1044,-63.52484175222037
1045,-117.2955747815734
1046,-99.75306453228345
1047,-78.71632315823717
1048,220.0861144946564
1049,-36.284651729975295
1050,-59.72236766933101
1051,-71.83995626588157
1052,15.662598741661148
1053,-84.16862939169717
1054,-66.79772890258103
1055,-31.29916915035989
1056,192.8542008695587
1057,-33.000063456542414
1058,-14.757631670722473
1059,-58.32642789315239
1060,-117.7453046002751
1061,-77.51375720518827
1062,-40.9589524094863
1063,-63.81976546842591
1064,-85.37667330149576
1065,-77.22647637408039
1066,-89.2218789431217
1067,-54.26276865407559
1068,-74.24698586518832
1069,-49.513260947834716
1070,-87.34432306957143
1071,-52.750355689367716
1072,-42.71793479350883
1073,-38.55164735679293
1074,-91.18177747286845
1075,-82.75443629445127
1076,-38.43459423890446
1077,-61.194971995802064
1078,-52.523304520859085
1079,-92.82344788579378
1080,-92.04384317827063
1081,-72.48236034525353
1082,-102.80672607792843
1083,-116.20784097741004
1084,-11.786136277427486
1085,-76.69089304654109
1086,220.6059973847437
1087,-39.7940330411043
1088,-63.42733240236352
1089,-99.99647690658674
1090,-41.08516294504132
1091,-52.80903982792702
1092,-30.65960206506188
1093,-71.18691114420103
1094,-81.83456460131907
1095,-122.93959688933288
1096,-51.168213954715675
1097,-99.25845943113139
1098,-101.21816453522818
1099,-19.72667632817239
1100,-74.55394976809647
1101,-103.55831249806307
1102,-91.33527545844802
1103,-81.63848406910756
1104,-59.777174466975985
1105,-82.83779737301316
1106,-78.32166190192395
1107,-30.386962274011992
1108,-26.984566219767476
1109,-100.77144352138323
1110,-49.17752397717097
1111,-85.92348613211963
1112,-75.57627363371871
1113,-46.86760424518415
1114,-128.00268559130913
1115,-92.91618174703278
1116,-94.12478682413858
1117,-94.18233217444906
1118,-59.103684671678295
1119,-104.24046694705437
1120,-222.0200780818946
1121,-26.99737700702139
1122,-87.79356833077802
1123,-62.70161699347846
1124,-23.569366053784133
1125,-77.31681978535939
1126,-30.60660355618572
1127,-146.23163834230158
1128,-43.1567096129816
1129,-106.2117615594924
1130,-58.53973092151064
1131,-105.66672941379069
1132,-20.32715377912897
1133,-23.525036020085135
1134,-73.33094147547558
1135,-54.13935878763058
1136,-34.05557414973383
1137,6.71094402736136
1138,-102.49745425886468
1139,-95.02838264487085
1140,-35.18792847152654
1141,-47.16769010266208
1142,-64.85918783246015
1143,-42.780277426912136
1144,-58.55191862107494
1145,-64.38152969746191
1146,-105.02371619804632
1147,-45.89528957474482
1148,-52.73893377924428
1149,-74.58808026593391
1150,-12.381281299564833
1151,-8.109184324376358
1152,-79.42940784969642
1153,-84.4402638728004
1154,-94.12032800990092
1155,-101.8994749014841
1156,-98.81641857684583
1157,-38.87522550228269
1158,-80.02333265981781
1159,-73.24974131501884
1160,-184.07166070044767
1161,-84.36878309138932
1162,-9.916907590562444
1163,-93.18685932213289
1164,-44.384800010776125
1165,-81.55996919646664
1166,-67.78087006445845
1167,-65.07656314145679
1168,-201.05546454236205
1169,-22.84517439149689
1170,-56.76648627699522
1171,-68.46092324110907
1172,-112.01631105090026
1173,-160.30501203361354
1174,-80.82985020229985
1175,-190.24326826890135
1176,-96.26694656130566
1177,-77.19267245209437
1178,-101.01702125188898
1179,-68.27003623989302
1180,-11.341812548093918
1181,-72.16337736734448
1182,-23.60403074510822
1183,-14.161745246903568
1184,-77.12425480488501
1185,-70.013567059266
1186,-101.56358150107685
1187,-104.84415967182619
1188,-57.30501652925352
1189,-47.88325283139281
1190,-10.571888647771633
1191,-157.22007256624914
1192,-135.0299464993371
1193,11.083106124265058
1194,-141.70276814362796
1195,-32.361952234674625
1196,-28.460649560054225
1197,-118.16142101958961
1198,-89.22016543247021
1199,-98.68847869691227
1200,-68.90292153311944
1201,-86.65438360353684
1202,-19.887258790483337
1203,-13.352585698522658
1204,-114.26505722504488
1205,-75.4642806040595
1206,-56.69407927179459
1207,-165.76738798252165
1208,-124.48462394426457
1209,-35.31498092998072
1210,-60.01181154918483
1211,-97.02488375838728
1212,-71.60810882611818
1213,-83.80730676055062
1214,-198.56647771980988
1215,-106.37599680479622
1216,84.30374315062703
1217,-129.45580644589666
1218,-24.53523041497419
1219,-163.21601431257994
1220,-191.3857459990646
1221,-47.15349726016362
1222,-50.16455976591685
1223,-46.465670641745454
1224,-110.98280775520259
1225,-88.92054949369161
1226,-44.86263000073608
1227,-78.08936698697465
1228,-61.90952184201268
1229,-66.05851650442344
1230,-110.06406049387904
1231,-76.48281473236571
1232,-81.70687451496732
1233,-15.032845636641788
1234,-46.15199128878253
1235,-45.296582792206166
1236,-67.54265730815021
1237,-84.30759641412602
1238,-140.62726059412188
1239,-48.335679343441214
1240,-30.82668880803911
1241,-4.28204239096257
1242,-57.64475111689933
1243,190.2111372304144
1244,-63.676517027228286
1245,-115.81277917815422
1246,-91.82600659253046
1247,-62.93777977150237
1248,-79.16975249325564
1249,-144.74090131251086
1250,-44.305294899597286
1251,4.65520912443083
1252,-65.37653261380349
1253,-62.38717399429543
1254,-73.5081531785099
1255,-235.96107896263683
1256,-205.80542107437248
1257,-121.18639462434193
1258,-62.95487327218801
1259,-120.663896730201
1260,-10.938899532250066
1261,-41.81357656774722
1262,-110.61926105851785
1263,-70.91721138260684
1264,-28.29178997995966
1265,-50.02658456710378
1266,-90.48912829654566
1267,-96.64955398349153
1268,105.40731810716939
1269,-85.72213461864213
1270,-81.76304233711758
1271,-282.17958623873153
1272,-100.1540811606887
1273,-51.304429002411624
1274,-182.05971720808577
1275,-73.87549091648677
1276,-44.870401188744935
1277,-102.28921131843074
1278,-266.87765336694247
1279,-95.88486397366248
1280,-81.83470469469366
1281,-73.5031791662978
1282,185.0217211976302
1283,-73.68314851112736
1284,99.92534671514215
1285,-177.99835920931815
1286,-86.1332011040042
1287,-86.07944624617411
1288,-184.84621425830912
1289,-63.41045031297537
1290,-130.96653729072364
1291,68.53423483540564
1292,-161.38146762564472
1293,-80.49345625312404
1294,-180.78553289988895
1295,-145.408387551774
1296,37.932065323029065
1297,-23.378797095427316
1298,-113.60377809286933
1299,-78.37108421699732
1300,-32.75025176867876
1301,96.14914111364386
1302,112.0552321611107
1303,162.79810661950785
1304,25.291604823924956
1305,120.57403479376752
1306,-91.75333462410539
1307,-73.51322412131083
1308,-124.95795930664812
1309,136.03438840850401
1310,-65.38769481858998
1311,139.7130496485725
1312,-6.510424284086328
1313,-45.73799462193017
1314,148.24356576544747
1315,16.43379996561034
1316,111.43214562065405
1317,-66.73929075869684
1318,29.58791087382429
1319,111.49686371118105
1320,101.91311465109236
1321,202.22405741967833
1322,132.3695470573707
1323,113.94913149562242
1324,-13.433851746656345
1325,203.88797616197968
1326,-62.29629983422999
1327,159.11139518920666
1328,246.11440209605055
1329,-153.38279554813818
1330,92.9479822777878
1331,-105.48832342668979
1332,166.0557628538895
1333,-19.579048650793972
1334,68.42004686029179
1335,-43.021191936470046
1336,201.2290089323393
1337,38.58213216810462
1338,139.62759844166436
1339,190.97150980746588
1340,-77.10049828138094
1341,-60.00895206706704
1342,-66.05632558544883
1343,193.46920685214897
1344,176.9359537126812
1345,-56.835056189874756
1346,-8.832788149919917
1347,125.61853301660754
1348,-88.59728703215796
1349,-57.4244046680971
1350,-44.16735377410096
1351,-79.28318910873197
1352,-34.10897078898155
1353,-61.885108791979654
1354,-50.434545622571086
1355,-74.52147562987196
1356,-60.02194751900738
1357,198.91410101429454
1358,-62.95161062134424
1359,-88.65003983864298
1360,-4.363669630697754
1361,-56.65186843245968
1362,-68.50585897155909
1363,-2.1195125405660376
1364,-55.947629728281704
1365,-45.42854069516602
1366,-56.17796580436764
1367,-65.0848156774577
1368,-115.82591143722284
1369,-40.304066959100375
1370,-151.00083117806076
1371,-54.403776735353844
1372,-65.8612040740174
1373,-88.16511025026419
1374,249.04599477427342
1375,-67.59650245513156
1376,-72.86718537654775
1377,6.812774019451763
1378,-18.95214941821882
1379,-180.70869864433763
1380,-93.65828514511297
1381,-200.17862730670328
1382,-138.61925903721647
1383,-109.22908140196343
1384,-79.4495174360326
1385,-86.96377142287692
1386,-0.3234409107096028
1387,-56.591816339102415
1388,-45.1921614727265
1389,-104.05295408362943
1390,-124.58338064593971
1391,-98.99294619449381
1392,-27.096692394198577
1393,72.4085711833692
1394,-44.27637314853885
1395,-115.68879841905596
1396,-50.808215184644574
1397,-27.20500149420212
1398,-42.00412953197642
1399,-110.22118913484736
1400,-250.3799725924598
1401,-105.87588873410327
1402,-11.731550786194372
1403,-70.35005871347666
1404,-52.259206022627936
1405,-41.985257187820686
1406,-32.498936351261825
1407,-78.90669792025146
1408,-22.32235295149377
1409,-138.02360594642542
1410,-92.30535407946967
1411,-75.09919396428967
1412,-49.78934969098689
1413,-85.00441998238423
1414,-131.87800707022024
1415,-67.94589424158394
1416,-103.39531161909811
1417,-135.60936344773182
1418,-135.09966546412178
1419,-72.15314268750608
1420,-73.29893656662261
1421,-74.89301959021029
1422,-64.48826988989799
1423,-63.57841124814738
1424,-44.25196101556065
1425,1.6338525097330034
1426,-62.23576185631825
1427,-82.65133981810163
1428,-102.27865352278567
1429,-41.51358572550374
1430,-59.86917299488425
1431,-65.24797433510773
1432,-100.2585786545973
1433,-76.05287487996407
1434,-93.80898998963778
1435,-85.19196886877124
1436,-74.20813339985628
1437,-73.64154898948156
1438,-111.71786397596368
1439,-72.06841367923333
1440,-96.20448896829798
1441,-110.97583017529149
1442,-78.69885842279433
1443,-87.30441385390667
1444,-71.81366815960702
1445,-75.12552641621592
1446,-69.16743430208416
1447,-83.67591806432651
1448,-75.83721116347536
1449,-83.56140245355346
1450,-58.28357735309038
1451,-79.89740012192946
1452,-57.853646746380356
1453,-49.26502621140011
1454,12.16522094875974
1455,-83.36876889430972
1456,-82.18348430316387
1457,-45.09429895513302
1458,-69.72135538459509
1459,-28.98229345801453
1460,-72.48062005346956
1461,-21.717582066414433
1462,-59.432880976576776
1463,208.1234071734373
1464,-51.88610861582536
1465,-144.4703886498812
1466,-80.26195355015172
1467,-62.20938072530443
1468,3.656500080088274
1469,-47.49545367105311
1470,-121.15821500342946
1471,-80.3249318838985
1472,-26.652745309781643
1473,-343.3978469795122
1474,-69.24882085559818
1475,-36.32502163447399
1476,-119.25389806159492
1477,-17.257079503800348
1478,-34.14279922803164
1479,181.8351477118574
1480,-74.9778937280018
1481,-55.957596169887196
1482,-12.210433410719807
1483,-25.738225502353966
1484,-23.874638413084394
1485,-42.70108028776436
1486,166.5078848584237
1487,-66.74218912933003
1488,-85.18291432608102
1489,-22.365777457950763
1490,-27.0379796694691
1491,163.99620366635048
1492,-2.1524762388174308
1493,-61.067456958700404
1494,-34.96908330405552
1495,-41.00056413551434
1496,-31.552805610180503
1497,-24.460256326192383
1498,267.4574975602629
1499,32.80871841201109
1500,-72.94424856568787
1501,-9.837648406375056
1502,-92.04599995563959
1503,-46.428568122755166
1504,-30.4067750561583
1505,-44.436014460580544
1506,-47.291380830347094
1507,-64.88771022226724
1508,-58.033848283667965
1509,-35.52410579502111
1510,-36.36647092671312
1511,253.7002097829026
1512,-79.79416998993545
1513,-17.98289539560548
1514,-10.314254070412954
1515,274.8337163701125
1516,-65.8574472029988
1517,-23.580951748007628
1518,-37.26074797151712
1519,-71.66035017108477
1520,-25.12791936385671
1521,-47.62413107156719
1522,-64.69247137467687
1523,-1.1985408589867268
1524,-64.48278271030325
1525,12.019258549887864
1526,-124.15701678456188
1527,-28.31499089509694
1528,-55.70966974656005
1529,-21.21599840978137
1530,-87.7972318830385
1531,-36.064176288809904
1532,-100.53823165057727
1533,-89.68617818217133
1534,-112.7087188163901
1535,-8.620210161449458
1536,-39.757841601978384
1537,-347.6847894587069
1538,-25.932351012731335
1539,-9.359710881267468
1540,14.963173938871526
1541,6.658424947033709
1542,-43.09078229287771
1543,-28.693286109418164
1544,-63.97042918662636
1545,-87.26229247615873
1546,-129.0527458661116
1547,-64.95577690256611
1548,-50.45146998002486
1549,-18.44572619498905
1550,16.011034394475313
1551,-72.45797401352148
1552,189.00186919957304
1553,-13.518070265829024
1554,-72.2594391482276
1555,-68.90599208296777
1556,-35.47108990385857
1557,-67.38077918483856
1558,-99.863279850042
1559,-56.4006735471265
1560,-68.90948908156537
1561,-25.310728672622155
1562,-44.625232798243545
1563,-57.93550377504512
1564,-1.5046695055325803
1565,-60.44449938311907
1566,-49.18453181654444
1567,-36.531059099925315
1568,1.5415422354552513
1569,-4.085950101851006
1570,-12.855123194129629
1571,-65.76078684885337
1572,-71.1314848096917
1573,-21.840642474452228
1574,-43.95295881042224
1575,-41.904533446482276
1576,-64.90344393930106
1577,-51.40606550410559
1578,-60.80591919948899
1579,-34.303419526401825
1580,-1.2530224876788059
1581,-75.68708671354274
1582,-44.447936809065226
1583,-60.48530585751421
1584,-53.421501256048536
1585,-51.81095224512378
1586,-14.771007783709386
1587,2.6767843217650222
1588,-67.59012396369276
1589,-34.822617663169794
1590,-23.35836750045965
1591,-35.277893040906626
1592,-3.5314939784862167
1593,-43.970132962180806
1594,-49.235766732440446
1595,-46.57470499756052
1596,-22.94074003920675
1597,-79.9172672146708
1598,-27.00840225763657
1599,17.66334947845197
1600,-28.082613784143003
1601,7.397269222748046
1602,-30.433865592877204
1603,-24.51104214758206
1604,46.728122381742374
1605,-40.02417031154728
1606,-70.28351227851587
1607,-99.3319890888074
1608,5.777613070502755
1609,-54.279350109101486
1610,2.224418085048229
1611,101.38482262291393
1612,-60.396280943377874
1613,-76.60254220292501
1614,-54.01701936698501
1615,-26.278230787187326
1616,-13.322105003054464
1617,4.570346078528479
1618,-46.48562562838004
1619,2.067798270578831
1620,161.93112460682948
1621,-32.46405217850654
1622,-11.868773935091255
1623,-13.419622615662682
1624,56.97692699116031
1625,-76.55649700324678
1626,-16.064729344378797
1627,-81.49855673889073
1628,-33.852851626280376
1629,-39.32786001766195
1630,-13.928387025547227
1631,-47.96497663605238
1632,-60.01923660400239
1633,-68.34985487616737
1634,-18.9530431759936
1635,-9.709774207318276
1636,177.30715891398475
1637,28.045586132073147
1638,-75.53002225891396
1639,0.1936069968711021
1640,151.9887652219493
1641,-46.82801260444856
1642,-59.71261415207005
1643,-22.15070441410496
1644,-99.56297789936423
1645,-8.051196945551004
1646,-28.3077322387223
1647,199.62616961384055
1648,16.17411062582044
1649,12.145386504402726
1650,31.295975679474985
1651,193.46242737785724
1652,22.19658839575716
1653,176.44353741159773
1654,-47.84631567386201
1655,-24.83947411955288
1656,-35.402339617297066
1657,208.3975256658855
1658,-49.483861045251416
1659,11.98565742386727
1660,-96.028700821549
1661,253.54228136122424
1662,-47.47144788014421
1663,1.771714969460535
1664,247.04499107163755
1665,-51.3344308761385
1666,24.979752874083356
1667,8.152969006793285
1668,164.24793849784976
1669,10.203118372702672
1670,-32.98407927886216
1671,128.4262598645509
1672,-10.703212973397601
1673,-19.163928833132832
1674,-30.478516552197554
1675,129.44461685752094
1676,179.84716182030235
1677,-57.73990363429885
1678,-39.358493103104415
1679,73.07689468940414
1680,2.0815438437906524
1681,-27.107761226393748
1682,-43.4090932247684
1683,274.21823991697374
1684,150.44436860448383
1685,-32.798561553923726
1686,-9.255712566199659
1687,252.34608859329376
1688,-47.127514249021466
1689,-11.230245582055948
1690,20.572273350663764
1691,-30.642107633327612
1692,-61.23794293369009
1693,186.84934659634237
1694,204.32314978913246
1695,-87.79943602875906
1696,-72.30667318516252
1697,150.82075317555
1698,-37.23650110506184
1699,-10.877896791218085
1700,-98.57346249608626
1701,-81.2783615542183
1702,-35.483797900583205
1703,193.06249078113007
1704,-83.6332939561491
1705,144.55741615316262
1706,166.0363043479899
1707,-62.77789680397649
1708,141.48430097941142
1709,142.69090828776632
1710,-18.037679460095806
1711,174.24091446820873
1712,-63.381270287406984
1713,-24.87502662914389
1714,257.45122976282414
1715,135.59635877322415
1716,152.55740221564272
1717,223.85542732605114
1718,117.07271594094317
1719,-46.93342935751274
1720,-181.1889539402212
1721,218.99297846443363
1722,167.94970646394557
1723,121.09059252214013
1724,-75.660050918044
1725,-23.530474515132532
1726,157.49421697599266
1727,-41.661022094602245
1728,200.2837738236911
1729,-30.0348874454038
1730,-24.744748616659862
1731,-26.11855849669603
1732,-2.2157207779970918
1733,8.126607056372178
1734,-37.550555985625074
1735,10.772600574239902
1736,233.13113381332252
1737,-88.28079977247673
1738,-113.12212341353631
1739,252.33920810775962
1740,-63.82127159948067
1741,140.7130081997974
1742,135.76926753213
1743,269.5693574806472
1744,167.68145498181798
1745,264.8391549365639
1746,151.79227640111802
1747,269.21331096700055
1748,-65.3651072692216
1749,271.9442521724283
1750,211.4608397968688
1751,-89.20166689320038
1752,5.56741693334061
1753,273.35116790143536
1754,243.6260488336809
1755,-52.1459579842514
1756,-77.40195755703593
1757,94.90824764009999
1758,-66.11774824987955
1759,123.10549309550554
1760,2.38940195728825
1761,266.8982065987087
1762,-17.46492925638531
1763,192.23823719283757
1764,161.29861057062453
1765,-18.55335961808161
1766,59.28121816931491
1767,-70.99666390494029
1768,208.34129130108994
1769,8.339186043314092
1770,206.00990649981605
1771,188.5704586529982
1772,172.6270774439189
1773,133.0123200732495
1774,162.76819005318436
1775,-69.48285983400538
1776,205.0693798624924
1777,-27.96181750204452
1778,-50.05163775097915
1779,203.69539052220887
1780,155.268372757763
1781,-28.10633835712754
1782,173.44578031586707
1783,272.1590602691943
1784,213.01476774283486
1785,233.4617564864589
1786,269.85317334713926
1787,195.62774012969265
1788,-44.19341078512824
1789,-59.56931470287697
1790,-63.22869976302844
1791,-33.40181535249969
1792,88.2986889883917
1793,220.75453596780918
1794,247.06313335793885
1795,-43.41728141164028
1796,139.15051337693745
1797,201.55438980161162
1798,30.21821517092806
1799,-199.34054384832143
1800,86.26700007719221
1801,205.67376684382714
1802,217.53980439906329
1803,160.96945468912003
1804,138.275291507835
1805,-9.300320955278764
1806,118.00189639326246
1807,-14.708072928348145
1808,117.03045175808775
1809,190.05361037295935
1810,206.15912674526913
1811,-9.30412651926568
1812,173.9593327111627
1813,73.31707644555364
1814,170.55759518694995
1815,230.81842437986376
1816,-77.63698302257117
1817,-67.62438887475278
1818,217.79046806232893
1819,153.8920597318969
1820,219.33330204144556
1821,-82.14495757125927
1822,-211.40102647034385
1823,102.35841935995438
1824,2.2170903659515915
1825,158.50800848116063
1826,175.59753975486586
1827,215.79037603715634
1828,167.01194328471271
1829,277.8815773324847
1830,88.01652459980168
1831,83.86803058383992
1832,165.99843336202684
1833,104.1411468064807
1834,158.20465552721154
1835,-54.7921820821108
1836,235.29328345020218
1837,217.38050477535984
1838,191.6327059393933
1839,163.01924612784092
1840,179.89207081271826
1841,117.18370521142137
1842,206.40156295526296
1843,194.62332963234564
1844,164.84000139119505
1845,64.23029813791655
1846,228.64450912058558
1847,202.47455239389254
1848,183.76725080727775
1849,1.2573874336835758
1850,151.29095805896833
1851,-77.69757587705266
1852,184.05942312770594
1853,194.01469127083004
1854,127.09701931475391
1855,-20.80104605996742
1856,91.31695922333577
1857,-69.05441633073431
1858,173.29102641113798
1859,145.9713859639873
1860,146.99287904126908
1861,-72.57710608285198
1862,154.13201399455363
1863,-234.53636101430183
1864,174.2148649919057
1865,176.31258154501586
1866,79.82953326469173
1867,174.04069974407435
1868,169.34013164974996
1869,189.6237356645964
1870,162.89167062938157
1871,180.67308285216598
1872,169.46355908449576
1873,165.54322050343166
1874,234.65810872015223
1875,-22.06944409340669
1876,151.8039372057743
1877,169.10138417667525
1878,174.18726494378922
1879,167.0921587141486
1880,177.09042765132273
1881,160.18105757327163
1882,126.2216713604731
1883,175.9753264694283
1884,147.85642165021304
1885,169.87040742735346
1886,155.37660605466456
1887,185.5993468294946
1888,136.09593884068153
1889,202.7114219244839
1890,179.7937501084697
1891,66.62414698254734
1892,181.44739316073742
1893,185.05560948823648
1894,178.9886232855014
1895,221.56581456333345
1896,-97.98402304984866
1897,202.0715477730098
1898,220.77620978030018
1899,182.19912655274172
1900,146.22424511248707
1901,227.19059653806133
1902,174.6828221189709
1903,165.53127589338612
1904,133.6905729391434
1905,-103.48713157669414
1906,233.99626624894566
1907,186.029695387675
1908,87.51506564681807
1909,142.27556469073556
1910,183.69222965022328
1911,174.32429613144444
1912,119.5301796394665
1913,204.8053927873637
1914,221.1012520569649
1915,-30.138054017331484
1916,182.37208291474377
1917,260.67036637351123
1918,155.3105517255
1919,185.78044930646627
1920,-96.42484394230611
1921,205.12553007938018
1922,213.88309717402353
1923,105.64773702472306
1924,266.98990776439825
1925,212.6612946759837
1926,228.29253859782966
1927,200.50925946378243
1928,-56.12933274025862
1929,-34.98912648032548
1930,129.48046081423257
1931,-14.230508995540049
1932,-81.91785721203829
1933,-84.9114914468397
1934,108.35909021149827
1935,-41.780332600716925
1936,-87.26000904270757
1937,190.70254214284168
1938,221.39317122564967
1939,233.40737479290814
1940,-123.61950685842768
1941,-63.99578596653079
1942,195.52389171710348
1943,145.46389475176485
1944,131.24918410716015
1945,152.14131422760056
1946,-80.27016637572788
1947,-39.90485978223144
1948,-126.17285940916221
1949,-5.194588550328604
1950,-112.84653623371247
1951,160.10743718998424
1952,211.35699203682415
1953,-377.2070170308517
1954,-184.17691300290198
1955,183.5164514177039
1956,-1.4476669504116728
1957,163.24217542519307
1958,-51.916253631719286
1959,-108.11756653075274
1960,191.25065581178515
1961,75.16722072692517
1962,-69.60148651481217
1963,-80.14823774450795
1964,105.77084433773338
1965,189.86053871405932
1966,-125.56214545827774
1967,148.50812870641622
1968,197.79404763922867
1969,187.32275547353225
1970,192.87067604275776
1971,221.965885477209
1972,133.39933253705973
1973,191.34096119711728
1974,68.84610634089626
1975,189.40515362529536
1976,164.13829679207402
1977,161.32487711682433
1978,-85.76154585868427
1979,143.61397254557755
1980,205.1634380614403
1981,-33.46444776965946
1982,78.26882025547853
1983,133.956087483584
1984,-94.37678703325528
1985,221.37577050498044
1986,116.12763007945247
1987,165.71967920537634
1988,-95.79716915303031
1989,213.55366152544363
1990,130.36775659963965
1991,-49.26827766136721
1992,-93.12376901840047
1993,121.06439104540073
1994,193.15642924341023
1995,150.1875216457971
1996,157.94169967460394
1997,-70.10753412832852
1998,-45.86512911310135
