0,-307.9917666915867
1,-100.01429080337157
2,-62.83065935291313
3,-68.27631350116906
4,-530.2913752255818
5,-230.22340483213682
6,-311.1081052075742
7,-382.2295929316317
8,-151.93496351777424
9,-212.33570749933304
10,-123.118818699062
11,-90.33366340153827
12,-237.65839377551856
13,-100.32940160111283
14,-407.4523095368882
15,-98.02077575477156
16,-147.66616255977254
17,-115.64010096275734
18,-137.2276400773538
19,-245.2716319107154
20,-178.4213459126934
21,-117.03223027096949
22,-222.6782432549458
23,-56.09055665693124
24,-136.72652395611584
25,-83.29815756658198
26,-221.98606280429516
27,-332.733278231756
28,-238.28319512645746
29,-46.6342752714765
30,-144.39883103012716
31,-116.5215094011788
32,-265.99570124221725
33,-319.952921558427
34,10.767195271478514
35,-110.13395366057753
36,-438.3701001885509
37,-287.1505422012433
38,-503.6973062930532
39,-372.83990991414845
40,-63.235207102589975
41,-96.54300470257877
42,-106.97575426143955
43,-222.19679799937848
44,-260.6859647699406
45,-130.5273917650821
46,-80.20574578013309
47,-91.91731356120012
48,-172.13642778570247
49,-107.77056331366367
50,-262.6606220467221
51,-313.1536320003901
52,-356.25198153003333
53,-68.31602560830794
54,-461.6747928671116
55,-212.872845556728
56,-128.77336311392918
57,-185.86079551425627
58,-121.66113395974975
59,-49.88548951885998
60,-250.7096140691558
61,-135.13865848119843
62,-354.2055725792476
63,-121.4448803834257
64,-370.29707965677494
65,-248.32301906479526
66,-162.2051415908987
67,-143.42859261274353
68,-235.27641424744428
69,-326.28580873126384
70,-188.74785294030426
71,-169.7158128872875
72,-133.58003342981164
73,-360.5691231146506
74,17.746963080568676
75,-112.46984525098716
76,-64.20220194505349
77,-78.71344099998328
78,-78.05547406404402
79,-166.66931933210208
80,-333.85939219711304
81,-243.69388072960368
82,-204.6965860775525
83,-116.11593575071672
84,-35.180066954842104
85,-265.65838680284355
86,-56.5910012285446
87,-95.81849531065791
88,-153.59027360709777
89,-143.76778749814872
90,-308.35818004859107
91,-19.91949405234554
92,-402.1451925359554
93,-113.32151027924304
94,-85.46575173259025
95,-207.00155074085825
96,-253.05731432414677
97,-223.66631498778696
98,-331.8920802837723
99,-213.90971761996576
100,-364.8743528929187
101,-285.27727511869534
102,-145.72473327779255
103,-107.61773814661835
104,-42.7778161137
105,-151.94202139628607
106,-136.27350162885259
107,-88.9264106086371
108,-377.3622614695016
109,-35.44493812623952
110,-76.10714182203188
111,-55.24974619978546
112,-96.29309529733736
113,-380.5417783038723
114,-67.74748258206193
115,-67.64278264214977
116,-141.58340428471945
117,-15.902530729040237
118,-8.686303404778812
119,-404.3278578185857
120,-33.81138871962422
121,-51.0893581213697
122,4.402614152434381
123,-179.90063025009545
124,-254.69881750084383
125,-43.1141326694306
126,-46.55644205855221
127,-165.62648173609222
128,-329.0582515501025
129,-62.52695013702817
130,0.3776919102650993
131,-151.8880025272899
132,-85.58019089482849
133,-542.7583217969827
134,-31.757956142690887
135,-362.2817813097554
136,-76.32696408048884
137,-71.37679321170432
138,-324.55110864550744
139,-352.16300990076314
140,-304.0716980402467
141,-16.90459628647706
142,-199.11547282759136
143,-292.7617157597348
144,-278.30199669095134
145,-56.75141019816706
146,-46.47563695533409
147,-303.493852913179
148,-72.80428914472004
149,-77.76763725349765
150,-537.245996691654
151,-513.5873854298744
152,-349.4510263280654
153,-448.2758073957629
154,-648.8912960471044
155,-102.04999444921239
156,-735.5338068402583
157,-51.489554661562075
158,-96.2869740386991
159,-53.51935636739537
160,-121.54799287751896
161,-86.95503947706672
162,-108.7865371704883
163,-274.32431494323566
164,-104.14686826251412
165,-74.87942342713127
166,-98.97207480770528
167,-123.15855392004508
168,-40.23781482111825
169,-55.50221517977384
170,-58.05492383592807
171,-36.98788884454619
172,-32.45388060792568
173,-51.212987309972966
174,-65.8562905932206
175,-57.99260402886245
176,-83.29386894179264
177,-30.941136954795294
178,-30.27068995997009
179,-48.7598745342219
180,-16.0323920529735
181,-74.49022297138347
182,-0.021791850621711406
183,-21.758510928173603
184,-10.652493829455695
185,-2.304564038199949
186,-5.6027248013717
187,-53.02276076972742
188,-32.29341967846927
189,-71.20778876636379
190,-212.4272564645027
191,-38.23923934004548
192,-42.514738281001584
193,-32.62796081973559
194,-24.550896190879737
195,-43.24813384489328
196,-26.88873775091675
197,-51.9680774549965
198,-74.97075511555485
199,-261.4641949983379
200,-168.39908889970008
201,-66.31325927585239
202,-92.40169676577554
203,-132.6676730774201
204,-51.64326022800225
205,-53.02435794370194
206,-105.43598998341847
207,-119.33299234613155
208,-154.50992275302022
209,-105.20016151039319
210,-181.52818636654706
211,-219.6964241369476
212,-49.72840954110318
213,-112.18201160898046
214,-80.41765892688655
215,-103.21797431324094
216,-120.7899942096605
217,-73.64606787857595
218,-22.909975971295303
219,1.5976772236373573
220,151.45307603176354
221,-36.965038511532796
222,-133.84839805769974
223,-37.51390825706325
224,-26.849948180496156
225,-51.19152477657764
226,-106.73095633450687
227,-29.994767253655212
228,-48.05872839462632
229,-44.6641260515247
230,143.44208776951226
231,-345.6427571937954
232,-71.67596603428865
233,-47.8484656886871
234,-77.26414670112032
235,-84.37015777881983
236,-64.78430055764544
237,1.2270242449059339
238,176.85538887810043
239,-40.53616090549797
240,-85.32073897949701
241,-52.63728965972529
242,-65.02755054243046
243,-123.58063903334963
244,9.57630986771902
245,-82.58282771866482
246,-137.2584577052216
247,-83.14681402731182
248,-72.1122250292331
249,-67.39846057299765
250,-85.78530867982428
251,-83.67327616040048
252,-11.838208063394804
253,-8.622712330633043
254,-63.43557500162579
255,-53.78643550615795
256,-39.548401091305266
257,-0.9973408777814372
258,-110.70420183344454
259,-52.606050857155275
260,-53.65302756801505
261,-10.874775568953366
262,-102.39462981547754
263,-1.7183730839003797
264,-17.299314931354616
265,-81.19507139241932
266,-55.55382935952834
267,-56.02376289195889
268,-33.23135819187397
269,-76.37425492944608
270,-33.05475584592283
271,-2.5939218097272647
272,-12.221086669671706
273,-59.78339129478911
274,-60.2689214832101
275,-58.12138295333121
276,-71.41228306587796
277,-48.389584150565824
278,-72.9449852900727
279,-7.92514273908871
280,-33.59336583456451
281,-51.00761786046368
282,-81.49848488402375
283,-78.31953487977539
284,-50.24972363778653
285,-27.442785694189226
286,-6.280083792811499
287,-16.332725760013723
288,-90.65490497807191
289,-56.68416996587247
290,-46.840792192490035
291,-29.87553464680881
292,-73.8337173431271
293,-73.39939560892694
294,-64.96427952506971
295,-56.608467236566526
296,-33.059569434288036
297,-46.38561225392798
298,-37.4837841235932
299,-91.6746804403271
300,-78.45087611923935
301,-7.47264539359732
302,-38.32395999417623
303,-60.83549029549705
304,-51.49378360118502
305,-23.647718203360064
306,-52.36062203300367
307,-48.58029021038382
308,-55.67355367021676
309,-29.87906217456144
310,-22.19061732151487
311,-48.19593642823307
312,-52.95562144110968
313,-6.677362443475341
314,-27.513857516593532
315,-40.46008433249974
316,-33.37251679292393
317,-74.71562376977548
318,-13.868137771240766
319,-48.28618731149166
320,-69.68891175056386
321,-77.7360657061989
322,-66.71142497477857
323,-71.10395445724139
324,-72.0956972536833
325,-92.57380933334164
326,-36.64937992271891
327,6.622965637268578
328,17.343016591446816
329,-52.525663603831724
330,-64.87179712186453
331,-26.034011047894044
332,-60.13313574733354
333,-15.891890594180119
334,-25.26255541326404
335,1.1825383975768158
336,-83.31026562740777
337,-78.34468723564827
338,-23.190404873699755
339,-91.39246372258148
340,-67.77778021299473
341,-22.076200678534324
342,10.482092406813894
343,-72.39810765892419
344,-34.92618344133504
345,-97.08589125001447
346,-81.54032402438831
347,-29.803998841104647
348,-59.75321045020641
349,-37.4452147064188
350,-16.973367354798707
351,-33.44855670759833
352,-29.315788929800405
353,-87.76403607621768
354,-98.10762490505124
355,-51.99472199296582
356,-80.48718754245805
357,-55.397554255537244
358,-76.86896269337872
359,-25.638021570153104
360,-113.44546499094814
361,-82.73165266489632
362,-39.47852138593783
363,-54.344886096145785
364,-52.29581864809322
365,-69.17375559598108
366,-24.894178653884655
367,-97.7473411004125
368,-97.13969989911433
369,-104.72777060855911
370,-62.38631499808101
371,-73.01492201802289
372,-78.34172107766234
373,-112.62345905985195
374,-50.19195631138848
375,-109.48283593336573
376,-73.91686476320034
377,-106.37296745462508
378,-110.48799468726935
379,-88.41872140174176
380,-114.46859904496488
381,-35.721343480430264
382,-94.71850687544341
383,-31.311885365754733
384,-42.177767521266176
385,-105.66919178991381
386,-67.24068336211306
387,-20.841701841721747
388,-56.000699697669546
389,-73.45124020869048
390,-106.10801095490248
391,-55.669745388034976
392,21.492539055989603
393,-110.38115004137236
394,-65.71896697083702
395,-72.06650649989562
396,-101.65001438498136
397,-107.99596386345054
398,-133.9607932935808
399,-51.220806887346924
400,-74.11811370752588
401,-37.10752035574819
402,-49.94592351175154
403,-84.75528474458179
404,-103.5217861596965
405,-34.08031292541321
406,-70.01247745993972
407,-97.67459448837415
408,-32.28942701244528
409,-108.49529863918984
410,-42.5551346726309
411,-54.026711141872056
412,-65.09707085677644
413,-81.78629161684134
414,-7.759327948174797
415,-126.56532260917167
416,-90.236573224608
417,-93.92944291162499
418,-85.78055455607692
419,114.05693844659895
420,-71.043861308516
421,-102.81833489316675
422,-118.0731338276037
423,-20.35084276062709
424,-25.258259657464116
425,-87.66050564958435
426,-109.54356226565555
427,2.8614239279385476
428,-87.18407236085703
429,-131.96774881045266
430,-53.14732700895568
431,-47.15985395854424
432,-81.58566708440979
433,-47.54572755228863
434,-108.17488521661961
435,-60.75975420598007
436,-77.97280016139108
437,-123.68914442786603
438,-75.67528649290593
439,-132.1975014943358
440,-46.09723840841639
441,-89.20940396816772
442,-97.86411239980698
443,-112.87545799197923
444,-75.98542589112401
445,-64.8318166686395
446,-73.98194503119319
447,-88.54806706993588
448,-103.08898681955482
449,-97.58917879823194
450,-103.87697678278631
451,-25.601750157411537
452,-65.52548101993233
453,-61.839887286329535
454,-89.54654100557381
455,72.59911699587978
456,-16.971099454477226
457,-100.37945615870548
458,-87.8734911636621
459,-58.59472468878026
460,-44.79724697842004
461,-35.7284141716545
462,-47.07588796004235
463,-135.76445622160801
464,-59.58344187534867
465,-112.8062511318557
466,-99.5503079543418
467,-42.58702028018521
468,-106.12445275719372
469,-77.88120712421991
470,-75.43109795452521
471,-115.06936571292032
472,-60.97175631474778
473,-98.41070623229604
474,-93.3012453534175
475,-73.77544269509318
476,-77.1321856804734
477,-106.87949480688081
478,-104.36410147640399
479,-52.58843844395952
480,-32.804532827108964
481,-81.29685602289196
482,-70.52779231194987
483,-70.16176284505474
484,-41.86011984456399
485,-70.94289031455884
486,-38.35398832879506
487,-53.80311085185107
488,-75.40971230514548
489,-67.61220238860602
490,-76.06709622212014
491,-51.60073455885675
492,-67.6267687373842
493,-79.67029527570688
494,-63.02614401980699
495,1.5431724733386762
496,-57.160607771607935
497,-37.59896734634831
498,-109.10477159127883
499,-82.10530185258685
500,-80.08323921864557
501,-78.99815778344046
502,-110.04366215698349
503,-12.959349880772828
504,-78.46700254523525
505,-74.93819226788429
506,-67.68752899001925
507,-106.3932265731962
508,-101.00957284162858
509,-106.5720175023192
510,-66.441176464942
511,-77.57465582099914
512,-42.31933245052239
513,-97.17213430942398
514,-31.925991848066023
515,-30.509528038514805
516,-71.14511252636342
517,-79.55294115405525
518,-101.50747163080887
519,-35.206389549430845
520,-49.42266840760331
521,-44.28122081993096
522,-140.77118202758757
523,-94.93268963415458
524,-83.25805489229921
525,-40.95808253169633
526,-60.191178781988974
527,-85.06444617592703
528,-41.83152637247173
529,-31.998556513811124
530,-65.64165802047599
531,-78.40432743206436
532,-76.80777972051575
533,-98.25313731160223
534,115.35768161081748
535,-122.15494023650015
536,-15.932933197534135
537,250.4922210525089
538,-13.80110373140543
539,-27.488646845268143
540,-32.909432064169756
541,-73.22288324606549
542,-20.49847158071913
543,-10.505520289016049
544,-27.00696661942847
545,-17.17453569869438
546,-247.95000314210918
547,-18.41292407322782
548,-35.56295514077895
549,-20.503192047246607
550,-28.570489692808597
551,-16.00589325371562
552,-44.34286824000142
553,-42.21493981218382
554,-45.34057892983495
555,-31.04943756729013
556,-14.824654158915724
557,-39.78048512976341
558,7.451847595371398
559,-70.80979852633801
560,-125.99075079252296
561,10.230950615728638
562,-31.491956968796327
563,-25.47519252931837
564,1.6981467008683555
565,-40.96139259158304
566,-43.47842147114493
567,-26.25875714939097
568,-33.009554521987624
569,-6.9227391379997
570,-81.89722493540582
571,-1.0804395420229858
572,-57.23313231655119
573,-25.58721571060959
574,-127.70359306628542
575,-29.01337232894858
576,146.5420356214713
577,149.58452664741645
578,-19.410432697134624
579,-47.36540552884223
580,-24.551653230371087
581,-44.11838236973214
582,-44.18207729385416
583,-41.955404004627155
584,-48.67520978164341
585,-1.4508561068219261
586,-45.92303069945206
587,-38.01090673886838
588,-11.10158336568255
589,-58.271674448860196
590,72.97830328454272
591,-43.36323337430659
592,-17.78419162733011
593,3.7739113794661314
594,-81.63150341181296
595,-15.322143580480276
596,-38.29287260964857
597,-20.20022810516463
598,9.973629230056188
599,-2.4496588530643795
600,-82.29725070807349
601,-20.688832637282665
602,-36.13703459267254
603,-30.29019954513201
604,-39.68079328108311
605,-39.14809496978803
606,-45.42566328085874
607,-35.147272443715586
608,-54.34171779541301
609,-34.630967388281
610,-72.58219804055759
611,-31.407628967855267
612,-57.450560152849235
613,-17.11972470463499
614,-47.11720797919297
615,4.512952943899396
616,-30.505699199462946
617,-29.83217823743104
618,30.357429553975233
619,-50.81411758220465
620,-19.603972385239167
621,-38.61593708682955
622,-41.00415698568262
623,-51.98753920192797
624,-55.685155673975906
625,1.681222104690996
626,-21.976157808013586
627,-118.36078051241446
628,-5.1816545469583435
629,-44.32163800255514
630,-68.85395236100608
631,-88.74900868710799
632,43.60936100594954
633,-53.82350618771428
634,-13.720563589836763
635,25.58182800831051
636,-48.480587108696746
637,-35.89987058578403
638,-44.527412021527944
639,-58.92790929040562
640,106.22946045829377
641,-48.246974953327076
642,15.625071717596693
643,-53.75846357508495
644,31.30563034042568
645,-14.077496212356355
646,-75.4637036091766
647,-55.53604840339571
648,-42.207889964363936
649,-68.39947451023625
650,-70.25028964214398
651,-31.22591585521582
652,-70.84516387319793
653,-15.349790831856119
654,-69.45003049148931
655,-29.316206405452373
656,-3.069573357069512
657,-11.388388392790315
658,-87.11783761412921
659,-40.44495884817062
660,-30.889530592133294
661,-65.43309025447167
662,-132.713880038438
663,-10.347398058175111
664,-47.69559669274084
665,-9.312606605716717
666,-23.8103865986525
667,-64.56848649274886
668,-75.69242872372376
669,-82.57145692443535
670,-43.73387907034922
671,-49.88683701689023
672,-6.900696167707569
673,-37.09495016239792
674,-87.22551018213716
675,-9.155962228964258
676,-95.39700228072924
677,-36.24806599131412
678,-12.53160964745842
679,1.577540868402499
680,-62.784091189857676
681,-24.057002790110044
682,-26.69334654161152
683,-40.58860539822761
684,-49.45437073150489
685,7.1347517247380905
686,-39.48576233258
687,36.23505935386039
688,19.94829681741622
689,-16.36811074901796
690,18.23459920305451
691,-101.54315599743855
692,-71.13047651089168
693,-12.013564796983045
694,-84.04414399428032
695,-28.09068515790968
696,-66.8619210982254
697,-14.05616102288645
698,12.165923539214802
699,-18.950947137693902
700,-26.968882122403745
701,-31.379098036695733
702,-32.429217635075574
703,-158.04367422968954
704,-26.69223225078678
705,-66.83089894652046
706,-45.93718094541485
707,-35.19870346760542
708,-34.66692197232423
709,11.96600341030028
710,-26.122801120751383
711,-50.935379052710765
712,-51.719243784675335
713,-17.012209858042826
714,29.952613834668856
715,-22.573954858930634
716,-27.162679204203165
717,-6.89868136163162
718,6.173142599635848
719,-61.2314645421003
720,-142.69107844764085
721,-53.805986403834844
722,-116.03371055784464
723,-37.50814040463905
724,-70.68075617368393
725,73.71366701063799
726,-27.978050826091387
727,-13.81835852724405
728,-4.407222006616894
729,153.8923227931601
730,28.674547324808
731,-32.356421806098396
732,-27.871872588152776
733,103.96670315579928
734,-44.34230818520894
735,-46.74597285706344
736,74.91377239255883
737,-56.43885393413945
738,-17.27578004642636
739,-43.34279176885724
740,-45.209714869940576
741,94.05450442300199
742,-56.33035735152881
743,150.14253865448012
744,-22.719180597877415
745,-71.1665495622683
746,9.035584526618013
747,-36.52761200525729
748,-38.102027324225844
749,-62.256198830506335
750,-14.483546745345226
751,-100.3761333675028
752,-40.24905133304816
753,-26.918947820243904
754,-50.549372734772454
755,171.61639814461043
756,-0.8626636442761975
757,-41.88828872979137
758,-24.72706188227231
759,-2.482849149468459
760,4.821391718076753
761,-47.05590895517133
762,-15.313800332963574
763,-41.65017174298436
764,13.043807659282242
765,-22.543156863321194
766,4.969813798833259
767,-30.983680521741345
768,20.390711645380055
769,-31.82676006407822
770,-21.545283144677672
771,20.730220393858836
772,-3.8881744846130175
773,-15.958990630270684
774,-16.078392678163446
775,9.70480141077389
776,122.31367745824694
777,-17.42663795550877
778,-3.6989415451738084
779,20.407436105881196
780,-17.82108876702545
781,-35.428535557481304
782,-16.77998465564133
783,-23.59961508691126
784,-67.78718620428015
785,-63.39785408110579
786,-6.830379741010047
787,-33.04993327091804
788,-59.26377199693334
789,-6.709974810751152
790,-14.839811933462858
791,-44.608731646021596
792,143.2264695185686
793,-6.374764987424641
794,0.18510391717770713
795,1.5588570498716805
796,-70.60725509288321
797,162.13433676613317
798,-40.51510324477938
799,92.43890510318846
800,-16.49336325195385
801,147.70069200165293
802,-16.215291402551067
803,33.25869751147971
804,145.2997680278225
805,180.8457004427015
806,17.660093099138525
807,9.125208221620454
808,134.27457358454447
809,-8.903572087182594
810,-70.67441113821019
811,57.56368174513493
812,173.7092864560059
813,79.04550048380221
814,161.33108040863019
815,3.8867654534283513
816,150.09283311277224
817,36.19592922650651
818,-68.44394238672656
819,15.865957095028007
820,155.44845536333122
821,-96.93925322489602
822,-64.75801824544983
823,130.42106478389255
824,25.42758637669339
825,11.605422014472358
826,-101.73715787632942
827,59.22083653185917
828,152.1361277871943
829,133.06392995552488
830,77.37960291389204
831,155.66926394282237
832,81.65358573888898
833,-74.90863962508485
834,-44.597503816724654
835,-81.88492951363826
836,156.66907344442583
837,85.83442476599781
838,-12.35727934156796
839,187.08570828602743
840,62.20397743877662
841,-32.70148369290308
842,78.68048084963822
843,157.26558502570086
844,119.03795043624159
845,-7.198454195178037
846,-82.39685031034665
847,162.6707110664785
848,-61.352294680673246
849,7.059659682292373
850,82.6207925139883
851,194.36211307460553
852,116.50569495751142
853,-26.451884585793994
854,64.31706472775605
855,202.63538113352195
856,59.999905428958975
857,88.64458008852142
858,49.34005287165298
859,72.575485625773
860,184.469227510056
861,161.32322679763598
862,158.98877344090354
863,84.7925192272009
864,205.55546840063533
865,205.18183120568546
866,164.12852641396717
867,58.32173843951683
868,-98.84042433369237
869,194.61904789613834
870,97.96696123040712
871,-40.086136176924825
872,90.69568443088075
873,225.24765722156198
874,137.3308678196788
875,-86.66405062109546
876,185.44097374449746
877,38.669605993323714
878,-16.242482683344306
879,180.07972443143512
880,127.10469326753324
881,-59.401632319846584
882,22.011434518214095
883,119.00835810045554
884,188.41320586616268
885,149.75894042094956
886,53.67080993544353
887,181.34708055600964
888,121.7142840277131
889,198.28731313335624
890,136.12553017940166
891,8.056330584606286
892,124.6894806344007
893,238.34772543864156
894,-26.775151547377376
895,186.79285219521677
896,-152.6893445907475
897,89.67175642767276
898,199.15260394495925
899,232.92237985816573
900,151.6055359352678
901,96.58595770631261
902,186.79486688611547
903,153.63472813976585
904,241.05789927389648
905,103.31588013271978
906,185.9489590083773
907,83.41084163114016
908,181.19227659667092
909,160.69454829589614
910,165.10774215521576
911,136.24992223864203
912,-28.21103951639836
913,54.243996717718176
914,158.1515440096567
915,-34.073501328432656
916,258.5953713946095
917,166.05089345037476
918,157.28856948054235
919,234.59363248405805
920,228.41944580687186
921,187.33090487806135
922,218.24789075026533
923,-166.43046782273285
924,-72.21503863183463
925,-24.68501953747048
926,262.33339500732507
927,169.32785741438656
928,188.511589441127
929,187.33174999751554
930,-16.844079854445425
931,195.67194612637562
932,120.59638671372817
933,213.36343359627446
934,230.51244045396453
935,186.48224732434923
936,28.741901185563478
937,227.50472438303015
938,258.0577350822282
939,252.08778721712685
940,214.08941520594874
941,13.10269221082865
942,259.77010913886954
943,279.2580591442363
944,20.407467245515605
945,19.461318030713898
946,292.8261938168623
947,180.19772811578508
948,-8.740698195557954
949,-33.42847586611738
950,216.2254580160327
951,202.47142311583926
952,159.37340712882946
953,186.43969341779516
954,-30.282146477411473
955,-34.659898724251505
956,265.7989638008941
957,-166.71854624255153
958,36.63287525224419
959,-165.57015791097
960,-60.436951718132114
961,-24.34275860555779
962,42.34967069626967
963,37.97437904718586
964,-6.734988743261383
965,-212.43238379030655
966,-132.88544537275186
967,-176.66431261804976
968,209.3285333153715
969,-79.21818982815168
970,-60.69155626511541
971,234.05465334002653
972,-45.620878225328156
973,4.807070672596836
974,58.351622063839955
975,-35.184769445175434
976,-52.99359943370068
977,-8.359313604220944
978,-50.35480843379786
979,-47.43896790817302
980,-175.60930963137008
981,-138.18297691335113
982,-182.4087419530582
983,22.09609246036925
984,190.74130387018312
985,-12.213467539186368
986,55.381015764538546
987,-46.18297768946355
988,246.72249874789145
989,-181.68184089244687
990,-67.78652529240449
991,-147.08247934797015
992,-58.09967715344764
993,-7.33246312464847
994,-16.578772727835315
995,-2.3613916388492555
996,246.43530715243577
997,207.58799564557478
998,11.76019999229851
999,5.840826299750162
1000,-176.40432297995812
1001,-29.82550940991166
1002,-157.79621141315735
1003,-28.399912587123566
1004,180.34574297230785
1005,-200.2536376284611
1006,-176.59343540676122
1007,-33.498713386710364
1008,-27.030341062280655
1009,-197.79855110492392
1010,-35.63500158967577
1011,-36.01668196283816
1012,-39.85734407756378
1013,-13.185691260290426
1014,268.03665187849515
1015,260.1662981399502
1016,-118.50498634662112
1017,-85.18306360579538
1018,21.657609227328066
1019,-153.7165023419933
1020,53.56200134927633
1021,-23.84231560212835
1022,-67.60779727828469
1023,20.136350173780585
1024,-28.686959230842206
1025,-28.778012488467127
1026,-3.281624516463765
1027,-177.6446304314201
1028,178.03832176216667
1029,-75.28418562378648
1030,-1.2540014863832454
1031,14.512569715496781
1032,-163.43100397989411
1033,-150.60448946690684
1034,-218.93073409442667
1035,-56.74959828356893
1036,-60.40007618788462
1037,4.018135735267819
1038,11.710760587165439
1039,-26.97551386759646
1040,-93.43202407828488
1041,1.6522751908261597
1042,-194.19878701064198
1043,91.14875619116279
1044,-89.98695272171065
1045,230.1785519201813
1046,-55.799247010287274
1047,-20.80155108743429
1048,11.108727904253513
1049,-175.19809995585865
1050,-47.03466755521298
1051,-4.49962202044847
1052,-83.93541078742243
1053,-16.594161983790016
1054,34.85554185757633
1055,-8.441601215491758
1056,-55.92106970523094
1057,-78.00462132566761
1058,-96.10590951479027
1059,-45.761541050530866
1060,-82.5165269194692
1061,7.027971927311185
1062,-26.52778747413703
1063,-43.16862497252606
1064,-51.637932240358396
1065,-81.40928818419891
1066,-53.81633776413883
1067,-49.892775914565945
1068,-190.4610274005829
1069,-154.83898636376503
1070,-64.7003709422159
1071,-78.1920224976767
1072,-88.4395883686093
1073,-156.577420756958
1074,-52.49059545599374
1075,5.663926548384438
1076,-73.81176583831767
1077,-61.53031639439304
1078,-116.15349900987806
1079,-61.299857462471365
1080,-74.96324091303528
1081,-56.78982559172729
1082,-65.82238085946977
1083,-42.36557184163975
1084,-43.52894078857989
1085,-40.04111438401172
1086,-33.94260862089291
1087,-53.90304641300402
1088,-88.09273428281247
1089,-35.02408133858711
1090,-199.7856336716814
1091,-97.45452949368179
1092,-131.27306743549232
1093,-92.72645329935132
1094,-83.50222878251158
1095,-28.60857179506081
1096,-40.64828486042049
1097,-45.348539556687044
1098,-112.38069055872403
1099,-88.34115441779929
1100,-159.6292740473494
1101,-109.01131390399098
1102,-110.03523309392205
1103,-135.64077858146607
1104,-87.05041321431986
1105,-108.73074832504733
1106,-118.14487024453643
1107,-123.26969320559567
1108,-170.21194192525178
1109,-43.32940929280835
1110,43.59411859771791
1111,-72.94439964030751
1112,-58.65712428228821
1113,184.25317086473143
1114,-99.48980035236494
1115,-47.85113249526928
1116,4.990597508168818
1117,45.66091941188438
1118,-86.80081107651938
1119,-39.44373407633766
1120,-103.99375990880726
1121,-64.73610852679394
1122,-88.73256311637874
1123,-99.48645476213119
1124,-118.19128154142903
1125,-212.97944475690838
1126,25.965284329151416
1127,-45.86764927923902
1128,-70.24234201274105
1129,32.51660935948104
1130,-57.804797784763956
1131,262.4709990202444
1132,-82.27520903549502
1133,13.518286677256611
1134,-64.36350922908613
1135,-1.4500508075251304
1136,-20.36524083679771
1137,-90.72092312214866
1138,-52.22935552483585
1139,255.93947326833992
1140,-36.17294834932497
1141,269.9258344815112
1142,256.580767842594
1143,-2.660041783489774
1144,-46.84250510324635
1145,223.42252630971174
1146,-90.18564011052271
1147,-143.2157197024382
1148,-128.13942219275998
1149,-17.121889540275802
1150,-65.74616725700162
1151,21.64681024191438
1152,-96.61190971137898
1153,-100.40419193080946
1154,-103.7914325142044
1155,-127.86173413459679
1156,162.29236278195918
1157,258.8189263556564
1158,32.62673242495545
1159,236.10614790698915
1160,-36.96321832728593
1161,-30.41549269458028
1162,205.8190287955482
1163,233.28924722005948
1164,146.3007506930824
1165,203.892605098378
1166,-20.692660957491654
1167,234.4054980150036
1168,-16.90394084963863
1169,-202.55857668816304
1170,-102.80962829524324
1171,-115.58251241655478
1172,-475.9379768794879
1173,-71.59782403859377
1174,199.34036006604504
1175,233.31879950291165
1176,-36.589933892847995
1177,211.80722857789013
1178,161.8200022843844
1179,-436.317729253321
1180,-336.5477004780813
1181,-30.157645179392475
1182,-435.6447346567029
1183,-20.053657830952375
1184,-8.506022759894925
1185,-346.54465717416196
1186,-17.21944100226001
1187,-50.084725193653796
1188,-21.300489583497857
1189,-112.76904359529063
1190,-68.39459335996439
1191,-64.70298329560549
1192,-739.5089284141876
1193,4.8558556437595035
1194,-56.971152850172814
1195,-25.056046101444554
1196,34.20352883544362
1197,-54.22975144707175
1198,-13.322345382997451
1199,-65.41124984936809
1200,-45.636764537812056
1201,-6.770860751758976
1202,-9.243106726566282
1203,-422.10510493068244
1204,6.979267803461145
1205,-8.734703301774509
1206,172.0690082245731
1207,-24.889661912637386
1208,-63.86260215896097
1209,-80.53695075531013
1210,12.449090206908508
1211,-82.12421184214573
1212,22.524276969667554
1213,-41.42346849291403
1214,-49.51056257379726
1215,-56.15883025690661
1216,-82.41380806696581
1217,-51.342214781298026
1218,-12.567274624766233
1219,-16.31449555476702
1220,-64.05443000586592
1221,-89.50491147844653
1222,-43.76962780389633
1223,-55.771715233228306
1224,-74.03769263790466
1225,-0.22971925307398441
1226,-55.60993006210519
1227,-53.41730141423413
1228,-91.5788023311349
1229,-225.1622065003273
1230,-90.30486520953785
1231,-99.8727953641379
1232,-53.058446258938524
1233,-26.72300142643141
1234,-79.81183312485827
1235,-6.17288402428277
1236,-72.69002231504214
1237,-32.636441508074455
1238,-25.97497515905364
1239,-192.83708084382476
1240,-43.05028410394906
1241,-73.43153473597027
1242,-8.014327248600118
1243,-19.571270663606278
1244,-36.47036603621001
1245,-11.106914929150841
1246,209.69154931427596
1247,-37.754734283776244
1248,-19.163841816972134
1249,-18.090705250853265
1250,-83.4030179941426
1251,-47.49525362399672
1252,-25.929940046892533
1253,-35.00322116359724
1254,-16.52775167749196
1255,-78.39600521210811
1256,-235.6413949078787
1257,119.32893673247916
1258,-133.38026447976307
1259,-78.19744421263151
1260,-9.868750421098154
1261,-37.638720803823176
1262,-30.164144799524752
1263,-1.7608245909178244
1264,-44.12441642256762
1265,-28.827857012309156
1266,-1.9128580080005444
1267,-40.01993903164204
1268,-184.31996701335004
1269,-94.71529877781701
1270,-29.22497994087411
1271,-76.47562892205985
1272,-48.655753292584556
1273,14.367117716857443
1274,-56.94141584207521
1275,185.49086704939592
1276,-13.862190790111129
1277,4.86254153659138
1278,-14.567483120410653
1279,-104.65449312101475
1280,-4.768365086766338
1281,2.6195608295984156
1282,-5.51398879729797
1283,96.75935395079708
1284,-71.74471775287475
1285,15.327480393654719
1286,-36.121706057797795
1287,-14.738812501757762
1288,-51.65478496381588
1289,-75.46029263899636
1290,-178.30375860792216
1291,11.245577048317125
1292,-25.998166044564428
1293,-25.668888118984054
1294,-5.806315622017142
1295,175.87969196320597
1296,-17.364084297741904
1297,-51.726459798976215
1298,-14.844641365926941
1299,-28.890450603542803
1300,-15.032419918031412
1301,-11.870853912258427
1302,-48.38786630352125
1303,-60.15213040468745
1304,-58.29612518946901
1305,-46.64108144072027
1306,-59.723787531527854
1307,-14.74168023978107
1308,-274.32491660624225
1309,-229.39928493650504
1310,-151.1389519314344
1311,-54.617386601988414
1312,31.854648480891978
1313,-82.46356641206712
1314,-14.740096463754
1315,-32.22766292480377
1316,-5.883211701017295
1317,14.212541391874124
1318,-19.478681387276133
1319,-14.26733147968765
1320,-246.7909727981411
1321,-24.85438301546896
1322,152.7649431334294
1323,119.72199277473008
1324,-16.788904430098732
1325,-37.482012089649636
1326,7.28697331976525
1327,-29.36019201311018
1328,-28.33456111002994
1329,11.836100585631797
1330,-40.065793725881164
1331,9.238942864818997
1332,-89.61536554417162
1333,-42.80925375594599
1334,-15.551421483771955
1335,-2.124625016440593
1336,-38.08874110068836
1337,-546.3427061990178
1338,1.4749528560615455
1339,-55.98355155880102
1340,3.198190077660633
1341,-3.699192216844526
1342,-34.133301596291346
1343,-32.85683824119578
1344,-0.6925065444594076
1345,-41.2875318678595
1346,-13.614930503277728
1347,-49.89113623894599
1348,-12.187456764269722
1349,6.5581311861106375
1350,-62.82128397089879
1351,-390.7596054246484
1352,8.491285445817153
1353,-47.145169066644954
1354,-48.84165420429837
1355,-71.959298135634
1356,-63.14859682669996
1357,-41.50044571926854
1358,3.3128656607054934
1359,0.4129458914088966
1360,-1.8127438518041874
1361,-15.434840852044628
1362,-19.174848320853712
1363,-71.74212192327998
1364,-24.518453426566232
1365,-34.07779122817578
1366,-62.64278572177503
1367,2.414603713079118
1368,-105.04847981404197
1369,-65.34113425774294
1370,-44.46078276130299
1371,4.605228137317448
1372,-8.93656900736596
1373,-13.440457009228382
1374,6.415669730431219
1375,-21.637921530282554
1376,-44.32093761215547
1377,-46.66163853023079
1378,-34.60293307970077
1379,-62.96952506393649
1380,-27.583101364071
1381,-27.539142629102155
1382,-50.22438304740622
1383,-26.355500233433908
1384,-72.34619436306227
1385,-77.38201404180498
1386,-31.054178000568438
1387,10.64455849955506
1388,16.3966736262277
1389,22.10046424022343
1390,-134.18921962824652
1391,-43.040962788340636
1392,1.334639030209791
1393,-16.84735814158448
1394,-40.15275815599337
1395,26.812149568482365
1396,-8.13510982759339
1397,-1.7289118546991218
1398,-15.692289642392968
1399,-8.384543312877621
1400,-10.317846103415503
1401,19.213174344666527
1402,-3.6888972218899907
1403,-14.20130501222818
1404,-29.323743547587064
1405,20.689235486496262
1406,-73.62525824097318
1407,-16.971062489922673
1408,-21.421830546571734
1409,4.958695699648537
1410,-33.94350891915823
1411,-26.481815795861532
1412,-43.11769363563339
1413,-53.56191188061159
1414,-17.226805715843756
1415,-27.576846492217104
1416,-7.285165800347256
1417,-26.718848436306743
1418,-3.2138228372643223
1419,-14.215741870546825
1420,-7.762133170291413
1421,9.085970163753519
1422,16.27238116278467
1423,-34.44782591827166
1424,1.2799646130777245
1425,-7.1278861630307855
1426,-3.7759894924820063
1427,-75.25169660209092
1428,20.33115326209397
1429,-52.1693500438054
1430,-5.751417756754555
1431,-24.956283743845795
1432,16.053803689249975
1433,-0.24200577149842406
1434,-7.143015527542276
1435,-8.936695539341951
1436,193.12813964119115
1437,-51.550724972834644
1438,-34.408215870362355
1439,202.44155561343862
1440,-33.707064329173654
1441,-33.86861388276966
1442,-59.32814586066459
1443,-11.364750074304728
1444,-33.3758013007226
1445,-30.02477328652499
1446,-104.48279943968417
1447,-98.43228157983354
1448,-1.1344960912299513
1449,-38.858276915806094
1450,-44.14703865511673
1451,-24.827479282079562
1452,-58.5932206342495
1453,-25.916938022930427
1454,-18.05855869023543
1455,-34.68357693841907
1456,-6.035004311474513
1457,-67.76542308496855
1458,-30.30823720039822
1459,-33.328437180669155
1460,-28.312781863862696
1461,-31.297814351752177
1462,-54.62672679650368
1463,-9.86426714583578
1464,-36.32766040067345
1465,-21.27513041606673
1466,-51.18713941865365
1467,8.532415087130587
1468,-7.158596458447958
1469,-8.542162464506012
1470,-50.50385207621699
1471,-49.68752416947248
1472,-33.60706552624067
1473,-52.0376849245757
1474,28.756527197534275
1475,-54.53740821095428
1476,-24.64210818754698
1477,-16.261418840161323
1478,-42.398239648288005
1479,-38.12539277426325
1480,-17.221723855569874
1481,-26.738115424213362
1482,-44.430563770883076
1483,-64.40138988531776
1484,12.279205777934733
1485,-66.91745800526989
1486,6.47328402938386
1487,-12.916809241977298
1488,-45.153681846463726
1489,-18.97034290701142
1490,-13.345132339533789
1491,-5.249184013615392
1492,-27.269251152915896
1493,-18.019885590368965
1494,-12.009590750837521
1495,13.88207761062658
1496,0.5229385314094674
1497,8.723259471157474
1498,-6.032193748026025
1499,-21.872546860501913
1500,6.381765486917673
1501,-11.190703684996565
1502,-26.237967675725795
1503,-38.878508869861314
1504,4.903834600272952
1505,25.142804483915643
1506,14.429315778562957
1507,-1.4833288038235053
1508,-18.79733776599664
1509,5.051054128160228
1510,-7.793863869614591
1511,-41.821171657470764
1512,16.66694259427249
1513,-44.92710769126177
1514,10.73073333900724
1515,-1.4828650362341802
1516,-29.253118089688254
1517,6.945824868302799
1518,-2.446457693932672
1519,-13.18389525895467
1520,13.605504308733785
1521,-28.488717636921407
1522,16.452384003144306
1523,-26.055709277250802
1524,-26.754547110141797
1525,13.871960396248307
1526,-5.901766633191333
1527,40.161195215678546
1528,13.89658451091159
1529,-30.030722103809364
1530,-10.264861214609542
1531,20.899287541897362
1532,-13.077468714187532
1533,10.21651423969349
1534,8.413756712954575
1535,-1.7142119877621176
1536,8.919913281742534
1537,-43.145765877262605
1538,22.087584223272636
1539,7.4356001569594
1540,34.15260615488163
1541,-29.969207294454858
1542,-17.346823149821653
1543,-3.3445735863083517
1544,19.802037382735055
1545,-27.57123972298215
1546,-11.18470179692635
1547,-30.6391151525088
1548,235.10954890350732
1549,-13.336205706624805
1550,29.652136197600097
1551,38.328707869801804
1552,-59.62176051421476
1553,218.42593921788483
1554,-23.19046970463571
1555,39.93105457390307
1556,38.561988351478306
1557,0.9117945983932105
1558,15.186844772778638
1559,253.11872682466353
1560,2.033628851997367
1561,198.7855568049996
1562,-10.655353873449656
1563,2.2495114740974804
1564,15.60587923992604
1565,202.3805842186294
1566,15.798144196357395
1567,26.679558968043374
1568,189.63042106295586
1569,-38.16212758829028
1570,146.99373602483075
1571,-35.33734950456089
1572,-1.437111680716183
1573,-55.2395342474669
1574,185.07818508296225
1575,190.83722857139816
1576,122.01340436324274
1577,99.95744328049344
1578,136.33143097422342
1579,186.9780739964592
1580,220.81942193953074
1581,139.84171104182872
1582,177.4694558629884
1583,20.64648495100192
1584,223.37813221413
1585,35.23938003621055
1586,233.23825412976944
1587,122.73682208517684
1588,199.6306698662224
1589,185.63687967048003
1590,187.52041361046236
1591,159.34737331691525
1592,-1.4564761718216246
1593,167.00886499230552
1594,182.0202780497817
1595,-40.12563134400624
1596,-25.091371778578818
1597,-3.785985996877213
1598,211.0411758585724
1599,233.43402934440743
1600,172.7833140778987
1601,177.10539416168234
1602,-41.87575780681328
1603,261.6766187877296
1604,138.80698552112298
1605,197.77575862232953
1606,-55.02215575098829
1607,114.92083555694265
1608,152.27381186042476
1609,241.192617328548
1610,172.00521890337058
1611,220.40447883602366
1612,213.5552570309244
1613,211.39907287397938
1614,179.67917352657008
1615,170.16865905966878
1616,237.7761854732442
1617,247.36693975319463
1618,176.5068131872136
1619,190.24491627423896
1620,206.69005316335807
1621,213.1710785551388
1622,139.1141890166802
1623,168.44270132476186
1624,242.8607573943385
1625,240.4364161305747
1626,187.03631231935134
1627,218.34000767131386
1628,217.26915754286208
1629,69.84927896092564
1630,256.7030080777564
1631,234.6841816305268
1632,198.16142634278066
1633,242.67391943604946
1634,251.31993315945914
1635,178.03332333102645
1636,216.16273887723042
1637,255.0618499875867
1638,262.8446895700665
1639,229.57738887005763
1640,223.6807687664535
1641,227.6990439586443
1642,167.1271198013161
1643,215.7832261955621
1644,261.26594243871347
1645,257.08317100736565
1646,211.70432319328012
1647,240.91207165641094
1648,232.15987141363476
1649,256.82614790235
1650,291.3575301213998
1651,245.6408244147705
1652,250.0731115640731
1653,207.74976423954337
1654,223.18512054538093
1655,290.43898763303594
1656,258.02119915613855
1657,216.35835883807894
1658,203.55231121715258
1659,232.07141815128443
1660,237.19733490727867
1661,232.86173913442886
1662,-104.55222803123536
1663,290.38957321029966
1664,200.94241047347384
1665,260.54725108666435
1666,219.17586362892558
1667,253.48884353927474
1668,58.24080514142216
1669,209.01732516665334
1670,195.9487373582223
1671,291.94661386215387
1672,230.9821205007457
1673,242.10403443312885
1674,254.88128840117184
1675,222.80653117280332
1676,217.7330789056192
1677,254.48156317625762
1678,-216.82254659234997
1679,237.91005711277523
1680,225.90085472252215
1681,-29.094671245236782
1682,184.4219349205964
1683,277.79547810707663
1684,294.6921451028979
1685,239.21740745167793
1686,239.1985658805305
1687,236.30179764506562
1688,248.77954563973432
1689,201.51402815818972
1690,269.1514254320231
1691,216.6574240912828
1692,175.5287750501115
1693,266.44892778653355
1694,242.29381790164643
1695,281.52827481404483
1696,258.0296449949452
1697,198.38386898904895
1698,244.19345402728214
1699,230.32938533178682
1700,213.87336463584813
1701,239.73647815399806
1702,258.7222778729763
1703,268.18400610307094
1704,209.9802623879658
1705,219.58737627601198
1706,257.043326988789
1707,201.38585163728476
1708,170.8890350948557
1709,251.5753003047344
1710,257.560509483755
1711,138.76186769057597
1712,247.2092510885817
1713,210.25165687112212
1714,237.76354443511738
1715,216.98860666030097
1716,244.63612058004873
1717,-85.35654609031033
1718,-54.331933602574495
1719,202.32602994582345
1720,257.22274786833
1721,216.71510188525207
1722,250.71994898380729
1723,260.63092663383736
1724,-45.79868353895468
1725,1.9534891309271671
1726,-51.67954730199164
1727,248.02430570416573
1728,257.2817329461333
1729,247.63233375840457
1730,-49.86016774116329
1731,175.43050221091278
1732,273.41303523408897
1733,193.2366402171093
1734,188.88254941810558
1735,258.23635109850966
1736,-79.6575712771978
1737,215.55085243132808
1738,269.06810042977287
1739,24.155716114150735
1740,271.457970211575
1741,237.44213126226157
1742,263.64311485992766
1743,228.80557854638423
1744,249.37136812875073
1745,199.59087606965693
1746,-15.176670237202515
1747,9.042110400443391
1748,-97.47600074248794
1749,237.92391993443607
1750,249.4570385800347
1751,187.7876808281943
1752,165.2783833868509
1753,172.19847991821038
1754,246.76208786225575
1755,230.51393073770646
1756,222.92192184920566
1757,222.5857868972686
1758,268.65262079072534
1759,273.87677449976536
1760,275.0085831502132
1761,275.72429947810684
1762,214.647029689029
1763,208.73404444272282
1764,249.02877817922206
1765,252.66467562601656
1766,241.07572639267124
1767,257.97434780854206
1768,223.8613194465438
1769,258.98012204461895
1770,220.88529629927268
1771,-36.88242282351129
1772,221.41200352875853
1773,249.7501089298732
1774,220.30278189337596
1775,237.50181280267407
1776,178.31559686499264
1777,270.67886636557677
1778,242.84729648785088
1779,-48.852439675454065
1780,4.976766282231992
1781,242.90270070637607
1782,236.39165706505682
1783,218.06075914748703
1784,-85.88902940359588
1785,-22.112782707752885
1786,223.18515566060933
1787,-1.6720030043025673
1788,240.4726590414784
1789,243.08910583851912
1790,264.7934972525368
1791,258.1472904645767
1792,214.80084908851228
1793,209.57690658037762
1794,185.48816284611786
1795,204.41767308437048
1796,246.7923047919128
1797,206.96250961209265
1798,256.78899752197344
1799,237.90342506311094
1800,216.57120848124922
1801,249.48312975137566
1802,200.01798291599522
1803,234.51161982069985
1804,196.81497442777354
1805,208.88268209132184
1806,272.64028983524815
1807,243.90260157644525
1808,199.48804213433567
1809,270.5943779490008
1810,276.1291533469996
1811,268.19504501269455
1812,174.26768995221377
1813,184.12848746363892
1814,241.59354175175116
1815,237.43282472733827
1816,233.8820637907934
1817,259.2809198072251
1818,234.27229643906207
1819,19.51824816183654
1820,238.5309732345449
1821,255.01444349811888
1822,139.0050192042495
1823,243.23683472699673
1824,257.23723885170284
1825,232.3736006899002
1826,277.1285323537435
1827,240.08426966387697
1828,238.6437045607204
1829,260.3056244898589
1830,-101.12492658542644
1831,205.81166366067905
1832,253.65004031068221
1833,117.18774030327734
1834,207.6143713125773
1835,143.68274647166518
1836,257.7437839720505
1837,237.04926059076692
1838,242.13800133837253
1839,241.47160717937155
1840,220.11577105235818
1841,265.712102625192
1842,180.24648401443847
1843,228.20972496115698
1844,214.0206256375409
1845,115.87236437006801
1846,230.52189675829902
1847,218.27558970792631
1848,254.11234148296649
1849,191.21145272059493
1850,26.92766153266527
1851,227.72304108627398
1852,182.3378739641773
1853,262.0975837689237
1854,218.77884982959768
1855,296.13614083884977
1856,266.5071344389185
1857,233.787479151249
1858,-61.4335463692224
1859,279.833219015097
1860,216.64496593200215
1861,-35.84055291377672
1862,275.0790702259351
1863,240.27196511100243
1864,230.6541329358355
1865,201.47576083944142
1866,-76.0751562797346
1867,263.1156432871617
1868,290.54207328169724
1869,110.55746145769119
1870,257.94175889167093
1871,-17.73493351622338
1872,206.58537358741467
1873,215.1891032923254
1874,246.30040662701103
1875,244.78812512128943
1876,259.71698760007075
1877,240.03853126518612
1878,240.45313776735225
1879,-27.98351336652405
1880,213.65754646930736
1881,179.60026385549259
1882,231.26896886827512
1883,210.97456182581948
1884,224.51202122828585
1885,252.6007239736992
1886,206.63434405229614
1887,204.4975265399994
1888,-3.6523713348103826
1889,197.7017376027429
1890,273.24672076522927
1891,166.33404914178098
1892,250.5524280494142
1893,234.27602859733932
1894,283.5729379252652
1895,207.18743183345424
1896,249.5831190929777
1897,233.70357903825706
1898,18.544739034379532
1899,247.61066903095147
1900,234.91763924154543
1901,109.47758523244237
1902,201.52093528700453
1903,260.9886605217969
1904,127.88554118399371
1905,195.66619473195715
1906,272.43401781695866
1907,247.32480174847683
1908,300.4170321024876
1909,271.82376400502136
1910,227.9968844256058
1911,186.41112818677345
1912,273.7771450995062
1913,300.01746236931257
1914,250.2303647630405
1915,247.74700514838634
1916,202.1767811595173
1917,-23.756645241028636
1918,-2.7473388648715797
1919,224.9404992409439
1920,1.0301040900964722
1921,195.2993076281332
1922,232.88875748131753
1923,243.14971511651254
1924,232.89087084340954
1925,191.54729234626822
1926,218.8953107393633
1927,194.9007087392185
1928,162.85817313484347
1929,236.38496739939666
1930,160.6137281854887
1931,260.01744808966055
1932,248.4327621241926
1933,219.51284028168504
1934,-6.831864194084602
1935,273.3014184403901
1936,272.480960027876
1937,221.198710398024
1938,245.02469861553595
1939,277.07999852383904
1940,227.00882908958638
1941,158.35269421656986
1942,227.35600622559406
1943,251.99565378576418
1944,281.42077302636983
1945,277.7816510127469
1946,214.34583996161638
1947,196.2948730159793
1948,264.80689542709797
1949,197.7659860863585
1950,187.55188550425507
1951,306.4085768005826
1952,243.5192381993477
1953,198.0100432945838
1954,262.08984107895174
1955,269.679480062546
1956,190.3109225486556
1957,212.43845589567962
1958,209.60715047697573
1959,189.80291828924524
1960,266.4483037529247
1961,288.15371629320754
1962,205.9018900037944
1963,269.233268092217
1964,225.58534358076167
1965,180.6210372267456
1966,250.6827660648491
1967,241.03331447847054
1968,246.79753329776204
1969,260.35687253147677
1970,206.26969482184103
1971,240.22492380951093
1972,199.68181851804354
1973,170.57320272990813
1974,158.78050335030244
1975,172.54426081959969
1976,217.80924593143905
1977,223.5687184538462
1978,198.79468982385004
1979,277.21298812419684
1980,203.45889720343496
1981,240.90495207825953
1982,204.79582462137134
1983,250.4748263295773
1984,222.17293244195497
1985,284.24904808046324
1986,225.16819850814534
1987,215.04409316681216
1988,211.07804890803703
1989,10.64510788972305
1990,210.6782357033257
1991,209.22161708538732
1992,268.05619163852305
1993,234.98129171616802
1994,279.8848013493382
1995,224.67731304131618
1996,246.87277196297867
1997,257.12910118914675
1998,257.8196111920138
