0,-311.27554839760137
1,-97.39518592711538
2,-132.3620671171749
3,-243.10001649631687
4,-320.10408216503333
5,-243.05148535276462
6,-120.30494127537037
7,-214.13685737454364
8,-355.90154173046017
9,-81.44858301129621
10,-42.906084648980595
11,-111.62338460558607
12,-268.3796299220576
13,-372.618818874068
14,-381.3812725032584
15,-161.853510719499
16,-331.61106950852115
17,-94.25100061537232
18,-97.07373812147566
19,-281.8830468473437
20,-257.8833425300438
21,-172.49827696430165
22,-112.21906517403777
23,-318.69570691604747
24,-165.15341065479657
25,-117.49264056901384
26,-212.06810295867157
27,-350.39068021874607
28,-379.6213084865226
29,-538.4338210742181
30,-327.5123225363064
31,-413.4320674378235
32,-294.73904650599104
33,-231.8782265300816
34,-144.21357786102215
35,-324.11563571592137
36,-120.16013222397171
37,-371.8965959507498
38,-98.35254453250018
39,-447.5805026817394
40,-96.52042572510676
41,-301.3934727915505
42,-206.87545344863165
43,-9.821379956985382
44,-424.1600568119304
45,-305.0943014624781
46,-573.5296569840079
47,-407.57720840305643
48,-414.129031445587
49,-115.15689935431615
50,-283.3971719330084
51,-289.006263818668
52,-430.99069488068676
53,-348.08054294787826
54,-501.49891180029
55,-208.14062551305003
56,-193.30271749552492
57,-523.5384429050831
58,-189.106765109157
59,-385.0855447664406
60,-500.1069691478011
61,-628.7808583958644
62,-75.26380138335743
63,-398.0060761688537
64,-300.37522243366845
65,-431.2943601684025
66,-388.35436447045106
67,-36.64099344811423
68,-318.3553946172284
69,-132.15264572603851
70,-442.0565091140555
71,-397.67049625453046
72,-429.7419066206558
73,-495.72551296248713
74,-714.9329987794322
75,-97.0972409321537
76,-437.7752576303785
77,-3.4596624566985525
78,-251.38732261117866
79,-319.20399939470406
80,-432.0573844724253
81,-427.5010969884647
82,-312.4176007495997
83,-374.69749252335885
84,-507.8617510292859
85,-406.1140890004158
86,-557.6772886291969
87,-497.06655812778564
88,-302.78199450705506
89,-367.9854508415088
90,-684.9091209582101
91,-310.27946758886793
92,-414.2231717614662
93,-292.4516526333077
94,-535.7101975649277
95,-341.89571725166354
96,10.052296655091084
97,-178.8545111251175
98,-226.0508999654229
99,-399.0383150251622
100,-448.3113968355412
101,-486.4000882213926
102,-85.51625688487032
103,-496.1558152839698
104,-136.0008788306107
105,-509.7548551709855
106,-335.6633969317671
107,-214.66022258517717
108,-349.89919555373433
109,-540.3179170750151
110,-323.1947211596459
111,-522.5426930857127
112,-277.49638544573634
113,-346.5749061670018
114,-294.66457616862124
115,-360.99528085094323
116,-399.60717402206006
117,-497.8138974217895
118,-379.15096689341726
119,-402.4472686109075
120,-372.7907260986006
121,-451.09136095988345
122,-269.1268370111334
123,-275.09855857143646
124,-392.4234877154699
125,-329.08730526593456
126,-216.02558306515365
127,-424.5980888528535
128,-377.52577029715985
129,-310.67634238014364
130,-277.1013409451117
131,-387.8068302119688
132,-386.66250305672435
133,-435.860943743167
134,-334.8274469557731
135,-520.842946614632
136,-370.9052129746988
137,-259.32137871126963
138,-470.3522452359968
139,-482.90131970354923
140,-286.6604291088253
141,-272.17551923138103
142,-513.1480581638764
143,-367.1585189634308
144,-320.95523351936936
145,-215.2346541707089
146,-307.8317074706572
147,-134.58304082158827
148,-281.2179004406597
149,-230.3648398129954
150,-393.1667221187341
151,-258.42541690681185
152,-338.2206923784288
153,-176.35193695880983
154,-170.50336764038113
155,-257.08444090260485
156,-300.9191510679036
157,-270.9287015023206
158,-293.3516311237489
159,-390.31402786065485
160,-197.01678090913134
161,-261.2664325026294
162,-306.1200958951522
163,-291.50607057585046
164,-221.81099394413087
165,-149.58681219860668
166,-282.79729385744804
167,-161.21696563539118
168,-137.73916910277308
169,-227.05922224413092
170,40.8273552051125
171,-154.17187011496702
172,-128.1679635394553
173,-173.1514884889497
174,-128.03218153449274
175,-92.26859002602014
176,-142.5035179778395
177,-113.6393510274695
178,-135.1761048896411
179,-155.84460087792033
180,-122.85619717429813
181,-102.53595404191712
182,-385.4580040557975
183,-297.68176927101206
184,-85.0423919345066
185,-47.692534696669355
186,-115.45170612502042
187,-27.43287928078729
188,14.999261789292987
189,-202.66307225058236
190,-99.387857851609
191,-95.88375921492135
192,-127.27223987786049
193,-134.05995908181313
194,-203.29509955804028
195,-129.40508799946255
196,-174.88732512792473
197,-81.26396713770957
198,-135.88244360580626
199,-25.784778093369937
200,-199.10098535153833
201,-149.49590382443984
202,-111.32217184499737
203,-87.39410249208477
204,-48.57036208274384
205,-88.48604883357731
206,-35.66945287944614
207,-101.70810924039378
208,-387.2069267282291
209,-124.94195641535954
210,-82.57585512928767
211,-178.77153592647244
212,-183.67831309722422
213,-99.94992803091475
214,-297.3356174443464
215,-83.66623668054216
216,-139.8130970976294
217,-191.5016047053671
218,-155.78453422354212
219,-113.91434178028969
220,-116.94659173757731
221,-99.09573123712646
222,-132.37588381991765
223,-111.46910872499564
224,-136.8793489857617
225,-109.0023751992586
226,-131.54411210880042
227,-281.430782150695
228,-296.58565684272435
229,-127.89073171526184
230,-58.76085141531422
231,-49.31645066529847
232,-387.37617400043126
233,-47.48049528704823
234,-198.60224280450586
235,-137.49127409502344
236,-145.85184114877018
237,-59.64328359076325
238,-59.67124073511237
239,-395.72016256192063
240,-52.815093805719144
241,-328.83029337573623
242,-65.87106772973144
243,-51.5988061872806
244,-73.54588165511954
245,-63.90329360879963
246,-69.12727232815703
247,-59.60365160294258
248,-75.09984123038241
249,-90.35936427294024
250,-220.21826100786555
251,-89.60694071283362
252,-26.843997758418695
253,-515.2559725060635
254,-182.98419853934996
255,-85.68954701115683
256,-124.52958996745292
257,-337.8068136846857
258,-366.41614405479123
259,-462.9966772647666
260,-458.08387875877565
261,-139.14807967504308
262,-482.18815571371067
263,-578.0758262992304
264,-545.5863408604245
265,-90.91238119931151
266,-343.25356865491926
267,-559.5653466923566
268,-30.730679220052664
269,-479.90179906323516
270,-480.99091917888006
271,-113.80071093111354
272,-313.0951226207003
273,-85.08414826861186
274,-107.3688615765012
275,-55.43920204763684
276,-60.456632951011265
277,-307.4058273766982
278,-116.3077959135689
279,-572.2486453127209
280,-524.136856533186
281,-85.9470845985564
282,-151.4406838959443
283,-82.23750114847866
284,-131.6815796545594
285,-54.19216576745436
286,-338.4869837427152
287,-351.32470947791023
288,-121.42085582129307
289,-545.8862594859577
290,-111.96783966051427
291,-159.80859682040185
292,-98.67290101872648
293,-185.08956848251165
294,-136.78985960641285
295,-175.43796777986864
296,-123.32245748014554
297,-150.0917731122522
298,-149.53745958805047
299,-125.18206980982677
300,-140.66362132016232
301,-163.21883688454687
302,-100.40054259463358
303,-101.5892076576376
304,-114.83920766594107
305,-134.96376554893862
306,-140.49521617740953
307,-165.2164895900003
308,-154.75727823479826
309,-149.2209941022944
310,-165.54868867138143
311,-137.3429090488474
312,-133.80708905229156
313,-164.6997069572305
314,-82.25382391744095
315,-196.49433580699025
316,-135.14973333467793
317,-125.36482110111655
318,-150.67925107359542
319,-145.25059576671447
320,-148.47655489302798
321,-135.79590829299036
322,-147.1036252178709
323,-140.96648115594323
324,-156.43439908416272
325,-125.02681351829479
326,-259.45155332725597
327,-128.26953776508861
328,-110.13713535436389
329,-10.15310526578412
330,-78.98177822787574
331,-88.71263316337983
332,-59.928431312216574
333,-96.85646498534221
334,-73.11986965837167
335,-84.48464990007649
336,-118.08899241739886
337,-142.31676402293834
338,-13.946287271695155
339,-137.3170789924437
340,-105.31591038073671
341,-149.11462665298453
342,-125.57463603796225
343,-118.3593011238648
344,-188.4621291516989
345,-88.26212696118924
346,11.85421291155744
347,-115.24262954509554
348,-108.95805791088837
349,-187.08253598716146
350,-42.36152976616375
351,-170.41350300500645
352,-102.91538301438325
353,-185.03432944379358
354,-117.56009051101273
355,-167.0560521950183
356,-133.04108847902322
357,-154.01355666750663
358,-116.4882044802097
359,-126.0671903464706
360,-93.56043840075922
361,-150.9618121352874
362,-180.59958473130135
363,-50.13481113970073
364,-121.98937406337244
365,-293.56143170469215
366,-126.88110521689747
367,-256.5327732954446
368,-231.8722474260267
369,-151.3700824100466
370,-248.36242061080372
371,-165.65313255892238
372,14.829102105363503
373,-67.25766158321605
374,-77.2656458662197
375,-93.70407052777293
376,-129.34469959509363
377,-94.14916748111045
378,-127.82816823833292
379,-49.42582254329977
380,-89.11443847405963
381,-133.19120542540438
382,-126.29773519431501
383,-140.9614310053695
384,-114.33214914996816
385,-91.2137930879331
386,-134.3249970256921
387,-153.96363597270354
388,-107.89560508350931
389,-104.99708009734998
390,-149.35246855808577
391,-20.289531815007493
392,-153.53908404396094
393,-83.75097099407421
394,-76.08396979959171
395,-110.5813520431505
396,-104.67115143457806
397,-90.10701343909061
398,-42.967294572623146
399,-152.92357001878565
400,-137.02136370535948
401,-96.75723823920906
402,-141.03627286344408
403,-137.92979386687443
404,-111.4381020077456
405,-91.66541681895168
406,-106.86073812312164
407,-144.7953942902004
408,-142.992183401786
409,-139.14104525039988
410,-109.69484966373595
411,-78.25335294656185
412,-120.09238703331948
413,-126.05053188016896
414,-67.28504178895135
415,-137.73010619680946
416,-126.42818601281921
417,-13.921478720577028
418,-119.92336802496183
419,-122.66373663668736
420,-118.1101795831413
421,-116.29105512351254
422,-163.61834830107347
423,-217.52927592647887
424,-28.759815359518115
425,-124.6790050882478
426,-156.5729127750609
427,-281.5124598763058
428,-184.33338267344246
429,-82.75875769179106
430,-158.5004531757166
431,-134.8835475561903
432,-111.36373348052602
433,-120.34289128205847
434,-67.5176437499156
435,-108.85174818833642
436,-144.07522150672872
437,-141.35698151689257
438,-104.68262296314617
439,-147.51332538855925
440,-140.51314634270284
441,-171.31384516584131
442,-132.00045175804445
443,-98.24673514641333
444,-117.56592130010466
445,-139.539263693009
446,-94.31631405734029
447,-122.72391644087531
448,-281.3485885316593
449,-132.27025595929467
450,-479.63831825292135
451,-224.49953661184577
452,-24.314397382486774
453,-150.4705720182113
454,-150.326398628819
455,-125.34684994210895
456,-102.33466679511378
457,-152.044798576156
458,-114.86153611886657
459,-175.65731328206533
460,-219.078790557667
461,-640.7669874222847
462,-568.8812232587081
463,-332.31956310830515
464,-757.8732128112815
465,-285.5422727168419
466,-136.03687314830003
467,-122.06889441292611
468,-250.4619576954792
469,-179.01683739990767
470,-170.25184839035137
471,-200.2291918473436
472,-120.71836968912464
473,-181.075288389308
474,-231.22163258323243
475,-179.56042609582084
476,-5.777136047746154
477,-514.4893653454087
478,-617.3772538402608
479,-197.8225305560553
480,-261.8493190913245
481,-450.23152145258877
482,-150.98098832230784
483,-74.57962088167793
484,-219.89425543861063
485,-591.8517893222903
486,-262.11753834915476
487,-94.3664995749064
488,-111.43128969918162
489,-180.60674332802589
490,-124.33854778974592
491,-605.8583816885246
492,-111.76359714002336
493,-373.7255606699349
494,-73.33685096979698
495,-78.90089649560542
496,-183.130804877572
497,-92.19840385651919
498,-85.3340184936203
499,-103.66103994257367
500,-238.31835123896417
501,-104.67355381413921
502,-181.37441366476713
503,-175.17639688153557
504,-4.683009397493777
505,-122.0393009696745
506,-77.14403396580866
507,-58.64362488466309
508,-85.62947540724056
509,-98.51730972260482
510,-153.06125656684293
511,-91.68606433537742
512,-91.89552987559331
513,-345.7250492703312
514,-249.58110702675137
515,-186.85392083390886
516,-287.6805435895254
517,-329.0638715887102
518,-183.20482765499327
519,-721.6009873111714
520,-143.07623156867857
521,-261.7770124862589
522,-264.7407172931574
523,-56.06266757614671
524,-161.24155555222433
525,-389.05662642709547
526,-128.9237858923346
527,-279.0681527494084
528,-129.39529494240767
529,-162.126208514271
530,-455.89560309558493
531,-171.6955751325499
532,-2.6632212467446834
533,-220.37196160403454
534,-138.65683233727702
535,-23.104630469141057
536,-228.193672055503
537,-141.95294532382175
538,-291.6502537908892
539,-261.1580967251084
540,-413.332153280294
541,-361.22736258940677
542,-120.78157308159524
543,-62.2940064376876
544,-145.9101089877982
545,-65.5613797915573
546,-196.1191279642167
547,-141.64236153651115
548,-233.13693117914832
549,-279.3290373879331
550,-282.79449667044105
551,-171.5082729333041
552,-97.74907739260719
553,-278.87824782617156
554,-31.4295566801173
555,-139.70179616208617
556,59.20058344597268
557,-241.91916711318848
558,-159.86240817507348
559,-133.33857121590665
560,-53.9379065683036
561,-246.25107183137425
562,-36.521308118465285
563,-183.17851713050368
564,-140.42593651958956
565,-139.93774123915887
566,-47.64559964085443
567,-154.5304376510823
568,-165.6885539557507
569,32.483067131790534
570,-40.88512305952486
571,-85.26062518254871
572,-81.85052959278616
573,-77.63557337487676
574,-36.051781738900104
575,-130.83907523292038
576,-129.82030704393097
577,-168.9380362846201
578,-155.00980039505797
579,-101.57523315728827
580,-182.02783499777138
581,-84.4802607563223
582,-133.77219022953466
583,-91.50763728507643
584,-120.59367934905693
585,-112.85195870055736
586,-161.1652338536224
587,-139.05529412618682
588,-161.7631325265179
589,-311.494656273939
590,-79.50724243660224
591,-252.08001300397524
592,-311.89747246528873
593,-139.10407286318696
594,-221.2848787849254
595,-322.8491977311957
596,-43.95529749329098
597,-165.19666222670668
598,-148.1805935489084
599,-265.761742252845
600,-293.4801540890434
601,-181.6175487989098
602,-94.01698286069515
603,-35.01849821110886
604,-140.7142859834335
605,-217.80300559029644
606,-90.98399784425999
607,-181.89984915596847
608,-381.72951895045077
609,-195.18806482149512
610,-12.412728169838985
611,-138.90240911864174
612,-132.8119090693375
613,-84.18065756471997
614,-83.07006819941464
615,-112.95265440904473
616,10.093166469904276
617,-189.42053635552418
618,-47.97864348068819
619,-40.59760170429706
620,-16.567807446834294
621,-127.83177871520442
622,-108.07661248634074
623,-46.769440699029595
624,-198.22853964455777
625,-232.8265305559042
626,-251.7575745786626
627,-288.59074129915984
628,-354.7435421433415
629,-226.56994982648453
630,-51.289417986577845
631,-216.9331611782248
632,-230.04962674273955
633,-203.3555090350538
634,-93.89789031266157
635,58.58189144669876
636,-107.66308322301586
637,-196.6231585150151
638,-250.35258081826686
639,-212.74542554584073
640,-194.91932512538244
641,-106.33787941984113
642,-295.2187468404761
643,-290.9385024597621
644,-242.79921839672562
645,-252.9910458571844
646,-11.798527716087904
647,-248.87220988253097
648,-136.53215356789678
649,-235.71644942436342
650,-321.4188346784402
651,-215.74631509109687
652,-161.91759821903244
653,-26.308257242101888
654,26.147266079904654
655,178.58099480545138
656,181.29744504669688
657,-158.63624585181037
658,-76.00110752932751
659,-78.02858513588093
660,-93.28670092505743
661,-128.9462000540228
662,-203.52159674450942
663,-332.6494600931837
664,-256.20528963205896
665,-198.015877994662
666,-73.02201150765325
667,-171.90404461414073
668,-143.94813448111057
669,-47.92067214959428
670,2.844591920322131
671,-119.02623940911452
672,-181.84720523052928
673,-157.798614984649
674,-115.97670249670442
675,-34.298231927476984
676,-94.94790556282302
677,-102.26914607178583
678,-36.22570730763989
679,-63.14703916678332
680,-36.793768337113136
681,-105.79246991143141
682,20.53319238704094
683,-67.7253241437623
684,-132.0882393490026
685,-40.27602174417807
686,-80.70232077896875
687,-43.63422359733114
688,12.513464167540164
689,-84.3205424419525
690,-41.38342164088136
691,-60.69037135365598
692,-63.32822562902804
693,-18.732436160419223
694,-33.98585961642019
695,-62.63401255216287
696,-70.26030444977118
697,-21.682266517230445
698,293.61653920615777
699,23.118520260722917
700,-5.648540108133346
701,20.32605091427436
702,-31.589501085578394
703,-36.50562140063389
704,-75.82171989418896
705,-66.4840432292501
706,-68.07395258656531
707,-57.32322448764484
708,-90.98796721681998
709,217.9686699891688
710,-115.73611220521062
711,-92.91583649658887
712,18.448652199224156
713,-61.629731201867465
714,-21.345108663379676
715,180.03000420614933
716,-59.0892167422206
717,-25.487772405027798
718,231.01295713944765
719,-269.4878598909804
720,-37.718265546548366
721,226.812030508874
722,269.4575162654994
723,263.25269803859305
724,-244.95062033698684
725,4.45105246414569
726,190.97904334168683
727,-0.4108392732050703
728,165.4659712787214
729,-260.37720920629704
730,170.75240706458837
731,116.1009082459363
732,200.86029703016214
733,50.509837212815675
734,126.3495298254121
735,125.63786524250192
736,13.588093884497892
737,204.4857251866386
738,41.26173693975758
739,132.5800219605505
740,-262.3514248173502
741,-93.66275841416018
742,-498.0124595460018
743,-27.548388170728813
744,274.18956730713626
745,-70.6334780928523
746,-224.45845593672473
747,-62.56173573028548
748,63.6534214509997
749,-57.57866533388377
750,-231.57585062327735
751,-53.92521979405615
752,-258.86929535738113
753,-115.47308735520699
754,-287.9899004473235
755,-182.08942487731892
756,-250.41906596077808
757,-35.04646366187581
758,-130.11303185575233
759,-79.9107475908591
760,-43.411499435316244
761,-116.03390000397339
762,127.55932431967017
763,-179.0769931804962
764,-177.7504335106643
765,-302.37889375088315
766,-76.02947614399298
767,-279.1489725672095
768,-56.98057325985109
769,-56.008360480382535
770,-74.68694925096116
771,-142.74924265121584
772,-158.81981471494007
773,61.053378466666686
774,25.326952572006135
775,-255.86272524722216
776,-21.998169855703125
777,-116.73275900943851
778,43.24790021214679
779,-286.61499065079846
780,-247.13332981522277
781,8.167684312039015
782,-23.887789985021882
783,-168.85979942999944
784,-38.17633772698919
785,-287.7277560026446
786,-11.492887408994832
787,-116.43504604429094
788,-152.53761762781895
789,-83.24136291919699
790,-233.73109940356807
791,-174.8299198575363
792,-76.40103595400876
793,-291.7075777349428
794,-119.26396931940869
795,-254.21829450696487
796,-303.2136580330252
797,-135.42253908997125
798,-127.00565296014842
799,-10.744835601191014
800,-209.35836937472718
801,-198.7729083264793
802,-227.0366018862039
803,-91.69924711620095
804,-123.58659224872954
805,-171.61040776392687
806,-137.07806994844208
807,-124.38778305785232
808,-105.69953928266176
809,-123.61245563167256
810,-157.654093513005
811,-81.58121064406177
812,-146.41997508021467
813,-110.7083675769511
814,-91.2895516717407
815,-116.90297868491913
816,-127.74635475133346
817,-154.01593306934802
818,-125.81378049533778
819,-123.83959465440356
820,-109.54917407313714
821,-167.92615929263093
822,-166.59370950724983
823,-122.06747678336907
824,-142.77538744502053
825,-172.08486170334197
826,-157.69139324082656
827,-165.65234206915028
828,-144.01804282231856
829,-105.6867451078152
830,-114.92247160622352
831,-120.35985932188207
832,-113.7302944699239
833,-144.21009937851065
834,-149.26507614745452
835,-48.56162708444637
836,-148.26246527327476
837,-67.51465657377918
838,-38.68425113016251
839,-103.64734795871165
840,6.291943705776333
841,-104.68351734031017
842,-57.44096614072477
843,-102.90313014460747
844,-116.69161819164921
845,-134.77124053177056
846,-141.1959407201607
847,-128.67306343225792
848,202.92731532109065
849,-125.69666501013882
850,-134.60800169919835
851,-119.25320145444545
852,-62.538540489470634
853,-108.9350964229652
854,-104.56582789557476
855,-59.45292124607817
856,-68.08278744141502
857,-83.71894207124078
858,-58.33126250106872
859,-55.60451382872181
860,-48.41921880866627
861,-62.01994106464396
862,129.25782040333002
863,-104.18626239160197
864,-119.76464104580654
865,136.4963200494759
866,-62.12812169034325
867,-77.35327489832035
868,-43.31622324819763
869,-77.66655793630355
870,-51.16964607114271
871,-103.66704732842221
872,-58.60060636580168
873,-64.13841755759339
874,-123.2429765024804
875,-94.53765380044655
876,-33.42944746996601
877,2.0892358616616775
878,-71.3434489050262
879,-27.187601385286413
880,-181.20928052232972
881,-13.77134749447265
882,-96.96324925825353
883,-26.83082298756983
884,-75.26341636918067
885,-88.21350464679446
886,227.01253272583767
887,-97.71281245011254
888,-41.11980170702277
889,-38.604549132135276
890,-13.55353556289593
891,-293.2797898595897
892,-389.4488639235648
893,-191.95348962481143
894,-304.6120151575103
895,-274.1368923033894
896,-181.33906730116948
897,-220.0199135071918
898,19.005161596718608
899,-127.02243517671194
900,-233.26290271930134
901,-60.742482179435896
902,-6.900945540033334
903,-210.54773756398927
904,1.9549538626913545
905,-207.8591180058534
906,-269.39861571619673
907,-23.366717484184278
908,-206.9283878079121
909,-183.83895632582133
910,-4.185997095188171
911,-67.44288997099179
912,-174.88047741529633
913,-174.60316879722077
914,-7.779666383932238
915,13.77068115773747
916,-237.31745415750893
917,-116.31968760567491
918,-178.46727711039264
919,-193.70363111111172
920,-27.339843753181157
921,-60.18287141451049
922,-100.36642140091436
923,-117.25683984068857
924,-2.7205394631992306
925,-181.0470321871139
926,-110.741880702003
927,-132.88216059861932
928,-158.89551397281258
929,-29.121480883840636
930,-135.40022434924302
931,-133.56862354650164
932,-171.66475059694682
933,-398.2077909028913
934,-436.571277470949
935,-289.0803281421446
936,-337.90101815901414
937,-403.49541407184324
938,-133.8846575797034
939,-126.4744143088673
940,-449.8496869594614
941,-56.74344635878861
942,53.16746751065142
943,-39.061147610640674
944,-130.27114947467396
945,47.910295029501896
946,-137.68579960458064
947,-107.24431365086858
948,-149.5246102229182
949,-134.17165359874807
950,-124.7382090605293
951,-71.48604843260023
952,-150.70243670579146
953,-101.67559458024532
954,-119.22776923379237
955,-100.75468710586469
956,-131.55725793578193
957,-175.82011691281895
958,-45.62787408307749
959,-123.2667068442598
960,-68.6464076027262
961,-90.35245195386125
962,-49.07436830428121
963,-135.3070878671151
964,-51.097370874189586
965,-114.22778254519335
966,-112.32508865411914
967,-108.17509563779699
968,-86.4050142738599
969,-89.42057126946257
970,-100.2143076974476
971,-85.44258651084427
972,-77.54433566670855
973,-77.22508717587304
974,-25.54307025859533
975,-26.236684420316884
976,-80.21962419384228
977,-56.81814664015623
978,-101.36367715356272
979,-91.83106847559598
980,-65.63416501262228
981,-66.46964838525085
982,-99.15548281690305
983,-96.68178899091482
984,-104.29220790522778
985,-63.874632825531116
986,-34.376544681387024
987,23.909400019900808
988,-46.34748851927771
989,-88.2879558281308
990,-37.02703663922393
991,-17.705340969848844
992,-79.79465292047927
993,-71.99848015051245
994,-74.54454473092595
995,-79.43938598809632
996,-41.505459991646575
997,-62.35870012393436
998,-76.84976650568484
999,-9.831391034083925
1000,-82.40990768736147
1001,-99.66636745737
1002,-66.54741675923115
1003,-60.03913916828787
1004,-55.14068700388135
1005,0.3756395280867424
1006,-48.84270783986974
1007,81.08055663480185
1008,-60.934174870231736
1009,-66.28147137536531
1010,-82.4002585462425
1011,-49.93555396605353
1012,-8.297060117049398
1013,-90.40702465473935
1014,-22.46848709882547
1015,-29.747878527135814
1016,6.840735234550114
1017,-54.070702985371305
1018,-78.17964717814661
1019,-73.5464600024003
1020,-79.76722746268052
1021,-78.39291805893974
1022,-76.39670333666307
1023,-91.3734440621058
1024,-2.200192980269633
1025,19.798279709942015
1026,-90.36427862997199
1027,49.293148166803725
1028,-71.96379887126183
1029,-89.85110086438753
1030,-85.93974288035339
1031,-91.31358406887458
1032,-71.97560312183863
1033,-56.00147344634094
1034,-72.93738624996473
1035,-83.75218302177981
1036,-60.57835634891374
1037,-21.157976042477813
1038,-4.540832250590567
1039,-67.69135019388466
1040,-70.18363157858593
1041,-111.31408855428278
1042,-67.00275426225213
1043,-100.6525481053903
1044,-52.18789360059797
1045,-57.89465184273443
1046,-43.47872594049005
1047,-71.33084397808979
1048,-62.86937001850541
1049,-101.08906654365326
1050,-80.7130724030675
1051,-83.51264041855988
1052,-63.54072282223282
1053,-350.9451629921953
1054,-107.3719215552497
1055,-62.11674714547031
1056,-85.02640756116462
1057,-277.54512338692064
1058,-100.42880896270746
1059,-94.78983332004303
1060,-103.0441037677528
1061,-81.7497917582306
1062,-76.22298479979804
1063,-111.68139877492379
1064,-61.24770172564409
1065,-71.77752574643463
1066,-76.64520223642918
1067,-68.12451208293905
1068,-81.77218369054218
1069,-67.72598889086112
1070,-234.5229887376205
1071,-87.84427196686697
1072,-55.52187145373642
1073,-93.74402597046051
1074,-126.01188402597683
1075,-44.58694351080847
1076,-82.38198802783151
1077,-82.56995582253634
1078,-35.39045891709736
1079,-126.92353039107462
1080,-34.12760088562928
1081,-19.87902022762211
1082,-14.766005789108846
1083,-79.554213994321
1084,-66.71946993872079
1085,-79.32521591734253
1086,-77.71283235475983
1087,-86.60554001552566
1088,-66.21276007753238
1089,-76.17813998673586
1090,-64.4358958820526
1091,-94.1588924050192
1092,-21.17034001703052
1093,-86.09435950781783
1094,-79.79857676124973
1095,-75.99097336386389
1096,-68.13365827782022
1097,-68.35402003034945
1098,-6.539495965712103
1099,-40.56351727541265
1100,-60.715499646344
1101,-62.31868789991502
1102,-9.013198313219776
1103,-66.8227096417375
1104,-74.5443362395455
1105,-30.13739960505694
1106,-97.2546127113546
1107,-19.40280280547836
1108,-75.2755631369829
1109,-46.446973084165116
1110,-46.372214562062936
1111,-21.9323778323828
1112,-71.74641724927568
1113,-81.05555337787132
1114,-76.60929703794423
1115,-70.83598552312039
1116,-48.2215812506497
1117,-54.54129078332444
1118,-100.43573419552162
1119,-67.07548883242097
1120,-96.9937967891534
1121,-26.296865105920304
1122,-78.46129685236241
1123,-91.68199276944102
1124,-41.58033609999256
1125,-45.43557158146092
1126,-47.06023534612044
1127,-76.18649110890809
1128,32.25104276830316
1129,-82.08757891854792
1130,14.838209683725891
1131,-81.88607760449915
1132,-56.52609312215086
1133,-65.42709131681558
1134,-76.01125244162418
1135,-47.105939375268626
1136,-108.16061154461845
1137,-46.48916612803171
1138,-23.627001927728692
1139,-41.24180338255045
1140,-53.613987465991016
1141,-97.66944380083089
1142,-89.43785899714172
1143,-19.266712111036707
1144,-85.22153476829106
1145,-76.81447160932464
1146,-87.32588184437225
1147,-45.627987695944675
1148,-20.98425001667897
1149,-92.99576412315709
1150,-83.0975385953648
1151,-23.777236657904616
1152,-78.78203774338678
1153,-55.854447574392
1154,-91.3372118478205
1155,8.456988197646025
1156,-74.6761273921466
1157,-20.39674915457466
1158,-88.33657123483763
1159,-52.98940478947067
1160,-48.47943053235651
1161,-74.39813910044977
1162,-64.19221757979534
1163,-77.48668310877733
1164,-42.379026041664154
1165,-54.11421316394909
1166,-8.117015044955323
1167,-193.8834420378517
1168,-32.71218696695203
1169,-71.44592428996957
1170,-79.63183707288523
1171,-8.131627298273385
1172,-54.177530957671166
1173,-44.56398734852079
1174,-9.491662025679341
1175,-72.50760669172038
1176,-97.69011772187655
1177,-84.41065710040063
1178,-32.89773436232384
1179,-55.64890519125261
1180,-48.26454649257059
1181,-148.48616750564912
1182,-56.12014627895503
1183,-18.541722155970756
1184,20.110450146280417
1185,-31.95932214611415
1186,-62.26476822374571
1187,-56.85204405809975
1188,-31.412349021325273
1189,-86.38007817690253
1190,-56.62214518543463
1191,-54.143329046899474
1192,-66.32211101760788
1193,-49.76443559176607
1194,29.118481216563154
1195,-107.77528987348336
1196,-67.73087550505926
1197,-68.53590623632567
1198,-74.44707875544894
1199,-58.639816139303825
1200,-121.97721534133649
1201,-56.85756637013703
1202,-62.64792778013829
1203,-21.499720399819623
1204,18.088724084679736
1205,-104.35517226383013
1206,-66.71470910581102
1207,-41.82232666826557
1208,-18.493430751448713
1209,-56.60187749684469
1210,-51.72968250406791
1211,-95.1283315755429
1212,-26.553874099607746
1213,-53.71762691084691
1214,-82.55172897876163
1215,-100.86112966657228
1216,-85.44419798720581
1217,-35.75517456717153
1218,-74.2511692793096
1219,-77.61173133076802
1220,-61.50068408361854
1221,-56.17709552362596
1222,-39.88280555909254
1223,-39.420378116798815
1224,-42.68861040350823
1225,-92.3699475654937
1226,-49.501869364761916
1227,190.53328955023514
1228,-66.47823612306587
1229,-88.25404721036328
1230,-37.10896262902997
1231,219.07623310758083
1232,-69.47239979245454
1233,-69.26916038738146
1234,-67.73033261988144
1235,-164.2930832396875
1236,-51.050181885517574
1237,-81.21916506414028
1238,-4.136699965637281
1239,-45.05780076409544
1240,-26.771346309353152
1241,-47.37325264128714
1242,-55.49597740889505
1243,-44.11002539481834
1244,-55.089702467076314
1245,-59.94689120857234
1246,-36.45879100656808
1247,229.6387448911419
1248,-43.11891278645328
1249,-18.464098024879206
1250,-10.652551650145654
1251,-44.876734031115305
1252,-19.49630492991324
1253,-35.172572721233536
1254,-38.32261151089466
1255,-46.919396904882284
1256,-72.74713818186154
1257,-24.81195459023928
1258,-60.9918170185356
1259,-63.22414309225442
1260,-16.206918655656363
1261,-61.49948806501503
1262,-133.1816173301199
1263,-10.361039981758884
1264,-63.51902918286785
1265,-56.99506279031041
1266,-50.29336984840831
1267,-42.42366097702173
1268,-41.35209890668685
1269,-74.02490470453037
1270,-65.49991007862897
1271,-49.73772446784065
1272,-60.312508510593055
1273,175.68146194684326
1274,-49.47515743802903
1275,-62.7567149718091
1276,0.23785420253470013
1277,-46.611296530617174
1278,-129.07138899009448
1279,-11.839714523542128
1280,-64.50547482670171
1281,2.8271266754471553
1282,24.874323346623143
1283,-18.244561370123357
1284,183.7397401219192
1285,16.162981072527913
1286,-56.70777411661351
1287,-36.379043900261095
1288,-49.15860746230726
1289,-10.655357510020494
1290,-26.622167956632797
1291,195.1479695905998
1292,-52.40938718002607
1293,10.945670936916496
1294,153.76100655131881
1295,-116.82611482625025
1296,-49.998444562012985
1297,-9.34323729642595
1298,-3.1158747005667538
1299,165.0969494607814
1300,-24.06401862334253
1301,-126.22062266211526
1302,-66.8062367222936
1303,121.14166656752484
1304,164.44556236128705
1305,-60.61060673123345
1306,-5.182909449957776
1307,-18.863306174069095
1308,191.74334142788504
1309,-91.85815050861014
1310,6.149993763399422
1311,-36.390772573992066
1312,176.40003474690045
1313,204.54062299875937
1314,-20.707569494495658
1315,-49.84400571363227
1316,210.68979862963272
1317,-0.9111616346414717
1318,-58.63597413759936
1319,76.40132218242417
1320,120.10105528029166
1321,130.3476579512951
1322,23.754229715785755
1323,119.7355518782239
1324,123.95626136801825
1325,-21.554568403093114
1326,-58.12529263439957
1327,-91.53910675533581
1328,121.2615520251429
1329,3.7968483653313996
1330,-71.3993597570938
1331,27.519999022642736
1332,30.391862503120986
1333,127.27090703050695
1334,14.875673430281948
1335,-23.02711803651757
1336,114.93482755488225
1337,10.07227602090942
1338,-113.39367813445403
1339,181.6330066360851
1340,18.21200176662093
1341,-20.67775551710289
1342,133.31986608330914
1343,-47.16385263256163
1344,153.57595707303471
1345,155.76706074808135
1346,117.1205098933652
1347,-203.79407625530297
1348,166.37887162583684
1349,22.534742947623975
1350,-70.19105671053845
1351,-12.062818533290113
1352,10.356585369630594
1353,17.984016142793536
1354,138.8084742428854
1355,211.31173352063044
1356,-58.62068000273412
1357,-14.710632850065286
1358,34.31854602753137
1359,48.9494773971571
1360,-19.696767671476977
1361,-11.940604172882004
1362,30.398093439230905
1363,-109.00856190145961
1364,125.71292778879096
1365,-4.795206845077447
1366,-34.19435901372911
1367,233.89086156069772
1368,-148.7912152976168
1369,153.92793352872982
1370,130.3331935256773
1371,-110.8413275187063
1372,153.6709001087326
1373,-48.222576330862
1374,139.96989832083688
1375,-108.6687878171295
1376,231.6498558054886
1377,241.8135198358457
1378,-19.28658315267215
1379,138.45238826361322
1380,-212.01933371318995
1381,191.39666012976363
1382,176.77234397350236
1383,-223.84965551564537
1384,199.5640091218816
1385,-72.64445196105854
1386,161.12249189044977
1387,-90.43218825628317
1388,158.16041247314445
1389,-116.38863777833879
1390,34.211268727308536
1391,5.038848532308719
1392,-38.102501617782735
1393,196.7277058983791
1394,154.30545578675617
1395,-101.41226824486924
1396,-37.721573942480305
1397,-12.495557571020498
1398,146.58138478390237
1399,222.68812365848055
1400,-48.69537268906085
1401,9.586959382536856
1402,-88.37405989066622
1403,9.173174969232653
1404,-75.69620242381956
1405,130.823794987759
1406,19.215408513176392
1407,9.731783091193915
1408,164.27003348798905
1409,-11.736820565806434
1410,180.6330379918199
1411,118.99386136501394
1412,141.86360549075874
1413,102.14092324843584
1414,37.1571215532841
1415,-15.465514389676372
1416,-87.70048519342717
1417,-240.0880474144602
1418,-89.76070431785267
1419,67.56101166641207
1420,161.6329144764687
1421,160.8383766340778
1422,-33.69891525560659
1423,196.77011826408327
1424,-37.18235732987279
1425,-86.72961559714138
1426,-20.468198088899612
1427,23.052510040269095
1428,-61.6433827183218
1429,200.64787874230893
1430,22.214239033942064
1431,184.79257463606368
1432,10.115713761896485
1433,33.04619043104955
1434,80.1981719020187
1435,-45.08057395873904
1436,47.187685348619446
1437,217.2057586002765
1438,-39.4371346560405
1439,-57.81571036981829
1440,-5.814445295167317
1441,-83.88056674489002
1442,-31.72702367928656
1443,176.44829387907473
1444,-61.066520011521696
1445,-59.03732015218699
1446,205.5593269921771
1447,37.1042817814882
1448,191.43407520351576
1449,26.119921052647328
1450,219.90413804658823
1451,156.03997624500735
1452,10.410341774571975
1453,-54.27177370925134
1454,181.53727554155108
1455,172.2479411977518
1456,-10.710006134575238
1457,150.95598751293588
1458,164.5168324392328
1459,231.50547531132503
1460,-32.80533502451625
1461,200.56385122161817
1462,164.53662855588072
1463,42.032629376020665
1464,34.75358443786911
1465,127.92473880293869
1466,146.13817364409067
1467,125.66366860749712
1468,233.29661273220918
1469,-23.73013115364813
1470,-19.55802052858499
1471,62.804507058292295
1472,257.5655341366296
1473,53.60265531121176
1474,172.00467029926148
1475,183.6758077611903
1476,-49.83122220053853
1477,196.66978829718875
1478,202.76914722636485
1479,33.83904662022121
1480,138.22170991263206
1481,222.79556381521522
1482,-0.5284493036237166
1483,-16.032599045226817
1484,18.28790010681128
1485,244.2009205291718
1486,280.42109972592823
1487,75.26748346287783
1488,-30.157643264790593
1489,207.2575869412928
1490,181.55807751256685
1491,20.707465444882587
1492,196.4993959775616
1493,143.85675515412171
1494,222.249858025992
1495,16.772981440209605
1496,197.89076201374604
1497,158.4314068964856
1498,256.85520902887777
1499,129.80562790418682
1500,-10.151357493113224
1501,-18.104566909757366
1502,5.575940436835623
1503,228.6249053247936
1504,95.49937446078451
1505,6.251889529288114
1506,225.16614757394666
1507,-59.767717103637594
1508,187.5368507414766
1509,28.780587831534802
1510,221.9433937021808
1511,193.86553330229418
1512,198.0938531944822
1513,59.56828853071508
1514,203.35124017296508
1515,207.82710536269616
1516,122.61257600776773
1517,198.36155341517775
1518,265.61646718028067
1519,210.0601660860872
1520,-34.86813602722802
1521,209.50134314836015
1522,133.89337618299697
1523,104.99227341146964
1524,273.74831798168316
1525,11.09628238273443
1526,86.139720568229
1527,213.2204486463586
1528,225.11798753566814
1529,223.56432535194483
1530,14.360333509291692
1531,211.53283948958767
1532,23.854086278814066
1533,16.250194909894248
1534,-20.087309658825234
1535,0.5523663354998973
1536,208.9053999700514
1537,228.6323017025635
1538,223.47859478506928
1539,208.55023734624302
1540,212.61411615818463
1541,143.39934226646358
1542,195.45094912783594
1543,261.46319196347196
1544,7.299288924285889
1545,207.2806733271919
1546,235.32789368771103
1547,230.48214907223425
1548,228.88873206908605
1549,216.92070435863755
1550,260.78861806216844
1551,-25.90740124973665
1552,216.28797230726963
1553,144.9666790776385
1554,-0.9090710975072369
1555,293.6858859695099
1556,190.05866644933312
1557,-19.779803342496265
1558,207.74253686694203
1559,132.62571365067387
1560,250.26141811683425
1561,184.686290593705
1562,225.46732437478232
1563,284.82229150534727
1564,-10.785861122791985
1565,-43.39108019745015
1566,197.77025516516454
1567,198.61622517163937
1568,129.27603021243553
1569,201.37040507642595
1570,234.81027337189732
1571,210.8528652903011
1572,-30.637657324616555
1573,-51.58000097179111
1574,93.27379268636835
1575,224.4381475293504
1576,-50.08149492493219
1577,-22.458080386221425
1578,44.960062328405
1579,251.99811849432524
1580,210.0040659797147
1581,188.1355502699259
1582,149.53691937803765
1583,186.2162723206623
1584,216.05044413505914
1585,85.20082426498247
1586,183.42164393733424
1587,93.90997119165198
1588,211.1265445488848
1589,231.24199841762956
1590,242.20829243129612
1591,199.40279004508614
1592,202.17017111095487
1593,140.7488245250468
1594,202.05313134315435
1595,213.43133357241948
1596,256.8329438463875
1597,280.67675891325143
1598,226.07325507511442
1599,3.6550611034556937
1600,147.0686910264054
1601,100.350180183938
1602,107.72647994228475
1603,190.79597009884202
1604,226.7933955764832
1605,206.13671218165194
1606,82.45842800887168
1607,176.7454684028953
1608,-21.387297057854155
1609,260.9926587294918
1610,276.5626615768132
1611,179.76572697995488
1612,267.62505908770356
1613,210.66899725399475
1614,196.35084292114465
1615,198.34796979064203
1616,199.90554707106298
1617,203.17211687955057
1618,177.74948770192503
1619,237.43600264855212
1620,-28.09354366803052
1621,226.71497017303432
1622,-67.82763036967145
1623,-33.12961370020223
1624,258.5752067538104
1625,-83.42359751384937
1626,272.3819371694183
1627,254.57776580814206
1628,287.9424334916828
1629,211.59331484306995
1630,289.36533915110203
1631,221.66801080075345
1632,217.4549729097485
1633,299.20149534505595
1634,-43.69144471907184
1635,-53.62130808308979
1636,177.88576672800107
1637,209.2986827409252
1638,287.142891498665
1639,252.27103856824266
1640,218.1821303126989
1641,-42.58607707772475
1642,177.3207491277762
1643,205.1444167835778
1644,206.75411085887703
1645,255.72307039472017
1646,267.35518718662786
1647,244.3090753744509
1648,216.86377771320923
1649,281.5709148537171
1650,244.82129956159514
1651,144.56835825853378
1652,132.23403906519115
1653,213.6617479965072
1654,283.0975840128442
1655,213.4135405457347
1656,181.04728545911655
1657,277.59184824819613
1658,267.4688163825778
1659,205.22475444508893
1660,279.85040828199067
1661,240.40109639194958
1662,240.90040251720015
1663,205.93627376487748
1664,201.90035977267257
1665,-4.603982251169143
1666,206.1590739716668
1667,233.1793230861846
1668,196.64099932428894
1669,214.56652112016343
1670,265.93869803457795
1671,223.5637857455461
1672,19.793234731478506
1673,287.1492292206387
1674,212.62950130363237
1675,203.72752025027685
1676,237.8339797061962
1677,215.05602462812712
1678,261.96817339417805
1679,202.57872422436617
1680,140.93127395331445
1681,226.15966569016422
1682,-101.65180112608837
1683,275.2300739347986
1684,225.54537088109907
1685,189.52337728427364
1686,216.91548838286232
1687,203.79959926141916
1688,-275.7492624819409
1689,82.6241167119152
1690,173.45478651667491
1691,224.53655990145558
1692,236.6619547640774
1693,282.5190293516269
1694,-229.15631246908634
1695,235.96511125818066
1696,298.69694099388454
1697,237.23319843310892
1698,216.49898435759667
1699,197.25516198696914
1700,273.00722394671425
1701,85.53327783338186
1702,241.57473098688757
1703,257.61823249733175
1704,191.06034908437306
1705,-31.25413505673515
1706,-190.68241540860748
1707,251.915372567142
1708,214.22008323598652
1709,253.94009399803056
1710,288.02976729938257
1711,199.51675414385693
1712,290.3388777447578
1713,168.38132531382456
1714,265.55974667875466
1715,7.442803076431531
1716,199.99288180522365
1717,135.63658201139418
1718,134.1063549919952
1719,186.65893294201135
1720,-65.2467989756232
1721,268.2590614727234
1722,277.1986960960294
1723,258.79162197531554
1724,-24.14085737568537
1725,187.41349085968636
1726,19.73109547964765
1727,246.9832107255973
1728,294.44065015719775
1729,67.64779609599974
1730,216.58407322553504
1731,276.63046519930776
1732,216.93168299162164
1733,219.76186066552873
1734,229.07838048094357
1735,237.12950207375215
1736,-41.27919668029334
1737,190.70054887159245
1738,255.893090150882
1739,193.75169154148125
1740,189.20561683023834
1741,240.97668118990322
1742,263.3919662922974
1743,259.1325500425505
1744,239.41716093443196
1745,196.49989182320655
1746,194.23806741952427
1747,258.28141102908774
1748,239.87173590146165
1749,244.37359285132797
1750,279.20989653054954
1751,185.96471189596423
1752,149.67282006330177
1753,180.81346125764196
1754,247.8271852199911
1755,173.04072901933915
1756,-16.215950627462675
1757,172.36424247272595
1758,185.37394195760865
1759,276.2514469082588
1760,258.40831993148834
1761,285.8767824347258
1762,-64.6217762048639
1763,240.4180252902111
1764,261.9571259374403
1765,176.67343336194287
1766,184.13355501419392
1767,227.76667815062987
1768,250.96433233336697
1769,245.81172360224065
1770,-28.92984887249888
1771,186.9168090338191
1772,176.04814880263316
1773,236.9400907103137
1774,220.15561529304404
1775,185.78731802875137
1776,213.21067136181244
1777,177.5501010442636
1778,183.25447675549043
1779,280.2920136288684
1780,-38.36800759524115
1781,294.63043257739287
1782,246.503192940186
1783,2.194301179695003
1784,199.50940059840167
1785,205.22093285502595
1786,207.80576225603517
1787,201.85249475003974
1788,221.10666484638864
1789,256.9680939537532
1790,43.855782949558574
1791,213.03987332377793
1792,123.85509645392435
1793,241.5696874854984
1794,161.03145010331187
1795,277.5748375733979
1796,229.90055578677917
1797,22.144509174634678
1798,153.1612522801296
1799,194.4893651318608
1800,-69.25231178457868
1801,249.29624136512783
1802,212.63338205780954
1803,15.92678531091849
1804,218.37635968600944
1805,218.78832961789394
1806,202.05905952840374
1807,231.4560123795367
1808,289.6691747999287
1809,257.300571536408
1810,278.9888158892559
1811,205.73376789625704
1812,165.22277636934268
1813,213.120654983177
1814,182.70542624264084
1815,161.55738337187242
1816,196.78087674416992
1817,-191.86396276909693
1818,214.98772153343424
1819,-56.92104265349789
1820,-44.01478245588275
1821,191.03519968533476
1822,174.42795277709797
1823,200.99498725913202
1824,261.4184479489433
1825,193.8456598420462
1826,160.60506674816196
1827,263.83762459979215
1828,278.0340482911055
1829,-4.228216505520095
1830,210.34093074608333
1831,192.9912677177433
1832,207.72344668431262
1833,234.17789043041148
1834,192.81232615300496
1835,200.75492682507286
1836,211.20164530058278
1837,223.06487663502895
1838,236.79773990678788
1839,169.7191548894454
1840,220.81838335188468
1841,-46.29178383900927
1842,243.20661538029967
1843,-56.47292055366594
1844,-585.9559834850182
1845,199.34558773301882
1846,166.6610216643801
1847,183.09144805901494
1848,142.70765998901567
1849,194.39495655473087
1850,-501.49429833913655
1851,139.50386693594464
1852,188.68458435942404
1853,-40.641413028869124
1854,216.1187031977028
1855,-511.6905780347593
1856,-60.46014703713632
1857,190.3467268529052
1858,266.0860662562798
1859,223.69613463425225
1860,197.30732730156765
1861,176.8129157058858
1862,206.75979397020092
1863,-26.34791203702747
1864,175.95330838094264
1865,176.58494629638164
1866,-240.40053232140042
1867,120.66989399727375
1868,201.35406297913613
1869,222.57215495040822
1870,232.39154840247593
1871,201.81721555302641
1872,-84.139258071967
1873,97.12231993619191
1874,-289.5784211641941
1875,219.51462221421937
1876,-194.84862029595828
1877,-365.7557434894404
1878,-245.68198072391627
1879,214.38428481123896
1880,114.48862667271263
1881,186.06277782570783
1882,123.66912633027508
1883,-47.22402639003174
1884,194.7276130267347
1885,215.26648052250252
1886,-201.99732382833548
1887,95.20571445719027
1888,-268.0523829254055
1889,106.29343260368486
1890,-34.73203089726417
1891,-238.94578729830008
1892,107.93359538736829
1893,213.8199446037903
1894,85.75411743981118
1895,-267.164157578963
1896,-195.79161758229347
1897,215.10618159445352
1898,193.2033088264326
1899,204.3311910413927
1900,96.72534709637856
1901,-32.72839421036166
1902,184.46821580596952
1903,234.89777644287494
1904,223.99439619508186
1905,213.72379414742983
1906,-0.9450656381526272
1907,-57.442872401369144
1908,200.32507677284752
1909,252.691349244272
1910,164.559340121481
1911,186.9911758369169
1912,128.49690066565086
1913,-155.20745847900116
1914,145.2584136698928
1915,-46.90903662373381
1916,266.8707353346754
1917,221.34576525745496
1918,169.80859031381442
1919,0.8862234814987602
1920,178.5741611349444
1921,77.68812483802515
1922,7.788352096713041
1923,-48.99776942161162
1924,154.68688315348243
1925,165.44028815489838
1926,250.01539980562399
1927,182.82196567707373
1928,-48.7916056307038
1929,-22.340798019308053
1930,65.74002424319765
1931,-131.61785824084862
1932,-35.089784869516336
1933,-76.1950608682755
1934,-52.54116826951275
1935,161.598801792917
1936,214.11910493433885
1937,240.41759409683473
1938,-59.916233081071454
1939,207.71262734913904
1940,196.14274318138095
1941,240.3470164571548
1942,181.87687494916088
1943,-100.01559998785649
1944,174.622935185595
1945,-88.80441727327803
1946,213.3265745900809
1947,-313.79045062812173
1948,-89.41545774698994
1949,209.7882350322687
1950,-67.4882217396077
1951,-92.81489083127623
1952,227.54247835936593
1953,166.56484056542078
1954,-70.18736580458511
1955,142.08641917053356
1956,-89.48944147905053
1957,118.82363840414038
1958,-13.60787920841274
1959,-98.36971578513337
1960,-73.32527546279893
1961,165.5709453151544
1962,220.21744048122338
1963,-120.17430348491685
1964,-16.210313674000588
1965,-147.09318713911642
1966,-26.85250049615243
1967,177.34668630074037
1968,-202.5456882642573
1969,148.19560569580588
1970,-151.5809972807256
1971,-64.96068923411775
1972,174.58592187953042
1973,-71.98236832718057
1974,-105.47922996527734
1975,-13.017060945333014
1976,-98.04915372530876
1977,-156.87722293193272
1978,96.04012337808695
1979,136.0987355690417
1980,-151.50193656735965
1981,-262.33308179279027
1982,182.6772172129583
1983,125.51919878279166
1984,99.09927460424369
1985,187.34559373042526
1986,-172.9873531893875
1987,178.6886204493473
1988,-166.95852202077646
1989,156.84016905389723
1990,237.7501979671135
1991,-72.35042122283811
1992,66.29594216547342
1993,-58.459383066194896
1994,-61.225490614268935
1995,-159.0448694226768
1996,-77.0894417563905
1997,154.28677324307603
1998,95.04957640665039
