0,-160.3390261635246
1,-285.9064270306874
2,-121.47308831373239
3,-136.90890638625763
4,-125.24158278165474
5,-146.3958221012614
6,-158.975097294463
7,-75.98427138581363
8,-162.10213985196876
9,-156.51076100814618
10,-407.9494310124939
11,-106.63235558168398
12,-87.9571646755879
13,-294.26382154127714
14,-43.053406813090945
15,-59.546763369434274
16,-332.8239408589236
17,-73.01696946280065
18,-81.68717535945501
19,-105.60843757061889
20,-256.1112822162212
21,-94.5193242929682
22,-80.70769423548383
23,-177.2365770533466
24,-67.37591878588086
25,-244.63479927965943
26,-115.55913301046195
27,-117.91431489587427
28,-150.64345652631982
29,2.5519561539072413
30,-51.94568342487949
31,-125.62701624501855
32,-125.93522171744127
33,-198.38933900964304
34,-232.20371004735384
35,-213.29169776822403
36,-156.2049992916323
37,-294.33651517287376
38,-88.03571365487869
39,-256.41340180728463
40,0.37919348489006666
41,-144.5695438817225
42,-146.3726469028859
43,-164.31726993695602
44,-76.22200392365168
45,-265.39305778636646
46,-128.680626324326
47,-105.5686690976067
48,-87.43182057601395
49,-107.24042358729433
50,-144.08401966409778
51,-108.17049138057926
52,-85.24959308459349
53,-131.792373360777
54,-106.23534486296865
55,-142.01736488064708
56,-122.26534786915538
57,-75.35556704797489
58,-98.16251536006311
59,-145.93910903896648
60,-61.73889559269349
61,-106.83714647625801
62,-119.57856883713751
63,-100.3078163438263
64,-213.5710697011324
65,-163.97079267908288
66,-81.7942878661532
67,-51.80234417290168
68,-69.16251766821551
69,-106.74619251084034
70,-16.72326205564994
71,117.15921296832768
72,-68.13005620185598
73,-5.41537309152897
74,-113.04054604952967
75,-186.5752128662866
76,-166.52052912852824
77,-4.501152392017929
78,6.4665183432402955
79,-136.20182735226018
80,-262.63323850213374
81,-120.04485880214965
82,-29.921087790604744
83,-165.12787906305215
84,-98.74199957065913
85,-6.681267415448346
86,-27.34252205338234
87,-224.95240687293216
88,-88.14335416455216
89,-192.4901106695654
90,-59.90352470812855
91,-272.5526047538273
92,-96.64219501258049
93,-271.6592463335233
94,-33.0104102283276
95,-123.38971192705245
96,8.88178370219319
97,-76.03045849508841
98,-68.10266910243251
99,-266.5545481451798
100,-103.6137309858039
101,-88.61384836817892
102,-46.92350447413867
103,-27.284706831714796
104,-53.11985081814963
105,-141.81070987253997
106,-79.93662783916093
107,-266.0540901976014
108,-68.30790311534851
109,-72.71841354657077
110,-39.515998037099145
111,-98.71580439977214
112,-59.30406409696171
113,-77.88312932684845
114,-50.2077719153107
115,-111.0468056730933
116,-44.753763485144624
117,-44.64996155028144
118,-5.811486464343359
119,-38.37339177789974
120,-145.74418176947086
121,-24.27616925489251
122,-72.76052398490013
123,-90.78006588109247
124,-16.236405212831034
125,-74.99767001099038
126,-75.94451041708056
127,-59.814067099441054
128,-26.82123686873508
129,-73.3984303881438
130,-55.46978040356035
131,0.9753211900280818
132,-26.812367551090492
133,-59.59457709157245
134,13.005112468557266
135,-31.636388242933055
136,-43.144812512548604
137,-223.63914102184447
138,-20.171100240253764
139,-43.640246435720584
140,-65.74937739859203
141,113.10011487893776
142,237.4181134525391
143,-55.921435278805376
144,-407.29689789251864
145,-14.221009855992058
146,-68.36254755879068
147,207.40903256682918
148,-9.098877230743636
149,-43.19116008492446
150,-34.409677867633725
151,-62.39910113616729
152,198.28328541811746
153,-22.689206659094353
154,215.31310761607298
155,-69.87769256617827
156,-33.19007969337698
157,-52.2419123958259
158,-13.352722224668295
159,-34.72795426567398
160,-35.22059495692194
161,-22.522639502734368
162,-60.19036070616278
163,115.10097947103587
164,-77.77252925952045
165,-26.61490411986294
166,-16.54622100135982
167,-7.506018402947677
168,-66.25802387465595
169,-39.4309893266035
170,-60.2113232991982
171,-76.67287446328581
172,-39.155722498172324
173,7.303118464271476
174,-107.02409295418897
175,-36.404300252374995
176,-39.153507494175436
177,-12.417094108029836
178,-21.730212295676036
179,-53.363033799169
180,-62.31426506495043
181,-17.08968637532935
182,-24.8745104510297
183,1.1632804665310006
184,-25.4303181947752
185,-3.1069442033853836
186,-15.866289662456555
187,-12.143651621738632
188,11.068933695736671
189,-46.21492916265161
190,-61.36037288392499
191,-51.854437073149505
192,-22.58561647018993
193,-48.93754367098599
194,17.465915502232747
195,-14.7760157364552
196,-30.54298592419458
197,-34.531173815265106
198,-20.10518644704403
199,-34.89917089314367
200,14.842520464052141
201,-43.07074847883815
202,-34.45074447641127
203,-71.62104156519952
204,-23.920763325701635
205,-59.66524204800194
206,-9.545407352783043
207,-14.370271613464668
208,-60.60362979316191
209,-55.81220793795996
210,14.489793874634557
211,-35.32625725305207
212,-4.360501168097114
213,-16.43509425032387
214,-15.539833911349984
215,-12.251110006747675
216,-41.04393178354787
217,-17.211438860244808
218,8.659048754041207
219,-17.158551076118645
220,-26.495993669074398
221,-9.859172054203487
222,-43.231936032431925
223,8.915087200395257
224,99.71416699062861
225,-3.4636836812476925
226,-26.480268401092363
227,-30.576653231676147
228,-30.86304222036942
229,-30.103868122607746
230,-23.636828348429752
231,6.998033583829001
232,-17.103334681748482
233,-53.39117504461423
234,-61.829532920123505
235,18.962200555608476
236,-23.690225516668765
237,-4.959636748037776
238,-7.189951675983443
239,20.395006636801806
240,-3.068501730469296
241,-25.08876690619649
242,29.653175755954415
243,-13.343543338927839
244,-20.833034011493808
245,-35.99497121245022
246,-51.61790863550692
247,-0.8343855269350127
248,-31.235262295355025
249,-49.226127765778635
250,0.20373774185663868
251,15.52691802498121
252,-15.073432846012915
253,5.544290226120913
254,-14.898128224015577
255,-8.861965447334242
256,159.00833312947344
257,280.4171019555407
258,-26.08535740568799
259,12.058220627843548
260,-21.70189926715603
261,-49.57294157465735
262,-5.529711032805457
263,-38.47504789398107
264,-11.277928459498112
265,-34.332481501253525
266,-30.588840230184967
267,-9.159841967275636
268,145.04379314958737
269,2.261549813036777
270,7.6513400773040745
271,-15.53353687216458
272,3.4055427360265744
273,-4.344003378263277
274,-15.953745176576515
275,1.4403397587679467
276,-19.366326655100504
277,20.279877433426382
278,2.003928459272813
279,-2.9113438619507352
280,-48.761371088306355
281,-68.95824326809529
282,132.04846322647234
283,-89.02755083333444
284,57.485498910469815
285,-17.74166745238958
286,259.183226032089
287,-6.046496340064465
288,-32.74313377784004
289,192.5019665236343
290,186.7567746437682
291,-63.014752627341196
292,217.2483497167847
293,227.41092711711462
294,146.89684394868647
295,209.8269595982395
296,259.4293274704912
297,162.20063588060057
298,154.89814943016268
299,215.05776135961082
300,207.61048396537103
301,277.57036996531485
302,185.80853598987625
303,188.1999283027583
304,207.76631908810498
305,190.92161797741454
306,261.8597643037737
307,174.46798523930966
308,185.3889058037493
309,271.68045347319867
310,-38.5394344821597
311,176.20530633938998
312,281.1091253566709
313,220.64366787531713
314,182.884515709953
315,270.3725436918217
316,249.80693207069652
317,206.8484620856641
318,264.13978737507114
319,167.1730666247105
320,285.09545506255915
321,-8.655869262081069
322,213.5998136016113
323,236.3002094831066
324,217.29934391920096
325,235.48532681890165
326,271.9934960746165
327,266.63419624874257
328,226.5790907338303
329,275.8443212927824
330,225.02814435900873
331,268.87616415472826
332,244.25640643977417
333,257.33935837875447
334,261.15233089169095
335,247.78011092108616
336,-124.2668318329683
337,256.39973107268474
338,281.9362162804627
339,252.07359630377232
340,247.17438333912096
341,277.09848028374665
342,43.05670651535104
343,196.43919638313105
344,204.86225426984385
345,250.72868902807096
346,234.87507264003193
347,240.2558054107127
348,265.1432983067204
349,246.17235139608187
350,291.8802521334778
351,274.2237945721727
352,263.9084395318861
353,-22.13929669773509
354,88.94939415302167
355,277.15654882772134
356,315.4630638592182
357,293.7559883023026
358,198.57712206865273
359,230.30438637750166
360,248.00319619932137
361,187.6906677660092
362,239.17254267567063
363,156.56850713637277
364,253.5047804840156
365,219.59607090776177
366,256.42835306783553
367,291.51005039303345
368,274.01656968128714
369,249.89027624440064
370,278.5947519414218
371,218.4133713105173
372,306.20469209766554
373,203.50292882996723
374,210.22501362666975
375,247.25964175756434
376,279.5634216724588
377,195.80669535813524
378,302.2594845681722
379,263.112647344944
380,14.842241735326084
381,13.600393731218873
382,57.16574742602447
383,44.20777616050029
384,-52.32339242419631
385,11.11790826282433
386,261.45007180764355
387,227.83003455585168
388,174.3090086967802
389,217.3198303161422
390,30.38758557414843
391,28.12063843214301
392,237.88878675203696
393,239.165263926591
394,302.43302146504345
395,216.7493084075819
396,3.898459713316555
397,258.38195308725403
398,19.067124318345904
399,176.01569797378795
400,222.0243172860704
401,267.00269335023563
402,231.5471105940713
403,237.49129101562465
404,29.13479419852166
405,208.59625138434734
406,232.51718701683615
407,29.710231575172173
408,-21.42240235135567
409,244.14870855838527
410,24.402004461048904
411,22.000714230700652
412,238.87784918027074
413,191.36394575052816
414,216.93120741799282
415,52.48782525336421
416,244.90158905181357
417,5.868496734995503
418,298.12589641226754
419,3.6166923581177173
420,216.8310827433745
421,247.0954393788691
422,256.4673183846027
423,226.46820233566498
424,273.5457936065278
425,250.5841943401112
426,256.43263833553715
427,258.46265829452136
428,185.41638859306207
429,256.05760404906937
430,13.384817201255217
431,268.8118478090549
432,38.62276789036261
433,285.6109862664384
434,254.38800241309565
435,23.792855663422685
436,211.99000236508016
437,245.40376588639793
438,-6.889202452806785
439,167.3939339299962
440,277.90095130445957
441,236.09760926074142
442,48.8731387967822
443,245.5073229740262
444,184.07835657406187
445,272.61391531740975
446,244.25662931020557
447,208.36663125639606
448,279.965551105533
449,191.85890152879998
450,195.8098172443618
451,224.84062520830486
452,-67.99656235284091
453,34.73780717459064
454,285.29883651315214
455,273.6347355237798
456,-9.277495608459077
457,221.29918123998414
458,251.4434742252629
459,203.59109112924997
460,164.56720496047774
461,185.87569441199713
462,-53.99728983351066
463,264.5771851496919
464,-16.29692430208427
465,225.82918265059277
466,-103.40537448477089
467,263.2608304833144
468,276.1843943474943
469,245.25917374876616
470,-7.512443276649094
471,-163.52831394632688
472,-35.548144064424925
473,-2.7146223689400983
474,178.97416864305575
475,-34.65666551226468
476,204.11269810179573
477,-86.87654463519726
478,212.51382749605142
479,17.4317085280358
480,-154.20911059308094
481,-36.83871755164846
482,248.51869638556138
483,-138.12488532572522
484,-67.27095595389942
485,-120.33548359799344
486,-119.24392173211248
487,15.29217053935271
488,-171.17632489443025
489,-140.7701513728753
490,9.682292604464267
491,-167.84079850742674
492,-152.35298220044422
493,-123.25026794377567
494,-145.47575989911354
495,-108.20306283506558
496,-163.42426572482526
497,-66.06545647630061
498,216.15077821773804
499,-118.90351477471155
500,158.44366154139715
501,-98.96407133224149
502,-124.13478813368815
503,225.11662381268556
504,-141.71528163803544
505,-155.9810214000664
506,-167.11088006019838
507,254.2751177235483
508,-101.9968434910163
509,-174.7386744055792
510,-121.85161634284884
511,-152.78500848747274
512,-12.225251703485938
513,-125.20730518068487
514,-181.88862595643616
515,186.19385334509826
516,-146.24777051644955
517,-145.306870151889
518,237.95547543544197
519,-178.8148621157317
520,-82.7343833673749
521,-50.6461573576036
522,-141.1769904529072
523,-113.71796020472816
524,-166.55597471893017
525,-149.0593848474056
526,-193.41441559693976
527,-186.9512704859145
528,-120.17415347855207
529,-155.23395743554266
530,-158.35305819182432
531,102.52173688647234
532,-65.7046456078016
533,-180.08783388874264
534,-54.01751285690353
535,221.7777752355169
536,-132.310077015094
537,-68.96258444731612
538,-78.97873596178262
539,-222.52522898415367
540,-175.31910110141536
541,-153.66328675402167
542,-172.09452784083868
543,-133.8784906377603
544,-200.45858268149038
545,-185.02317004890267
546,-135.88334968200678
547,-125.36974737598518
548,-161.4877973895206
549,-141.20623297093647
550,-156.3907383789255
551,209.3302171215471
552,227.42943878135577
553,235.7383413038577
554,125.90371585925679
555,-145.3686805143073
556,-199.28058080229675
557,-153.441846522621
558,-99.99193040240718
559,-67.3448869080242
560,124.16920891690759
561,216.15121925034114
562,274.8737620895457
563,239.81148528719962
564,175.66554199954055
565,197.52290868568838
566,127.91269120823189
567,168.9604907804852
568,176.12839565210152
569,220.30949293363
570,208.0219777621051
571,288.5682605154254
572,-89.43617127490641
573,234.961320257845
574,227.86214010348257
575,240.5301019597805
576,-25.739332807815487
577,262.4762079715561
578,226.92413678539202
579,182.97247307038367
580,302.77632941126456
581,196.63381688344367
582,-105.32123962764656
583,254.94108140827257
584,231.14777509472825
585,224.68855119520163
586,199.350604575624
587,153.9653984123833
588,259.0243423425485
589,247.30920009173843
590,214.5250759510543
591,-163.06253928179547
592,261.46792739505076
593,210.60040048476816
594,220.26216135130636
595,238.72624893048024
596,246.88735168512508
597,-86.09861731393653
598,-122.6248736279953
599,278.92009582852506
600,233.87944683873596
601,127.19673106035208
602,215.08897275466572
603,255.79394451664794
604,252.96606868015772
605,270.6958546540252
606,185.8538473605003
607,226.8148216401958
608,229.57802737785795
609,289.1236543911309
610,242.07677593087257
611,244.25209611699006
612,253.911777900098
613,231.4790858521545
614,234.3841495769885
615,216.66211350630616
616,174.74694253066394
617,208.85918264988072
618,305.5945934247297
619,203.98630388967177
620,234.46397388786988
621,237.93092675934395
622,236.96333636363826
623,178.88603730365566
624,258.90815225818653
625,274.31871448982645
626,249.2910651820019
627,232.66804193062427
628,241.99109339909444
629,231.64908387382727
630,224.37091971887912
631,232.3817325527077
632,214.31041383726145
633,191.29615257781046
634,224.25767984607137
635,240.0188360665222
636,251.06170090045984
637,190.80068291305562
638,257.56967050305525
639,205.32159046713733
640,-115.20416839259198
641,237.84396357336112
642,196.3566106739985
643,220.23263878955964
644,233.18939423865854
645,264.5928726959903
646,255.27694670162842
647,255.65360912706922
648,246.28101505608555
649,224.83589856223873
650,273.4095429038918
651,231.00029070896747
652,221.33038873525763
653,283.9252386093659
654,197.64585789775788
655,263.6309904991006
656,257.74822658560527
657,221.40138708661917
658,238.8323361691958
659,246.11265061723608
660,264.88610307938575
661,249.0455378922648
662,198.32441287282606
663,239.86024059386884
664,216.06914307392168
665,257.53838793849
666,258.9825765566227
667,275.8209890385246
668,248.2486460678285
669,229.32440379794886
670,148.20381582317975
671,255.90198833047072
672,288.7689982925215
673,249.283195792405
674,228.03523325687027
675,264.8166275735597
676,236.3287757787499
677,251.42787808594116
678,232.4760004126852
679,256.13441997030236
680,238.03792516745938
681,227.81151529702487
682,252.21264720544266
