,0
0,-389.4617042945005
1,-195.15403256869985
2,-253.62678372389647
3,-144.71846837818816
4,-94.88316247901193
5,-229.6618270899817
6,-99.28006124469869
7,-166.6567594092594
8,-125.21428411494233
9,-94.03401487721814
10,-147.43481915827007
11,-116.28468061836735
12,-183.70312090055347
13,-134.8471845369248
14,-230.98833796724176
15,-279.2297312303202
16,-449.7778619492552
17,-522.4692625361099
18,-488.0235707703903
19,-572.2201655896489
20,-312.3981333853519
21,-760.8874327918644
22,-631.8839258611802
23,-351.76372163860265
24,-125.36563920757794
25,-235.7550823391978
26,-318.9867076431745
27,-301.6785679464233
28,-386.22860670371836
29,-330.41269162988897
30,-228.04694237959413
31,-427.9178612815721
32,-281.88144660006805
33,-241.29455096879067
34,-381.1520694536787
35,-130.92541042840156
36,-370.4398765455576
37,-205.6409941753925
38,-342.95782058752513
39,-227.03554267568254
40,-278.279446470567
41,-244.00291999342284
42,-305.9903002127726
43,-235.42258210700652
44,-223.96083348784123
45,-133.0912596314928
46,-244.08107071949433
47,-252.45701665768127
48,-259.35264590177815
49,-503.7387140637594
50,-95.55650436983125
51,-107.88495842528057
52,-253.59260603702032
53,-319.60689604892923
54,-172.25078895504913
55,-53.22274400815654
56,-298.67501168813624
57,-258.5253933566252
58,-256.7492441450554
59,-123.84458734710282
60,-142.88671824440712
61,-139.836242901981
62,-380.2005257432213
63,-82.44016131995966
64,-85.65567052728724
65,-405.7971144608638
66,-70.32287827354436
67,-44.39229718196342
68,-175.81933594064978
69,-99.50977744034309
70,-342.03110424412705
71,-99.68591795166314
72,-190.5879178959318
73,-276.1876214384224
74,-63.122518446019185
75,-384.71012822091205
76,-411.4870913764391
77,-402.4394558250435
78,6.452269778446151
79,-563.3210348189581
80,-82.31040416838782
81,-94.97406202970562
82,-466.77484405913856
83,-79.46380735444735
84,-334.83545534427384
85,-29.121103515600737
86,-84.17858370877482
87,-58.83685509722236
88,-245.21848133162462
89,-216.7667313078789
90,19.6621753667675
91,-86.88961539708245
92,-116.40539957261662
93,-336.85539709676675
94,-237.1784657905019
95,-139.59210252372617
96,-292.45753202740025
97,-131.98134874345413
98,-298.37649612787703
99,-242.4109823749223
100,-251.360362829701
101,-68.15817533334511
102,-134.84098858111298
103,-170.85881896623422
104,-107.51331353662536
105,-131.2322609701379
106,-65.8190062881815
107,-173.34749622761538
108,-286.6677463536374
109,-599.7806174283083
110,-127.94488785907633
111,-283.9253260461351
112,-229.68161636981725
113,-118.84986874899582
114,-88.04722484385454
115,-112.61726224088444
116,-94.50254057564217
117,-97.90241101273283
118,-115.46220270990534
119,-87.16282463913393
120,-67.60392218023107
121,-73.09744075799317
122,-101.51572227343397
123,-82.55192092654801
124,-38.01021262376316
125,-23.634164156694553
126,-90.89816088988837
127,-47.02703483195052
128,-28.022268045053732
129,-44.06069522124718
130,-48.040018909974414
131,-46.824583231271866
132,-61.0809533172061
133,9.193576053759477
134,-23.027113434313705
135,-30.732744479331977
136,-45.50989826592103
137,-22.811724590526733
138,-49.966596174115985
139,-62.59451210625161
140,-30.53870656602183
141,0.6110475075766504
142,-21.226300790810942
143,-49.96533433740985
144,-109.64220354793453
145,-138.7254272456805
146,-122.56210300968691
147,-97.84574657424925
148,12.61073128252345
149,-28.687831810800045
150,-75.89565373996992
151,-88.87933923107585
152,-61.0304923769264
153,-23.59333901577398
154,-7.847593216856229
155,-51.19266549003293
156,2.8526575929157723
157,-74.27501657772879
158,-66.37177889146557
159,-28.56074791926822
160,-49.42019945364552
161,-57.37644917387581
162,-4.030797254824036
163,-80.75200440495493
164,2.9581128779816304
165,-18.009098323799815
166,10.32988702801883
167,-30.152245322752126
168,-42.13416704075477
169,-132.48833638320542
170,-164.01822138367373
171,-54.374254997055026
172,-4.6721891415090475
173,-51.079758927934705
174,-60.31048251071104
175,-40.502249932324645
176,-124.72724865321828
177,-154.8875230582544
178,-61.277753478751265
179,-0.7302200781013812
180,-182.63640101325046
181,-19.579776826952077
182,-116.21557201479291
183,-98.55982228282517
184,-42.54377320732326
185,-217.03553789614608
186,-133.1583550158991
187,-36.70971875709285
188,-186.72048308472196
189,-366.2615474756155
190,-22.847807549526976
191,-66.84566383220984
192,-18.864086610529437
193,-27.192827349642762
194,-41.098320488487204
195,-66.64233922837624
196,-16.296838982771977
197,-23.689037026983016
198,-14.613496142070623
199,-45.871403185493385
200,-24.50270774898247
201,-12.824041048916662
202,-19.43755330658027
203,-35.81127637208341
204,-12.165577091615198
205,-31.66567669509419
206,-63.22350034824495
207,-48.40026849381051
208,-17.52192033802979
209,-46.46146767739781
210,-50.873030938313235
211,-32.20342805078104
212,-43.9799417014831
213,-17.77990491952689
214,-21.689706938787563
215,-63.25174254225949
216,11.638788238197414
217,-66.78490225760615
218,-5.472056359410347
219,-66.13628275289193
220,-36.22341135264944
221,-1.7174542260102275
222,-12.411544399616107
223,-12.72125058314588
224,-31.625042864032995
225,-33.20744189461868
226,-30.275181280531413
227,-77.17800712850013
228,-3.9401825595952964
229,-14.137675209757484
230,-62.996920637929094
231,-68.24199889374262
232,-53.33185595222132
233,-20.071077817335368
234,-59.62494415138586
235,-70.43876045368393
236,-33.94470160840301
237,-80.12404314965151
238,-69.74593616024993
239,-90.83261234613948
240,-74.80689509431733
241,-70.14700925973278
242,-33.93521791213867
243,-63.660964215196415
244,-63.23763833250452
245,-107.3270842735688
246,-89.05187311192023
247,-35.15435976980874
248,-67.7184511873363
249,-74.27315367134955
250,-39.45082117389718
251,-40.158722547431545
252,-161.81338337385776
253,-111.95478585956556
254,-4.965638693708326
255,-149.951773335263
256,-83.05698186988204
257,-79.4012242637383
258,-134.50498590076162
259,-63.358261286787595
260,-37.06253399593864
261,-146.65990526455565
262,-34.29612971002133
263,-60.37557355182121
264,-91.7423481073579
265,-52.68316946617407
266,-63.31527088514434
267,-93.41361638040856
268,-32.67543426047079
269,-81.46158184119103
270,-88.8843554754254
271,-88.96562793713545
272,-115.12977097178708
273,-101.71826970640333
274,-94.32661391545592
275,-71.66644739388757
276,-44.295591567884294
277,-51.63571216606775
278,-32.561185034625915
279,-110.11527223104504
280,-91.90786125520565
281,-70.61761557262442
282,-118.55750841692807
283,-62.86567961702872
284,-64.68812537893193
285,-61.83004299509946
286,-88.66540292924171
287,-38.52635940169788
288,-56.435707380982294
289,-81.91303114734511
290,-62.846548852241995
291,-112.31274278967496
292,-70.12240001046435
293,-96.75173034560329
294,-36.98970100960073
295,-97.20837708946219
296,-41.76326620563998
297,-79.70280181613025
298,-62.08300592228563
299,-98.55824612772338
300,-82.84288078105143
301,-71.2915834422087
302,-76.83843690992512
303,-65.12267726011292
304,-72.5579097915378
305,-30.185558438916335
306,-73.2051016878669
307,-73.54742408501255
308,-23.123027145482354
309,-61.94890920601258
310,-22.82344569386615
311,-88.36273312137669
312,-73.3774844736079
313,-42.49379541009829
314,-97.9148881348984
315,-76.01218902560255
316,-96.04970082450953
317,-29.602796770790732
318,-34.85421254239032
319,-43.23440379075144
320,-40.34083468047253
321,-20.26849043905395
322,-83.5165625111023
323,-8.057429917591673
324,-79.03473189330501
325,-62.588330109718264
326,-64.23732142582774
327,-114.49682519477956
328,-17.672701750772934
329,-98.83604042443298
330,-71.52693275534793
331,-80.66909445800725
332,-87.7047769901111
333,-92.68751561378261
334,-44.2768328756323
335,-69.7211940402643
336,-93.98870189477313
337,-63.246979703202555
338,-114.14915455520996
339,-29.983962285120743
340,-99.31078562367848
341,-45.1038307724032
342,-76.52802585473569
343,-56.67649454592575
344,-56.28484245528089
345,-25.40526309701218
346,-45.65554930122761
347,-12.412970684306709
348,-23.06412778098123
349,-62.1005571879411
350,-86.12823338329524
351,-41.874580680171704
352,-29.026734896995265
353,-21.181056182368515
354,-9.443091780440389
355,-39.34129153088648
356,-29.145876778197145
357,-91.8892006105099
358,-110.44988614535131
359,-28.434159790854235
360,-107.01183144524592
361,-105.79518222064934
362,-13.651938146506042
363,-59.11453245490321
364,-83.21368112936312
365,-18.75201013911428
366,-50.03193613024783
367,-36.64475976269775
368,-70.53570833586326
369,-60.23053529752419
370,-12.871684680330652
371,-56.45174693245994
372,-29.65312782026403
373,-12.24067682653484
374,-95.55884028942603
375,-55.41715241575545
376,-78.86224328067868
377,-38.49947293666153
378,-29.973472287091177
379,-85.11835849842514
380,-97.78770434080208
381,-100.31938498179059
382,-10.857395253098748
383,-30.759037561178836
384,-65.90395254953377
385,3.9101270915256605
386,-77.21952054919332
387,-66.57407882533369
388,-60.639497491434355
389,-48.28044173570734
390,-52.53411518469675
391,-14.697034560009154
392,-5.621319160203975
393,-52.415590997267614
394,-60.28167986795035
395,-27.948044527153588
396,-39.74874478196288
397,-86.50802726963931
398,-89.34390709177731
399,-68.17879224501536
400,-46.135873127713225
401,-14.460610628079806
402,-36.68074663089943
403,-32.798134053668164
404,-40.09398054637802
405,-68.71103642488747
406,-84.01888169804616
407,-58.9961368101709
408,-7.998336466693617
409,-94.62218812734245
410,-37.995241476329745
411,-82.6302069638918
412,23.733631475622293
413,-72.25652466389165
414,-16.86510022349114
415,0.5616052483954803
416,9.343745986214362
417,-24.421122534991074
418,-14.137841714910223
419,-91.97151817937025
420,-12.540385141861547
421,-24.419999083120178
422,-22.297955140211258
423,0.22876214703010556
424,-32.69891062767552
425,0.17319188042824996
426,-64.46657195854965
427,-39.44838070840592
428,-67.79069914738206
429,-0.43581987940197164
430,-22.280402064025996
431,-11.357979828359115
432,-7.947808024314326
433,-23.205038470880407
434,-0.638273521060629
435,-65.80161696650762
436,-16.50995120074081
437,-45.053319221312336
438,-11.053532282410687
439,-35.039044348134944
440,-114.14665765390478
441,-2.4254489538537207
442,19.611890087331265
443,-60.29024975978962
444,8.111919975893363
445,-9.569551635632655
446,-30.117937892675112
447,-16.54675476899414
448,-120.16917605607874
449,-16.606358443118562
450,-28.92554261110797
451,21.317788379645613
452,3.9438567856590874
453,-25.362885683571225
454,-6.013798232889059
455,-2.284926475992312
456,1.8678811244020193
457,-40.12907238059936
458,-24.016519111824245
459,23.65045486058311
460,-7.739896205145374
461,-14.11149462221082
462,11.600569133903976
463,-7.538797259291754
464,-11.241321937362827
465,19.12040252759004
466,13.145315634263337
467,-28.503181016248217
468,-43.39920412473688
469,-15.327895199438997
470,-13.417846719336648
471,-49.414386681111004
472,-41.58375355305855
473,-18.793115947782276
474,-69.39219884030933
475,25.278433678450252
476,15.622765187225154
477,-0.47328170994073376
478,-5.8280108485511635
479,-15.504812313385777
480,-17.9180932532889
481,-31.63044461365344
482,14.928543925284117
483,-9.255023271420173
484,-85.93717960059732
485,-22.615736640696124
486,9.707243386633623
487,-1.1834253662647214
488,-42.1996598642264
489,-47.642404526836906
490,-42.755187566178535
491,-22.640151399403543
492,-20.10089806421317
493,3.0640017343922095
494,8.866588671327008
495,-20.213453387425318
496,6.577912068038415
497,-9.435530265457974
498,-0.5353796807350297
499,-46.782616403133986
500,-14.881768353877334
501,26.019184155987322
502,-20.363234274612882
503,16.199124453416662
504,-23.366441712142233
505,8.662522573537178
506,-12.434557006643598
507,-51.95318634181147
508,-6.6260264599847165
509,-30.97456059115251
510,-13.503139450369092
511,9.360643591834462
512,-17.654511392608047
513,2.481718264860415
514,-4.351609460535351
515,22.082298946938643
516,-30.256238887682635
517,-8.10033383527058
518,-2.37703340315743
519,2.8324392072234286
520,-19.193767629090825
521,11.81310258802923
522,-28.887181221602688
523,3.028647216405174
524,34.47507035536847
525,-38.584534297576496
526,-18.34407011377125
527,-35.14320266166441
528,-21.694426345845823
529,-23.442947662703382
530,-31.845322205751604
531,-19.371876536519967
532,-22.871274088696044
533,-40.25569642500637
534,-13.93695860237008
535,-23.236038206998945
536,-24.04628611841973
537,5.4640487494847765
538,-22.833646712801944
539,-26.177351778082006
540,-18.60554033021633
541,-33.24580101662585
542,-16.542738564850573
543,-6.456676925595115
544,-24.147236572353656
545,-3.461928593320768
546,8.381036189864343
547,14.697390843156962
548,-39.12721472689314
549,34.28460930029826
550,28.31604227190982
551,15.741584134845041
552,-11.782360515725443
553,-17.99348922617759
554,0.7944568096543883
555,-38.14025835194718
556,-5.478267282984779
557,-4.964148199848095
558,-28.17805572238847
559,-47.75375457095693
560,-14.8836008167371
561,-45.712569547714004
562,-7.071141599327932
563,-9.862024780746852
564,20.44981935270835
565,26.15096167396958
566,23.628409526460665
567,14.24794393909251
568,27.621284789276228
569,28.899747328424713
570,-0.20732523936003955
571,38.42896060877602
572,-33.29690829650777
573,-16.23311587941319
574,-21.492620191006143
575,-9.480584637180462
576,-18.446776360270693
577,-6.195413655322967
578,26.8815665496532
579,12.427939556548862
580,-7.047950188478107
581,-23.788796603604563
582,-13.366727125183413
583,-26.422796664167965
584,-15.939942932802524
585,24.74801244226448
586,-28.950727994868856
587,-32.509559876380486
588,-26.00891518731918
589,51.09824297799423
590,19.800464637726307
591,8.556252680327495
592,-3.996015777852456
593,20.50517679959
594,-10.3491449167318
595,-16.500969776960815
596,-0.5915655718686263
597,-33.171869539642465
598,-20.56112829909205
599,10.785533632611383
600,41.63055228015256
601,17.49374817949031
602,50.47380120681288
603,18.436214024859822
604,0.662286254249453
605,-29.659576832091954
606,-6.514917386013419
607,31.309390149886205
608,39.86999282147136
609,40.92556258981794
610,64.92556267599977
611,20.065220791664885
612,27.336790337102144
613,17.789033491110942
614,117.98739175184802
615,-5.640732749736789
616,206.7255922640433
617,55.98781001322627
618,86.23925802354084
619,87.62547947358969
620,-33.521253564502764
621,18.874327265344377
622,85.92521336843285
623,125.91450087275713
624,-15.131661338303097
625,3.3241978852068415
626,-2.2541860164893697
627,-16.880409653148995
628,62.57172045408288
629,21.12775117690329
630,147.3924459243154
631,-10.645079912579282
632,123.81871574667306
633,104.08466768673433
634,38.61748600464184
635,199.49961164057845
636,85.68143475677371
637,112.86554336034945
638,89.85529563030707
639,39.46786462365677
640,91.59259699659509
641,189.44104850869104
642,61.67357127960168
643,112.70060549238583
644,206.69583462390057
645,183.12252123469574
646,147.2039314206963
647,91.11951639757397
648,122.30929989003369
649,220.43694363421258
650,95.5630443431078
651,79.64243559078048
652,168.09632912209864
653,3.2315074321479074
654,209.17119025304993
655,106.70589492543053
656,208.17794456748425
657,195.8071651749251
658,113.23310660023249
659,248.38375678058756
660,-2.987785492786017
661,248.6769955376211
662,223.237319947177
663,127.42768797399816
664,93.07221635277149
665,103.09707649065264
666,134.6201576979046
667,228.42704960478852
668,159.77667583403908
669,135.95538550253903
670,-21.072319840794506
671,139.3908574559301
672,135.93055893556541
673,158.96049966745255
674,187.85689270018418
675,243.40590785755498
676,155.27994859962598
677,168.7931774539157
678,99.74256003150788
679,143.14745801465276
680,107.70083262938424
681,60.35286501057127
682,92.18763555985767
683,96.06751762728493
684,267.1431830283815
685,96.7040006427184
686,224.13972666084794
687,-81.14352022494279
688,106.4056520883725
689,217.62018552117152
690,269.1623610269781
691,229.59624593386704
692,234.72437683036634
693,-77.56068164897678
694,257.6265943846407
695,191.45005394598937
696,237.19941712858477
697,216.73609222582533
698,214.3166625828349
699,250.21861720338867
700,224.00548538511015
701,236.38620395981053
702,158.38884428437336
703,234.36088010612025
704,230.15578737844947
705,256.1712731925129
706,-31.587780693957455
707,184.04373292228212
708,218.92448908492838
709,210.27414915964644
710,-25.896887635401697
711,177.43984787494202
712,208.07871718405667
713,227.67450632116146
714,113.04132889305174
715,173.61947703908538
716,-66.7077923581767
717,232.82247830165431
718,222.91671113575046
719,255.1888794211796
720,139.36147386725816
721,187.48905012001148
722,227.047773072352
723,212.092874130378
724,185.3541459186549
725,229.13908410113868
726,195.74950771999625
727,204.4360906987767
728,-42.93329092734585
729,195.69323628786307
730,187.38149160533206
731,206.0266227647636
732,263.75033208420604
733,210.92070995368113
734,130.75454360756765
735,176.59013577268553
736,280.6438554874394
737,202.33612189267308
738,208.10794301447328
739,255.4352208967776
740,197.2279769113629
741,204.3845966291771
742,224.1961557481623
743,260.8604653556491
744,266.4365405276887
745,217.73284096492318
746,67.04768296055204
747,175.86445024055882
748,230.7548114265075
749,131.56729225247517
750,220.5679713795135
751,244.39806098883514
752,256.20541711485504
753,-11.079179829695121
754,241.2207403648786
755,216.5298948676163
756,232.05795127144822
757,-44.0258321841262
758,193.37792686796047
759,151.04440214736422
760,219.21357717743462
761,193.55827161957967
762,147.9132475164488
763,233.71602548468695
764,-3.4132636690652873
765,222.01894385986623
766,-87.0914683075184
767,153.75916957843054
768,208.29730990772373
769,231.2183783398422
770,249.76303888754632
771,21.82904412546884
772,-19.827900670313625
773,-70.32907264534192
774,206.4522913520873
775,267.2215801258392
776,194.0623469691203
777,195.58407784270509
778,206.21545233190434
779,261.26791948290514
780,-35.344173621729325
781,-144.512453506317
782,-94.44744626740955
783,-52.882492409474054
784,-20.434029885878942
785,209.90755759754808
786,224.79545327299377
787,-117.75618094178755
788,165.94926279819288
789,-77.59705350359826
790,-53.30847561988355
791,234.46171554624868
792,175.0649875983134
793,-11.750734920196237
794,213.56896057533902
795,8.930885309931782
796,213.6930142542456
797,157.38191217356083
798,213.87284028167267
799,13.896072092349485
800,-96.73870667394414
801,39.29610221487886
802,271.95474469079625
803,-76.36310617694711
804,-50.82182103484759
805,-100.91488544495368
806,-154.74718830676676
807,150.7289444698833
808,222.48319457875255
809,-120.3547279377864
810,260.1561166327058
811,287.46320095364734
812,258.9280103833031
813,211.07796498977171
814,209.5231305658815
815,271.90328052574455
816,-64.72612492502637
817,-66.35555652763742
818,-58.51646082780391
819,122.35004801620502
820,-91.66104423368114
821,8.15912159283286
822,200.07629706610635
823,-74.41336180042472
824,206.20732239976908
825,-119.25968779651608
826,16.7999756998083
827,14.288591534366503
828,-1.9126592015877293
829,239.20821013561556
830,138.82399557360486
831,-195.41095677687565
832,-172.06254999414733
833,-160.76360634656294
834,19.255059198294163
835,-74.33814979913689
836,7.141517099523284
837,-160.3807910607906
838,232.27016677296643
839,-186.72837508758596
840,-250.31641636748392
841,273.4824808418514
842,266.8830281916575
843,-26.479213297235603
844,251.7967950057895
845,277.93296302511334
846,242.52722859915414
847,-50.611003734534464
848,-78.06777244993512
849,209.6217077182632
850,-94.55821480775631
851,-72.59865884523248
852,184.47032189428802
853,239.50559249162183
854,109.87156117629696
855,213.91536297351772
856,209.94151186202328
857,178.94467024447607
858,227.17280016388807
859,288.9036358835432
860,-72.39458364698065
861,278.81704291193336
862,178.718290912695
863,272.31203351564295
864,-17.84869763513825
865,-82.9656268963903
866,258.267582549655
867,238.3832624122785
868,198.32653653308017
869,185.06461414597163
870,264.5323328666924
871,174.35069719285585
872,30.061534492954138
873,215.20518448649398
874,197.9160922180568
875,201.14648828173122
876,272.8004229323221
877,218.7577815105069
878,-87.8507152187308
879,47.642556059198085
880,263.03606682757555
881,107.67778514725364
882,147.8648333662365
883,257.8103489584231
884,202.0259393135721
885,260.6187140043646
886,-111.33149502670096
887,162.65658087209914
888,255.26356610344197
889,-42.584936874998476
890,247.6801214072252
891,-126.6079106105087
892,228.99886768621565
893,250.10191508903088
894,185.71403428113211
895,269.4349049872724
896,252.30423357689347
897,238.52812943158744
898,248.3212266744062
899,40.03346515015713
900,250.71947374050757
901,174.3997605888013
902,239.88553379473856
903,224.75094097949275
904,292.2518603501931
905,160.4602162228473
906,265.48406033454614
907,279.7279351980843
908,259.80398586771946
909,107.17485870080549
910,-27.75244291583506
911,-42.769167149842616
912,-45.8674396191548
913,279.729754011
914,132.35421947291903
915,175.00774658544643
916,-88.6076465938229
917,115.55829679065364
918,-48.54370551553218
919,247.84564035092262
920,197.71556353044642
921,226.16767419110386
922,224.67920124664474
923,266.2125570981998
924,258.41190181163955
925,264.82910761740175
926,216.3468730791644
927,199.6934258494916
928,275.53979867016784
929,213.34824901436633
930,247.63668864065224
931,234.02096870017476
932,196.2027520084074
933,219.82769840031267
934,158.63893628015796
935,-32.84691770289761
936,258.60296261980005
937,255.240130553843
938,287.6168205374569
939,244.88081720721314
940,267.1366075788793
941,-67.12647226857412
942,231.78905264010103
943,261.11360251796043
944,-144.636414806659
945,195.44817442112443
946,61.663733725369696
947,32.43071825906546
948,246.40319386930756
949,272.3125019576865
950,231.72999872188285
951,224.55466103881895
952,-23.832208312254267
953,221.83114561863425
954,271.12540422472983
955,271.73694048413546
956,40.23726171079477
957,143.78888248222597
958,234.3300879942126
959,-43.99893274983373
960,248.19003160026077
961,242.7406806950739
962,-32.2949262852203
963,219.43621448470333
964,-26.28406863559566
965,141.83618154217564
966,219.42874632816452
967,110.540487047067
968,158.86073949323614
969,163.36010489604118
970,212.82202593873959
971,179.77110923584863
972,287.0785079582474
973,252.80376672527842
974,221.92092621112215
975,-6.961122209239832
976,228.8910212200436
977,201.58803612685023
978,-0.7793958763702307
979,152.76920568219393
980,180.9599839834046
981,146.73128277236083
982,226.21131294873138
983,173.08564435899996
984,12.64409023881413
985,274.0997021443364
986,-56.07321508957828
987,188.45962666979426
988,148.49250044229757
989,150.08238529518778
990,201.2787464152994
991,224.24153316585642
992,239.4895825894887
993,273.24282732343863
994,184.9950211746453
995,243.76210672860137
996,191.40374151831054
997,216.72574578015377
998,198.8026254520314
999,182.90621630706525
1000,212.49818759874728
1001,219.25265592501555
1002,170.44900160851182
1003,191.52202663940867
1004,256.3066265253551
1005,233.33071345125256
1006,126.96254759029298
1007,51.936968430437986
1008,233.4690071249943
1009,248.35694835578263
1010,264.88989250943257
1011,11.259087537064985
1012,178.44749003672533
1013,211.01389961587094
1014,196.92972083133247
1015,230.82939999133526
1016,-37.62638143521909
1017,289.56596776573906
1018,205.12571516873106
1019,260.33158627255597
1020,233.1706896928905
1021,214.67849434200502
1022,237.11220128669737
1023,185.81675907873557
1024,222.06102330459802
1025,195.91793265020158
1026,259.8420820268915
1027,259.7635326639034
1028,-76.09762841742881
1029,178.8064350710248
1030,5.355059395361266
1031,251.71102611510182
1032,95.37612337523015
1033,124.03938690795783
1034,247.3541055613252
1035,283.3177485065629
1036,26.191901733348516
1037,202.63221147603616
1038,189.93775036898637
1039,243.7502752928271
1040,279.1048981961987
1041,198.3152009878836
1042,261.5161524756897
1043,195.62082590539634
1044,247.69149435387172
1045,232.73164332722374
1046,52.63908735976992
1047,197.9069938672435
1048,178.4587796152323
1049,35.74898862416518
1050,170.98458924881697
1051,212.15481706352176
1052,205.96360356838426
1053,170.6050466849816
1054,284.40174165427993
1055,242.4502812436727
1056,264.1024831322394
1057,240.59408996962532
1058,225.92758149849033
1059,230.0168746620829
1060,219.38641774477296
1061,178.51701617058646
1062,181.245272384594
1063,237.43963139833295
1064,9.120575512220483
1065,276.57140661046304
1066,254.4557063153903
1067,271.43742664224857
1068,271.64707112345457
1069,227.28915824522758
1070,221.32248101716843
1071,197.15688718208366
1072,206.58946504588917
1073,203.9724893894224
1074,234.8777472737274
1075,203.5781821224794
1076,219.09930383811178
1077,275.562120757068
1078,265.480316218892
1079,226.7728408781722
1080,190.71887115987175
1081,218.1928942730823
1082,233.26234413895523
1083,-41.66784306736331
1084,240.47684651059149
1085,38.18532441645124
1086,235.77899506563708
1087,-22.932582247371883
1088,17.63772079728166
1089,244.27638892719222
1090,234.1770581893783
1091,215.82602833941053
1092,170.2042780287063
1093,264.9711570610524
1094,188.9498102332508
1095,232.13118732483474
1096,230.74012068335048
1097,273.8005862170023
1098,-25.10220201519661
1099,234.66728341683302
1100,192.1624950121971
1101,285.3917085768095
1102,210.54109961814362
1103,275.3873554503591
1104,207.59833906698614
1105,228.17470915342435
1106,265.8652835132676
1107,251.46642785286585
1108,50.51793379147466
1109,246.57956141275992
1110,205.78762720620608
1111,221.87691448365376
1112,228.3084127726132
1113,220.46337590428828
1114,247.3513504016365
1115,202.0697760899023
1116,292.2349000483055
1117,244.3762518107031
1118,264.6488236982087
1119,268.71902236210235
1120,249.18397953642105
1121,241.14979595326616
1122,275.555512053908
1123,266.9114762070801
1124,253.339097274941
1125,214.11556330902766
1126,243.17977808610559
1127,265.0360683340456
1128,243.07026513576298
1129,229.18126313882098
1130,263.2735068101839
1131,265.5618913615592
1132,245.23456911619152
1133,228.26425699186495
1134,257.27161615459124
1135,249.73193347018238
1136,208.11596353525414
1137,263.16486887326766
1138,259.10205779258916
1139,212.24704680115042
1140,201.27538224488433
1141,218.59212807050017
1142,246.90199912848777
1143,248.29422317823537
1144,194.5983200812398
1145,258.5020574062404
1146,257.5416850779777
1147,295.9852982005737
1148,223.39991135528817
1149,1.8945604966856138
1150,244.76377308278128
1151,243.2341388176565
1152,237.3451678589658
1153,167.1389614701079
1154,286.69254921776053
1155,290.3797391773685
1156,253.96298906866554
1157,-49.84517830686048
1158,217.13108080087738
1159,33.01401339906167
1160,236.6103208251375
1161,217.30160423866562
1162,198.36682703725143
1163,299.56363749728655
1164,225.94272348138827
1165,210.31428659676436
1166,28.421474782598466
1167,-70.66378882273875
1168,232.6939039484423
1169,232.04256344591707
1170,234.78514532399095
1171,132.57329680042344
1172,267.2957340181001
1173,274.4731793727341
1174,248.80226569948636
1175,254.50922462687058
1176,56.96885833955477
1177,178.40960291183944
1178,-48.09787059634823
1179,-24.841281068586376
1180,211.64375646307423
1181,269.4987002103386
1182,223.6337465979062
1183,202.56950506947496
1184,278.3964402650092
1185,248.04738967587616
1186,212.7613368872176
1187,230.3794553734978
1188,98.35813235704768
1189,226.4440226205096
1190,251.30024489768843
1191,234.60185170892422
1192,196.94521627168263
1193,237.0036568721697
1194,200.00548425022475
1195,230.13819183133307
1196,195.15337452137493
1197,-5.905794539727694
1198,276.4398576081156
1199,221.35229923060214
1200,203.09849069200018
1201,226.34381054364076
1202,246.5000382661163
1203,269.186577511833
1204,236.16436491533918
1205,276.83422613965126
1206,234.09737692171348
1207,244.60999801659855
1208,254.9359660349994
1209,224.3679598902661
1210,275.2468576986688
1211,233.89961887116183
1212,216.39463821928445
1213,258.02902319780014
1214,211.40858736375935
1215,286.6794244249255
1216,-32.88638677135876
1217,292.7396579518869
1218,241.05545910020209
1219,260.09760854790875
1220,245.82598278472454
1221,200.87183219519
1222,249.52085115692063
1223,237.98309727068926
1224,277.8851285446893
1225,244.51492753404608
1226,185.50706312492818
1227,261.130113273304
1228,218.530866729283
1229,215.74779644646176
1230,222.2069054203395
1231,241.2843764548888
1232,267.76612493832613
1233,276.7177903009532
1234,252.03059777795275
1235,122.8982115722884
1236,255.17233164133958
1237,245.69590481953668
1238,228.20777651151374
1239,21.565827320978443
1240,235.35514228571523
1241,238.26826624121256
1242,216.46699629126812
1243,187.2040352859762
1244,260.3248536696382
1245,7.900530644933042
1246,254.60118434048195
1247,217.20198842016075
1248,213.40071066276278
1249,265.133564392485
1250,293.4365497171827
1251,268.05280454013473
1252,-10.55069267424183
1253,250.2986293934134
1254,301.31241598117646
1255,250.45089276088996
1256,242.76626660253572
1257,257.98622342151907
1258,223.66635349607105
1259,263.3376383595686
1260,238.38625434964825
1261,238.20698307923627
1262,204.89519372250737
1263,215.28474068756108
1264,210.64143927621166
1265,-109.20924966780535
1266,33.52135504596055
1267,174.92379121513733
1268,210.36863231005864
1269,152.95750959707203
1270,256.56137257352486
1271,185.7428396512957
1272,262.6134750202801
1273,268.4296085083579
1274,265.46750669969254
1275,273.3947207859808
1276,267.87402183384893
1277,212.64884193104024
1278,245.9900321204524
1279,239.63749812023744
1280,248.70950244766863
1281,230.01408843191416
1282,268.596170179307
1283,-15.167196201417028
1284,268.1287645471775
1285,217.98885675500162
1286,271.12543867668955
1287,231.592795788636
1288,257.65310327540305
1289,247.58142535741612
1290,227.68476097203325
1291,260.19496815981887
1292,234.52937720271106
1293,251.90164852062185
1294,265.81288541188525
1295,250.8906539386223
