0,-82.56519324537754
1,-128.2190703904854
2,-209.72937345411614
3,-73.52694144954123
4,-188.70848078822
5,-166.76591812247347
6,-114.207369335589
7,-94.93895922262179
8,-243.0582069668318
9,-98.36341588859459
10,-114.22090656933935
11,-156.8493562671516
12,14.432704919288312
13,-128.18652384599852
14,-73.33125300102867
15,-92.03189778181903
16,-90.69955408208713
17,-259.1799511429526
18,-125.1177348853455
19,-114.30882417202841
20,-318.46652920975106
21,-227.22689756588812
22,-80.78814707623164
23,-158.87488254515682
24,-17.534643256116183
25,-67.38534174362451
26,-378.974545826394
27,-191.77209198079416
28,-302.6109458573037
29,-41.84779594501207
30,-314.11901278704136
31,-27.277884370227042
32,-117.4532261778333
33,-267.14862132194526
34,-43.95349946116633
35,-311.2054282213728
36,-106.53892126608577
37,-104.38378144476117
38,-93.33896726216246
39,-172.48996560950803
40,-215.36093679264349
41,-210.35686749721515
42,-123.42843922132235
43,-429.71059401572074
44,-401.6564362311972
45,-209.68890604360962
46,-122.22341418409367
47,-316.93325220811096
48,-56.96491484616927
49,-170.20745351321477
50,9.782347409366679
51,-74.23246739617448
52,-177.60476384011486
53,-166.7702658527142
54,-329.0027657888777
55,-185.47309312343123
56,-144.1782328213934
57,-374.75295422208313
58,-172.0924718365458
59,-74.00878026640176
60,-94.45141810094759
61,-303.1344427076771
62,-109.32135880466774
63,-139.52028347440557
64,-208.36507228467957
65,-366.4943893655477
66,-143.29429628159068
67,-135.13672514346663
68,-157.07288824639375
69,-159.49999940316155
70,-272.4614985831233
71,-72.74296030556785
72,-269.45996449398353
73,-128.60695084357928
74,-117.57875646029832
75,-44.9286840566032
76,-19.20964901705483
77,-344.0719444565221
78,-271.753112673902
79,-205.00688405422267
80,-155.40836135990634
81,-89.48207478508503
82,-169.3776779290327
83,-334.3253411709872
84,-170.87687107453644
85,-535.1157210424784
86,-419.4330559912329
87,-127.35566689037607
88,-59.98377380358133
89,-87.51660006534195
90,-15.475564159902888
91,-229.56930461193147
92,-140.53617211461216
93,-264.4241025398241
94,-137.18996543474424
95,-284.8624175681093
96,-278.2104283766046
97,-97.02789428951229
98,-35.097079699568
99,-165.55043398354366
100,-172.36809659666574
101,-60.68586389522301
102,-157.16576474829705
103,-180.67940525890523
104,-198.58100993002026
105,-384.7121242017232
106,-200.52215356133735
107,-56.04092153416383
108,-410.06031929508833
109,-203.93736417161594
110,-387.3582818951563
111,-314.8395531653217
112,-314.5754623596686
113,-251.277251305712
114,-74.8675607373217
115,-338.0665542403101
116,-274.02173848468567
117,-60.082175556218296
118,-53.15131420995841
119,-321.11854037055934
120,-384.2844436368985
121,-322.05684413050653
122,-134.505444804406
123,-108.24308080083094
124,-235.17001439562523
125,-271.0868644891258
126,-97.60921175943886
127,-332.24406589264834
128,-220.77692368489988
129,-307.6006077032803
130,-369.69693332684506
131,-275.3759636035183
132,-365.79708848808093
133,-309.42794175596276
134,-369.03130387661224
135,-227.91685464842155
136,-266.00319415471677
137,-244.87033395955837
138,-240.0963590451442
139,-241.90515723517726
140,-234.6354045540804
141,-106.12076627653224
142,-71.70191373866498
143,-71.61919092660258
144,-225.03421131647698
145,-323.69039435974884
146,-306.4550077337905
147,-233.23615358717797
148,-285.16657478986735
149,-14.104651721350507
150,-500.27828380259825
151,-118.81062920150859
152,-739.9074284050627
153,-227.31747738782764
154,-397.83668307127783
155,-147.62212994217174
156,-544.7728152160566
157,-332.99766544869806
158,-217.61844079744657
159,-505.18882548831556
160,-256.4028240375845
161,-445.18187727145124
162,-264.6456385243251
163,-723.0863039048766
164,-456.9104406661192
165,-206.3171535388588
166,-97.27072125286593
167,-132.18958896102842
168,-378.7258075798906
169,-120.54953826281675
170,-62.49876998728144
171,-457.6574872765095
172,-513.1690845424253
173,-536.3730824743175
174,-54.68756231359605
175,-231.01417966433155
176,-79.14668987165817
177,-49.8883208928941
178,187.98698359148267
179,-29.924803889280305
180,-47.032272708328136
181,-113.4407726888195
182,-238.87666178283416
183,-138.96654839278406
184,-159.76522252985512
185,-101.10078073607015
186,-44.01521624927484
187,-164.03945546811377
188,-79.6715227364128
189,-9.34202154555243
190,-133.29242618463508
191,-347.327966686821
192,-148.90226083871255
193,-50.55677434009398
194,-94.169658523522
195,-85.64685997403939
196,-69.28533661551877
197,-143.6448609757978
198,-223.26866810437832
199,-197.69459823327549
200,-159.60738385263141
201,-97.44381405673603
202,-76.20893326368575
203,-33.53163602847199
204,-79.63762089825651
205,-54.93756606034586
206,-37.7263342065988
207,-18.31373058670405
208,-16.083482724856886
209,-79.14046480530507
210,-40.25003042088633
211,-2.3494463670328645
212,-142.843583163132
213,-6.113608308791714
214,-156.44263158523964
215,-38.152651501492485
216,-20.58664212961825
217,-53.89428876831824
218,-24.7545431188024
219,-49.68986164770991
220,-69.68491408303679
221,-24.259529736340852
222,-22.87675103467159
223,-66.31598427121006
224,-61.24852046008436
225,-47.975727406978145
226,-12.948006632354772
227,-41.26720059457516
228,-14.592139299077628
229,-48.46804937386118
230,-72.29920542060728
231,-30.041434424579002
232,-46.6167242102806
233,-0.6803205967328292
234,-4.604023632657133
235,-2.4280819307435753
236,-29.249171051741083
237,7.647561486488968
238,-9.114127146954749
239,3.255376579822259
240,-22.075794543730524
241,-78.80960999344083
242,-44.02352253890254
243,-34.5217719208437
244,-16.992559471819256
245,-66.4920608986667
246,6.564004492134007
247,-54.10301382900349
248,-43.92390531883006
249,-93.280974894707
250,-79.88460975057244
251,-62.97977476117347
252,-36.844639741360396
253,-48.73462811832803
254,-57.536872818413855
255,-39.24654442583796
256,-45.01580552343678
257,-56.32022336239463
258,-110.07371702916717
259,-76.62087410267496
260,-42.3677878539336
261,-2.8713047061910695
262,-32.76840519010733
263,-69.98717807230014
264,-6.157769758159981
265,-68.44143043223144
266,18.13452377688142
267,-25.749542522959512
268,-104.4664987275048
269,-84.82111983513973
270,-82.16494958542492
271,-31.37834017193683
272,-81.9862790446807
273,15.794354902725994
274,-87.58668089982503
275,19.283935856845424
276,-12.62578068019484
277,-85.94620185090534
278,6.748921222448461
279,-36.683564748842514
280,8.995376899639032
281,-59.56506145804033
282,-151.24045386155495
283,-100.24405236679097
284,-32.737406584203256
285,-75.75277955702015
286,-9.47193073460441
287,-19.522663497343334
288,-39.696275947563315
289,-60.78935362139025
290,-94.761008394035
291,-32.574814339328995
292,-9.911081761092058
293,-55.17423989034056
294,-58.82297764284725
295,3.8967891959765204
296,0.6088394191843705
297,-37.98365535295274
298,-9.071470597663263
299,-23.06331671959303
300,-47.24637167555576
301,-190.97888845143828
302,-18.456858417229466
303,-75.18255279940952
304,-52.919177787016025
305,-36.98477184097195
306,-32.32794780214688
307,-59.245299253566756
308,-68.41539721948729
309,-21.469670509116316
310,-6.2586868833697045
311,-23.55365087947937
312,-50.75280008660139
313,-69.74613169288482
314,-46.70771837104049
315,-35.74254547997393
316,-3.3143848395521838
317,10.185942693508897
318,-23.855918109084538
319,-10.78819962423256
320,4.353641385846264
321,-21.203760628185
322,-15.890132278362326
323,-77.79094343592884
324,-29.155498030926246
325,-41.40706996960003
326,-26.15962955856783
327,-15.614137109805426
328,-48.70165459129995
329,-87.24669891462625
330,-30.16420974765452
331,-10.56060641883736
332,-33.52926138369625
333,-23.57312099985755
334,-58.04519575771197
335,-24.180034585076175
336,-69.1966095619513
337,8.013400513508719
338,-51.0399453407303
339,28.574733650880216
340,3.494495146445905
341,-20.235640241667284
342,3.514888689028682
343,-83.50263378594246
344,-45.06298897741003
345,-24.79135169044078
346,-41.527096031167964
347,-54.04006504875625
348,-26.60763230859407
349,-19.346728265582946
350,16.035799468986184
351,-56.51960373942011
352,-37.767025550655696
353,-20.906440565334048
354,-26.552110130314272
355,-5.83201065159026
356,-10.306380753777068
357,-32.500441992240674
358,0.017897512962675055
359,-27.12552710689685
360,-27.29960444134263
361,14.268439366484696
362,8.662190543294082
363,-64.93005893449065
364,-25.297881750703667
365,-24.64245411579963
366,-29.480859430829973
367,-19.13494259904015
368,-45.215671796201875
369,-50.974891002212395
370,-4.463130551723733
371,3.7659182336442765
372,-20.654334120802694
373,-44.297163537112944
374,-44.0533159585563
375,-79.27640714585107
376,4.358176241138336
377,-1.2227517177158993
378,-50.777412689148335
379,-4.26000123403639
380,-39.69479804333069
381,-45.54227281095541
382,-35.765310235309165
383,-38.59911184191984
384,16.701490029938377
385,-71.99945347711696
386,-41.16625593474672
387,-26.877479849536016
388,-31.658995326827668
389,-9.240557491116522
390,-51.3515171765263
391,-25.364913908138327
392,-53.35477094839928
393,-32.51076344530494
394,-18.520463123526767
395,0.37321243350398636
396,-19.110893609663123
397,-17.883235092302407
398,-22.08767487717439
399,-4.754059142773437
400,3.913789113288643
401,-39.323533558972706
402,-1.7345989374490098
403,-2.4964550895541064
404,-4.328929086966847
405,-7.771520678074128
406,-50.888662232819016
407,-25.18707541422448
408,-30.32794748607992
409,-33.07471642635873
410,-49.71795349442494
411,4.021822959533281
412,15.670149675585211
413,-35.0309886225434
414,-16.9648642833898
415,7.618875666571227
416,-27.297781629066076
417,-50.373222614409656
418,28.21294214445002
419,-27.088283411467817
420,4.11745774990904
421,14.332432456841707
422,12.342847546021323
423,-34.62808629155085
424,1.2686780479523045
425,-8.541721629419174
426,-9.53240672659758
427,-3.6074775168609925
428,-22.426598399647517
429,-35.97393509843759
430,-25.44206984010867
431,-62.44852516557979
432,-16.54336700823026
433,-36.11012475505065
434,-35.910054280603376
435,-28.812511763676387
436,-37.63774694341403
437,-63.34763394295348
438,-4.138241160672791
439,-7.110580439706008
440,-77.89972621978058
441,-30.633817882224836
442,17.121418630673404
443,17.17800753490154
444,15.823630469119951
445,-12.42270214853003
446,-4.20642162225762
447,-7.083683349847273
448,18.54617694932353
449,-5.834499427019755
450,7.112015023536707
451,-54.297531326227855
452,-24.221780135856175
453,-16.765038455800667
454,-44.70827383112227
455,-8.705706440807111
456,-27.03163407708902
457,-40.20270578791578
458,-41.904432275192136
459,-10.86147083572498
460,-45.76238707858398
461,-64.81546777395877
462,-7.433219530360946
463,-48.818530520351636
464,10.124798598023089
465,-32.08165971083367
466,-21.115962471994237
467,-9.68616726823497
468,-34.64809629993524
469,22.8010079944853
470,-24.584318963185606
471,-35.33459050788163
472,-41.622126292797454
473,-25.873833218319277
474,17.000981501800982
475,-25.409671197398872
476,-49.415536797319646
477,-38.967643911066446
478,-61.41809313627076
479,14.225127901750758
480,-46.81333812225712
481,-26.788006046235086
482,-81.42814188930964
483,1.130318087348101
484,24.60362783496667
485,22.50348560572216
486,-55.64033770623841
487,-40.609560651735045
488,5.377052513818432
489,-26.948383035156137
490,1.4364600438380977
491,-39.35894257145567
492,7.702408519687584
493,13.95983321669183
494,14.377975863244421
495,-2.595771031001986
496,-35.23764315794083
497,-10.284410866449505
498,5.300295571850412
499,-23.235824363455727
500,-8.231529125469766
501,-21.258920493612194
502,5.706609461348312
503,17.742248525365167
504,-16.333905025130363
505,-49.485018045189754
506,-18.703263484456855
507,-55.91018770511524
508,17.082869735598226
509,-39.64044592737785
510,-16.883033934086463
511,-16.446941189581118
512,-38.52317018524991
513,-34.59533109126002
514,-33.60654114206058
515,-36.27549962829097
516,-43.18631366339023
517,-24.70137270963482
518,-14.92248082359037
519,12.277723534769386
520,-14.523991550284343
521,6.884858936111218
522,-20.02423138209924
523,-29.084827740070317
524,-15.693746078060357
525,-31.680232948228234
526,-45.41910394293131
527,-9.702023906030306
528,-71.53250485628071
529,-24.825932288582713
530,-23.01691863376162
531,-16.237135845239678
532,23.03301096939948
533,-6.574959617559498
534,2.6555620794791777
535,27.345665445623847
536,-7.846244958569352
537,-20.424501982819606
538,-13.905493030836716
539,-26.255693170705435
540,14.316226062079778
541,12.268041785757456
542,-1.3649096822039624
543,18.40189532013134
544,-19.902287776635326
545,-51.14723090425563
546,-15.789082957596992
547,-5.479265444850863
548,-20.91165584085917
549,25.865315340415876
550,-24.01769762753024
551,13.030471186172996
552,16.5062313787273
553,12.68790416122619
554,-21.87114718242567
555,-43.355972052865575
556,-40.13145642887188
557,-49.31766658570521
558,-95.70083467201584
559,-36.39496718901125
560,-11.302203192481787
561,-30.381331476060495
562,-53.149486658602925
563,32.43992119996015
564,-52.01174320871184
565,-5.609188250226084
566,15.381351204136385
567,23.229832868066325
568,1.1116617856946034
569,-11.052537891589909
570,6.3703168099469
571,-26.518229211319692
572,-43.880370256571624
573,7.735497077560851
574,-17.00417199931729
575,-22.548323151598904
576,9.613894038798616
577,7.740178246506695
578,-46.32735280557621
579,-17.009046895698702
580,17.41039353913272
581,7.097069861873924
582,-25.054765651618094
583,-47.54862478309903
584,-14.991707810614857
585,-2.9041472139799724
586,-32.66972585191167
587,1.2958858316465758
588,20.78003395796767
589,15.37084754537374
590,8.577417202716585
591,-23.730790665449213
592,-18.47307949511648
593,-27.327780865035127
594,-13.96173122492099
595,10.338403256783677
596,-0.7172361866380528
597,-7.905133595891001
598,-17.752157704349035
599,-29.787439868503636
600,-26.55097886359216
601,-18.991340634714376
602,-65.32085326954804
603,-15.067617226193917
604,1.5255451649448675
605,8.828979013216877
606,6.579627795997593
607,8.2697282687508
608,-6.776283443160664
609,23.12419244942664
610,1.3169187993847398
611,24.21863091311285
612,-20.04883707704661
613,3.2805662077675435
614,-51.942742866569056
615,-18.703351853170346
616,-8.11181313576552
617,-28.666395064011073
618,-22.815751880706514
619,4.1062290522566505
620,-17.170470902689686
621,14.538532142206561
622,-0.7572055132837521
623,-23.836734301266908
624,4.716328926343051
625,-10.74045479534477
626,13.081686824813941
627,8.895911047002357
628,-7.1274273931036936
629,28.332076499361605
630,-14.686268005353117
631,0.47683549247291734
632,-51.182573150771475
633,-28.751503285384565
634,-24.683513033275435
635,15.14459311417211
636,-21.63866228932786
637,9.4086140934358
638,5.195894049461113
639,-54.339009226668324
640,-26.74704680806578
641,-25.142893519223957
642,-7.617172209167692
643,-33.27542347180727
644,-24.682417909104306
645,-3.930566316605937
646,-10.295741095316544
647,7.649031306247962
648,2.1698393798572146
649,-9.062355197711296
650,-35.777443934352796
651,-1.4617329902093665
652,2.4762450172675092
653,-2.779939729480205
654,-8.450801226484332
655,25.462686019759065
656,-58.53423050202688
657,-17.98781511092915
658,-19.17539686983748
659,-17.997195120953737
660,-12.477851029514301
661,-6.096778962381842
662,-3.6428859257393293
663,-44.09398241738322
664,-28.967176365284455
665,-30.912202929928533
666,8.878269640737672
667,-2.012461604026795
668,-23.14532286668411
669,-38.664945318296404
670,6.782071292256234
671,16.049189778761008
672,-12.597221306528628
673,-48.22599637030026
674,6.502461067822167
675,-4.176161973213234
676,0.412453759421529
677,-9.441673188690567
678,-24.607155240943083
679,-24.814347214052784
680,1.4501699525949574
681,-2.9258592212580266
682,0.6365674238150372
683,-15.311427538115556
684,-25.247938650182117
685,15.192217802307887
686,-30.765454811979428
687,-41.02497314742057
688,-40.05347635882449
689,-26.226845622229593
690,14.130328789975653
691,1.2106087047732939
692,35.3304130128556
693,8.34350050587027
694,-54.122735518190304
695,-34.28950107236187
696,-19.163500027176607
697,21.9174704985415
698,-13.73645838282832
699,12.4439590001158
700,-69.18244729963693
701,0.5990525168423717
702,-17.26196029672989
703,-4.852346506269129
704,0.579491027703098
705,0.8338702120695101
706,8.643359763422056
707,-12.775696595863774
708,-24.66967327415556
709,-20.278169095021013
710,15.963820327993336
711,5.322094384017231
712,-17.76751706125631
713,-30.226499764228976
714,-8.257404083425687
715,-29.327261550470478
716,-5.090394437259323
717,-21.976840969193926
718,-6.8809099615779195
719,-26.63741447081053
720,-23.281259565655837
721,-86.4939509701135
722,-7.2484870956240295
723,-17.89023308824451
724,-40.9192168165558
725,175.66506878850896
726,136.76899010231514
727,7.092555599775537
728,-48.28966994186925
729,-11.724001758951339
730,15.66927913404539
731,-20.52005124572151
732,4.8558981961345475
733,11.789526717548602
734,132.67085584795763
735,-25.760927370472675
736,-25.571260381436502
737,141.5270843154958
738,-25.904552306419166
739,46.47745068583867
740,114.02781126909164
741,-35.69158103446512
742,6.53696895529821
743,134.8121318592603
744,121.42188104142477
745,5.750751563163334
746,-12.530570422474113
747,21.49778659053574
748,-34.640488280689446
749,-13.233189638580493
750,-55.871518649565004
751,47.72706523601957
752,-119.2328351139727
753,-155.03340017796586
754,180.74092831759185
755,199.82995196908644
756,173.0381242924474
757,-0.5818429105406904
758,-58.13167680131936
759,-49.92073594657433
760,-8.463659262490864
761,-52.48669684110943
762,147.6243126812884
763,-62.92760237216617
764,-26.38892055292768
765,201.75868293096985
766,144.4441840769173
767,199.66907709541022
768,190.57671502728746
769,266.8276826138614
770,-38.225981740514015
771,200.5500888045362
772,-34.7771791841306
773,-4.051167815766748
774,180.71502955411236
775,-61.84980990272498
776,207.22257287725046
777,27.010699875996494
778,-64.3995314674992
779,-15.156977342155134
780,-12.91532992523182
781,258.90699166409456
782,-1.0707192564407815
783,215.54803045639778
784,234.73250564407806
785,247.48193096550412
786,-37.04256884289778
787,-38.117963021651654
788,-29.245094294557937
789,-7.414599683884062
790,0.0668232266045159
791,-63.93497936688089
792,-38.37566417398224
793,-26.516534847034862
794,-39.94366995698685
795,-24.287301464558332
796,189.52183735507452
797,-43.998083378122985
798,-13.052458850248364
799,173.79583047606405
800,-38.769509351509384
801,-19.140196921911333
802,11.139216105539038
803,-35.766672819328456
804,-21.496402809640333
805,157.59026276512978
806,-22.451495171794143
807,-116.16692359889959
808,-12.264624417510763
809,162.26096235173827
810,-9.24179087303876
811,131.56285675586057
812,-136.3705513945098
813,-9.485107284480467
814,-55.31594302757506
815,37.08243087316883
816,8.192447607308708
817,-11.281585348105102
818,144.4812655726264
819,279.1043076438344
820,191.4240482314849
821,-95.65099723836157
822,-11.318709984182247
823,-19.516433718954342
824,224.178510832724
825,-53.20679051987679
826,243.02442482198467
827,215.96170992892425
828,251.44332034383484
829,261.4528794283609
830,39.977288491242554
831,150.39821115469624
832,-12.127929599161117
833,174.45818891296074
834,-46.12481746565239
835,206.88499363674833
836,39.23944192170916
837,174.28084446251782
838,189.82151638910744
839,-28.800862821102207
840,-55.789283383942305
841,198.0666204050359
842,203.22743717323925
843,-39.83826341275506
844,-4.4356176050112825
845,17.08085375358244
846,224.779360026492
847,-9.03425235310359
848,-136.5479350226055
849,121.1549662122502
850,215.24174973080252
851,129.45089849421194
852,162.9855960560784
853,235.54405583944614
854,125.63120854415908
855,-35.88416015073666
856,-55.73774639141648
857,242.6957602370531
858,-108.70957154614642
859,11.402210546873008
860,205.59365463303521
861,219.1362267000944
862,282.13790486643785
863,-56.74648880440759
864,-77.61899334838228
865,125.1984719028942
866,234.7981659096819
867,238.62451666544183
868,-32.164706308192734
869,186.93993955025567
870,284.53071203054355
871,239.6989495387418
872,-31.575653963475748
873,208.51529013127706
874,199.65217437013922
875,163.54706075957017
876,-110.8542685532875
877,240.18437580927565
878,139.64875676407578
879,27.801845916850358
880,123.81942215623538
881,178.91828257907343
882,180.24106532572446
883,-52.32129500003261
884,190.48301673578442
885,215.07116967386736
886,-15.480244599029064
887,222.71073351097948
888,269.0380942074077
889,190.33637418763325
890,149.71407045189721
891,-82.03750096598904
892,-124.18478750212428
893,168.40115982584123
894,175.19698421064015
895,-161.49977036658615
896,271.86712880533713
897,31.846032209433304
898,192.8306752255313
899,142.15563548002763
900,-73.36311095142074
901,-23.7545973290471
902,191.1653212773994
903,146.4970671804481
904,232.79722641727994
905,-96.2219713115437
906,162.11412789330495
907,186.31377818105886
908,6.732169335494627
909,184.90596735541618
910,280.81319280023126
911,234.60442780371181
912,-69.24203432628929
913,-79.75757668065665
914,205.1049466516606
915,197.2204763546223
916,263.7355624194926
917,6.192231001798888
918,19.93246687241343
919,162.63651161321877
920,-59.860322156297926
921,211.77842472108358
922,-109.5363186622146
923,276.3742193671661
924,207.757038626569
925,211.53904885846538
926,144.26582470145155
927,222.9546174524451
928,198.68563621962807
929,180.2432209470317
930,197.20037827141377
931,178.68810851213627
932,272.2707686263162
933,-22.794008035364016
934,183.47042786426903
935,204.38949786453006
936,93.59962063396745
937,113.67836615919626
938,-36.917731707396555
939,-61.25444972206075
940,-63.67374420859693
941,31.337334811500796
942,178.88650410490055
943,-159.7981027397779
944,130.84240715174045
945,168.7427365018188
946,10.297152296473186
947,211.27174364067866
948,235.7670780761048
949,208.70005226285747
950,175.97827708922114
951,276.7440591210033
952,242.94866813141147
953,-7.091023072410621
954,26.199412878393062
955,-37.19270911218396
956,160.98244043306102
957,-34.04717728912007
958,166.52157888315168
959,182.62003053845416
960,-45.082903391417744
961,-63.22604775343744
962,-13.3068985234016
963,-58.728059082029006
964,-0.7508625270791214
965,146.88698200100038
966,-30.82309629671036
967,163.81650732484198
968,194.92745889557858
969,138.09601320923412
970,-199.1973978019966
971,238.6021569283183
972,-44.66363701187281
973,250.1176846302523
974,196.54651631742422
975,105.44245896764671
976,165.38554010241728
977,-16.166150673679283
978,194.52247925839487
979,145.2082586360542
980,235.94954230273402
981,182.03160869534582
982,180.94732902821846
983,210.49697776129278
984,245.4814184584127
985,211.88297471599242
986,160.01337567603716
987,152.7213769778408
988,201.91759132743357
989,1.5510957919736919
990,153.97065427075825
991,196.45377819553894
992,155.00537985978875
993,190.44262001313842
994,139.23687379494575
995,190.52944080548428
996,-33.33959688066807
997,252.72085901690684
998,138.0487187934648
999,215.23235376626153
1000,143.2122435812232
1001,198.9385987044931
1002,185.23300357496743
1003,156.5485512397052
1004,94.21655922950985
1005,112.90734791825871
1006,222.2733133686404
1007,39.47970347320308
1008,208.29240902667516
1009,160.39952245144076
1010,10.131962667174903
1011,220.2868082049432
1012,246.72993933056577
1013,188.28968517832448
1014,204.40897646503154
1015,177.4085949670791
1016,177.63120877276756
1017,196.90813858470486
1018,122.26367124380963
1019,287.0028143044192
1020,-30.657914219855382
1021,205.38040904600427
1022,-62.177913120756216
1023,150.81529996035823
1024,198.89742380446404
1025,216.06344007260714
1026,87.01077195131471
1027,200.5281482703546
1028,93.80031439742429
1029,21.91082469599536
1030,229.71612407178338
1031,238.95607778879676
1032,145.1758992267431
1033,195.87178361409687
1034,138.3400688905911
1035,152.07330746073455
1036,135.1069076846721
1037,244.7073848797244
1038,162.7928003766434
1039,196.04906381865248
1040,164.1341099039289
1041,210.16086120961762
1042,-17.022501658502943
1043,221.04966191298547
1044,161.28127419531273
1045,-18.701942652903046
1046,-21.85330684636026
1047,127.1761336217294
1048,168.50904104738106
1049,232.96909903915542
1050,251.63254782600035
1051,169.19239861984607
1052,268.6303277511039
1053,240.42317559563708
1054,190.29719110210772
1055,222.75592228184888
1056,137.12102090639263
1057,113.52011217168624
1058,219.66096995999277
1059,230.74369315188872
1060,182.375981508347
1061,155.06294004761224
1062,-21.05976625709743
1063,195.4026264815784
1064,175.0483462582032
1065,197.35317324722038
1066,233.25245706849208
1067,155.07339944291834
1068,232.22884238052006
1069,208.81989720547622
1070,221.10421598412654
1071,296.6164141892856
1072,183.4356357214659
1073,194.02497064420493
1074,133.39028163262742
1075,211.62722895139825
1076,209.22663272514586
1077,171.44599451594485
1078,241.54134499940787
1079,156.44731374260635
1080,263.7818417041908
1081,231.66263718090303
1082,220.7726061162732
1083,237.59140063884894
1084,232.52236871805823
1085,213.82523900462823
1086,269.29776540418464
1087,241.1274508756596
1088,23.34752588715739
1089,190.6026510299665
1090,228.18339872797807
1091,238.9975978434215
1092,172.36444396815202
1093,202.9441834346287
1094,237.1775092122737
1095,156.18700940321793
1096,205.9986494568792
1097,211.06521630770936
1098,203.3044009415657
1099,222.4268715001941
1100,218.3536409399351
1101,182.6292628199967
1102,138.63289220921985
1103,214.96622403364472
1104,205.21100933934997
1105,207.47911110612353
1106,82.42674667572678
1107,268.31987512385984
1108,223.9430037244379
1109,203.08137332851146
1110,235.02352264789613
1111,127.18233001929197
1112,187.85848153305687
1113,205.53802873223793
1114,197.6075549275389
1115,242.38887746383307
1116,254.0759986499008
1117,154.03651910755033
1118,175.22322615467144
1119,149.84959308393738
1120,209.4040382993175
1121,259.17988418970515
1122,178.09034126224063
1123,298.7690328975492
1124,291.4093999976377
1125,229.82446292875252
1126,-223.69194388016712
1127,173.09041251194284
1128,189.88750628712205
1129,147.66184422873226
1130,228.2738493724728
1131,214.15190193158884
1132,208.13033095531262
1133,203.3742007583176
1134,214.26595274934914
1135,208.52322817766273
1136,252.54730174512252
1137,240.4756605481225
1138,187.24107240595964
1139,196.35830133535734
1140,253.2053219706366
1141,219.71567539878004
1142,184.8737218956232
1143,279.0662455189662
1144,234.04349836391987
1145,226.8122049040976
1146,233.31329338404734
1147,183.05022153851647
1148,246.18519030187423
1149,266.7139692188646
1150,254.8349121245459
1151,288.6208572543302
1152,229.11241015721006
1153,79.53484373917306
1154,205.29641449130855
1155,229.72611497455077
1156,128.57182650133694
1157,245.09592682379704
1158,224.69665240991662
1159,191.47017795875686
1160,243.8203113638119
1161,268.6336426305447
1162,273.5835627501653
1163,208.6589826568669
1164,218.66073562210045
1165,262.34890057141325
1166,185.6136058438344
1167,197.8532075934461
1168,203.98683989834012
1169,217.87276086372387
1170,218.8916065084494
1171,185.83875306011387
1172,135.62257370582518
1173,261.187266327682
1174,267.6871742323952
1175,251.00054946465292
1176,77.23619405193226
1177,210.38912360205904
1178,170.52611497063901
1179,207.05657643214997
1180,-110.28628533710935
1181,181.54314722911369
1182,267.0818973329431
1183,231.64258392186386
1184,201.49999296415388
1185,219.82234845891293
1186,271.29851439679896
1187,190.20505094120537
1188,215.53318439802314
1189,208.07870736476738
1190,229.66725608460533
1191,-136.91390258783287
1192,212.31346198506566
1193,227.24642449536097
1194,244.06947973267418
1195,238.26129687370457
1196,236.45417498038057
1197,193.58121673902008
1198,205.78368012789764
1199,295.88579844459434
1200,171.50385637073884
1201,94.7930316612814
1202,222.55939951368907
1203,199.5370719460161
1204,265.28480906242834
1205,240.56018255381184
1206,222.66994159407437
1207,245.2568988314266
1208,242.02378221541136
1209,-169.6290746272583
1210,266.6197428340319
1211,248.2705135599709
1212,192.5662915653196
1213,231.9547383561122
1214,250.51109078971305
1215,24.81859615304765
1216,216.23200477573738
1217,211.60279648965567
1218,250.19604852880997
1219,46.50250050001512
1220,204.0525371264026
1221,254.02084914650464
1222,206.96411221959121
1223,261.6545367352927
1224,307.81024333142426
1225,227.57802593588355
1226,247.89341853299624
1227,197.80994280416388
1228,224.1082580116879
1229,60.35139491336383
1230,216.42710447136915
1231,195.90352031894707
1232,236.57207036800457
1233,248.38453129089714
1234,251.0240585326525
1235,190.14579659487833
1236,216.2264344419457
1237,212.69941608022117
1238,221.4406930852985
1239,199.9063262943312
1240,118.40497963286396
1241,59.85025813774044
1242,100.32457287058402
1243,213.9073156207358
1244,235.09821576326402
1245,28.270531417890197
1246,225.97232391292272
1247,241.85524393972497
1248,239.65815298755288
1249,-243.31604718194708
1250,-119.45470950999504
1251,246.93214339834915
1252,294.99088793970213
1253,227.19636860742753
1254,275.2876500936297
1255,227.77485489040436
1256,313.16370471501796
1257,271.93542953090116
1258,207.17065002728884
1259,220.26329282456226
1260,186.4033042091861
1261,218.30922112741956
1262,204.31728944657738
1263,207.607772649316
1264,244.94601041267475
1265,231.33472845701598
1266,264.57826863020034
1267,246.41879203151626
1268,274.5908916768641
1269,203.09618075011235
1270,208.57926993026095
1271,178.30734243842295
1272,235.14772294782793
1273,209.85938332181587
1274,232.02449888108063
1275,209.7054566387336
1276,247.12493267127033
1277,169.80070168788114
1278,226.87923876554265
1279,213.0476186984954
1280,233.23964535044576
1281,292.0881674873515
1282,254.56856593204634
1283,79.16529869121484
1284,199.73851668962737
1285,290.1435321531378
1286,207.79197321974138
1287,241.69240662891542
1288,261.3196088967886
1289,265.8690494785076
1290,208.8320709745684
1291,217.60237959790538
1292,208.85683342445265
1293,272.71046404073036
1294,206.49548338212568
1295,229.6876684290442
1296,243.2722133060018
1297,278.40681105323563
1298,224.16365990568178
1299,189.8585170468105
1300,89.14305915713956
1301,245.36030377940048
1302,198.48625165526573
1303,181.1606941491301
1304,199.9499467536316
1305,279.8253524788493
1306,230.2435977732304
1307,266.4192569882387
1308,67.51714614667637
1309,240.07283762289524
1310,317.75499180525446
1311,238.59180037822125
1312,229.63483693633668
1313,306.4641495905388
1314,220.1982666991196
1315,199.31241570176658
1316,253.45653159504585
1317,161.94511552036766
1318,180.92728651213787
1319,305.84774142854513
1320,238.92753008663433
1321,215.86714509402285
1322,170.01817306411345
1323,228.23652906337992
1324,212.28312181501616
1325,282.97608825796283
1326,215.57108477877122
1327,228.11804847903417
1328,208.2520809542648
1329,241.55635666669042
1330,230.359103583711
1331,172.76605254600412
1332,181.39685022648985
1333,280.42611551250747
1334,302.1784048049992
1335,231.56928515073085
1336,27.889642337496312
1337,245.95960711935132
1338,243.81006931789227
1339,247.98079490059118
1340,200.68735124464516
1341,306.2312787442037
1342,263.65653483657405
1343,163.40014661354653
1344,277.5194807572073
1345,237.99486083836445
1346,237.631896366333
1347,209.6642478308138
1348,305.8676083915725
1349,176.31050337394686
